   3.1000000e+00   6.6613400e-16
   2.6438500e+00   1.5967800e+00
   1.4305400e+00   2.7108100e+00
  -1.6238700e-01   3.0274700e+00
  -1.6623000e+00   2.4882000e+00
  -2.6565100e+00   1.2859300e+00
  -2.9053400e+00  -2.2043000e-01
  -2.3828100e+00  -1.6245800e+00
  -1.2526000e+00  -2.5774100e+00
   1.9058800e-01  -2.8545200e+00
   1.5883800e+00  -2.3898000e+00
   2.5871100e+00  -1.2871400e+00
   2.9114700e+00   1.8863200e-01
   2.4412300e+00   1.6540600e+00
   1.2688900e+00   2.6946800e+00
  -2.9650400e-01   2.9874400e+00
  -1.8029900e+00   2.4179300e+00
  -2.7953400e+00   1.1385100e+00
  -2.9709900e+00  -4.6904500e-01
  -2.2860900e+00  -1.9199600e+00
  -9.6515900e-01  -2.7911400e+00
   5.8670300e-01  -2.8554300e+00
   1.9255600e+00  -2.1350800e+00
   2.7027200e+00  -8.6640300e-01
   2.7455600e+00   5.9268000e-01
   2.0743500e+00   1.8665100e+00
   8.7359500e-01   2.6446700e+00
  -5.5715100e-01   2.7369600e+00
  -1.8611100e+00   2.1082900e+00
  -2.6938100e+00   8.9692800e-01
  -2.8070200e+00  -5.9591900e-01
  -2.1323000e+00  -1.9635200e+00
  -8.2915000e-01  -2.8018700e+00
   7.3774700e-01  -2.8419100e+00
   2.1024700e+00  -2.0532300e+00
   2.8517900e+00  -6.6822200e-01
   2.7673800e+00   8.9230200e-01
   1.8957100e+00   2.1638600e+00
   5.1870300e-01   2.7920000e+00
  -9.5436900e-01   2.6332300e+00
  -2.1213500e+00   1.7729300e+00
  -2.6947200e+00   4.7143000e-01
  -2.5553300e+00  -9.2407700e-01
  -1.7566800e+00  -2.0656300e+00
  -4.9998500e-01  -2.6723500e+00
   9.0573100e-01  -2.5827200e+00
   2.0997800e+00  -1.7957800e+00
   2.7487900e+00  -4.9200100e-01
   2.6423400e+00   9.8772900e-01
   1.7757500e+00   2.2214500e+00
   3.7829900e-01   2.8330200e+00
  -1.1417600e+00   2.6235600e+00
  -2.3265400e+00   1.6501200e+00
  -2.8240800e+00   2.1150100e-01
  -2.5049400e+00  -1.2561900e+00
  -1.4929200e+00  -2.3289900e+00
  -1.0485800e-01  -2.7264800e+00
   1.2642600e+00  -2.3778500e+00
   2.2588600e+00  -1.4130400e+00
   2.6440500e+00  -1.0242900e-01
   2.3411900e+00   1.2198800e+00
   1.4296900e+00   2.2269200e+00
   1.2947100e-01   2.6605200e+00
  -1.2348800e+00   2.3884000e+00
  -2.2974400e+00   1.4513000e+00
  -2.7441300e+00   7.8926200e-02
  -2.4160200e+00  -1.3508300e+00
  -1.3812000e+00  -2.4152300e+00
   6.6012600e-02  -2.7849800e+00
   1.4921600e+00  -2.3427400e+00
   2.4698000e+00  -1.2280300e+00
   2.7213000e+00   2.1352100e-01
   2.2020600e+00   1.5535600e+00
   1.0949700e+00   2.4219900e+00
  -2.6895600e-01   2.6094900e+00
  -1.5204400e+00   2.1030000e+00
  -2.3480500e+00   1.0611000e+00
  -2.5586900e+00  -2.4289200e-01
  -2.1050000e+00  -1.4847200e+00
  -1.0913500e+00  -2.3514700e+00
   2.3802600e-01  -2.6057000e+00
   1.5388800e+00  -2.1505400e+00
   2.4446100e+00  -1.0777300e+00
   2.6736600e+00   3.3103400e-01
   2.1319500e+00   1.6703500e+00
   9.6326100e-01   2.5354500e+00
  -4.8524000e-01   2.6609100e+00
  -1.7768300e+00   2.0148700e+00
  -2.5336100e+00   8.0665700e-01
  -2.5573100e+00  -5.9351800e-01
  -1.8767900e+00  -1.7839300e+00
  -7.1421700e-01  -2.4535500e+00
   6.0122000e-01  -2.4549800e+00
   1.7297700e+00  -1.8176200e+00
   2.3970800e+00  -7.1808000e-01
   2.4422100e+00   5.6804000e-01
   1.8454300e+00   1.7204600e+00
   7.4026700e-01   2.4363100e+00
  -5.9875800e-01   2.5027300e+00
  -1.8082600e+00   1.8681600e+00
  -2.5316400e+00   6.8278600e-01
  -2.5352900e+00  -7.2316900e-01
  -1.7996900e+00  -1.9324300e+00
  -5.3973200e-01  -2.5780000e+00
   8.6273400e-01  -2.4701000e+00
   1.9896300e+00  -1.6581600e+00
   2.5254600e+00  -4.0320600e-01
   2.3482300e+00   9.2123900e-01
   1.5443100e+00   1.9522700e+00
   3.5729400e-01   2.4357100e+00
  -8.9477000e-01   2.2737000e+00
  -1.8993300e+00   1.5257600e+00
  -2.4106100e+00   3.8217900e-01
  -2.2942200e+00  -8.7529100e-01
  -1.5601300e+00  -1.9251300e+00
  -3.7778700e-01  -2.4755400e+00
   9.4472900e-01  -2.3472300e+00
   2.0315500e+00  -1.5445500e+00
   2.5511600e+00  -2.7882400e-01
   2.3324200e+00   1.0815100e+00
   1.4336500e+00   2.1267300e+00
   1.2903400e-01   2.5449900e+00
  -1.1861300e+00   2.2266300e+00
  -2.1308100e+00   1.2909200e+00
  -2.4571300e+00   3.0273500e-02
  -2.1096200e+00  -1.1954800e+00
  -1.2152000e+00  -2.0670000e+00
  -2.5719300e-02  -2.3793000e+00
   1.1545000e+00  -2.0720400e+00
   2.0341100e+00  -1.2275800e+00
   2.3893000e+00  -5.1163000e-02
   2.1119400e+00   1.1638700e+00
   1.2480900e+00   2.0930300e+00
   9.3579100e-03   2.4623100e+00
  -1.2645100e+00   2.1378300e+00
  -2.1975900e+00   1.1879700e+00
  -2.5002500e+00  -1.1861300e-01
  -2.0740700e+00  -1.3914000e+00
  -1.0511500e+00  -2.2482500e+00
   2.5244200e-01  -2.4444400e+00
   1.4488000e+00  -1.9470700e+00
   2.2062700e+00  -9.2892400e-01
   2.3422500e+00   3.0517400e-01
   1.8542400e+00   1.4198200e+00
   8.9494700e-01   2.1373500e+00
  -2.8251100e-01   2.2920500e+00
  -1.3849300e+00   1.8521500e+00
  -2.1356700e+00   9.2135200e-01
  -2.3304600e+00  -2.7539800e-01
  -1.8923600e+00  -1.4291900e+00
  -9.1156300e-01  -2.2160900e+00
   3.5536700e-01  -2.3911400e+00
   1.5450600e+00  -1.8777600e+00
   2.2979500e+00  -8.1122900e-01
   2.3815200e+00   4.9302000e-01
   1.7739200e+00   1.6418800e+00
   6.6992400e-01   2.2980500e+00
  -5.9251200e-01   2.2887700e+00
  -1.6501200e+00   1.6478500e+00
  -2.2256700e+00   5.8361100e-01
  -2.1937000e+00  -6.0156200e-01
  -1.5906000e+00  -1.6005800e+00
  -5.8469100e-01  -2.1711400e+00
   5.7070700e-01  -2.1776900e+00
   1.5882400e+00  -1.6130900e+00
   2.2019200e+00  -6.0564900e-01
   2.2297700e+00   5.9461100e-01
   1.6344900e+00   1.6632500e+00
   5.5710400e-01   2.2858500e+00
  -7.0355200e-01   2.2600600e+00
  -1.7740600e+00   1.5753300e+00
  -2.3288100e+00   4.3009900e-01
  -2.2031500e+00  -8.2943200e-01
  -1.4483200e+00  -1.8272400e+00
  -3.0560500e-01  -2.2827300e+00
   8.8442200e-01  -2.0925700e+00
   1.7945100e+00  -1.3429600e+00
   2.2001100e+00  -2.6127700e-01
   2.0216200e+00   8.6138800e-01
   1.3227200e+00   1.7444400e+00
   2.8286400e-01   2.1731000e+00
  -8.4125900e-01   2.0363200e+00
  -1.7632100e+00   1.3528400e+00
  -2.2279700e+00   2.8137800e-01
  -2.0833500e+00  -8.9978500e-01
  -1.3409800e+00  -1.8561100e+00
  -1.9542200e-01  -2.2957600e+00
   1.0210800e+00  -2.0718800e+00
   1.9421900e+00  -1.2432200e+00
   2.2918900e+00  -6.1061500e-02
   1.9776700e+00   1.1166100e+00
   1.1138000e+00   1.9475600e+00
  -3.0231800e-02   2.2129100e+00
  -1.1269000e+00   1.8701200e+00
  -1.8896100e+00   1.0422700e+00
  -2.1397000e+00  -3.6494400e-02
  -1.8322200e+00  -1.0891900e+00
  -1.0510300e+00  -1.8563500e+00
   1.2681800e-02  -2.1443300e+00
   1.0939400e+00  -1.8657100e+00
   1.9052500e+00  -1.0703600e+00
   2.2079300e+00   4.6987300e-02
   1.8898700e+00   1.1810800e+00
   1.0189500e+00   1.9979200e+00
  -1.5981300e-01   2.2430700e+00
  -1.2948700e+00   1.8345100e+00
  -2.0448400e+00   8.9688400e-01
  -2.1942500e+00  -2.8108200e-01
  -1.7200000e+00  -1.3484000e+00
  -7.8478300e-01  -2.0080600e+00
   3.3106100e-01  -2.1010000e+00
   1.3231300e+00  -1.6332500e+00
   1.9440100e+00  -7.5107800e-01
   2.0518600e+00   3.1145100e-01
   1.6278500e+00   1.2893500e+00
   7.7402100e-01   1.9382500e+00
  -3.0264800e-01   2.0828700e+00
  -1.3251300e+00   1.6632600e+00
  -2.0074700e+00   7.6740000e-01
  -2.1369600e+00  -3.7119900e-01
  -1.6520200e+00  -1.4270800e+00
  -6.7960300e-01  -2.0811300e+00
   4.9392600e-01  -2.1299600e+00
   1.5149900e+00  -1.5600400e+00
   2.0827900e+00  -5.5225200e-01
   2.0470200e+00   5.8520500e-01
   1.4451000e+00   1.5241000e+00
   4.7184600e-01   2.0174700e+00
  -5.9527900e-01   1.9589000e+00
  -1.4788800e+00   1.3900200e+00
  -1.9651400e+00   4.7062400e-01
  -1.9404400e+00  -5.6669900e-01
  -1.4079200e+00  -1.4642700e+00
  -4.9030100e-01  -1.9887400e+00
   5.8486000e-01  -1.9850800e+00
   1.5281000e+00  -1.4279500e+00
   2.0625000e+00  -4.4949500e-01
   2.0131600e+00   6.8008000e-01
   1.3769700e+00   1.6268500e+00
   3.3688400e-01   2.1022000e+00
  -7.9348300e-01   1.9635800e+00
  -1.6761800e+00   1.2631200e+00
  -2.0618800e+00   2.2351100e-01
  -1.8633900e+00  -8.4503000e-01
  -1.1658100e+00  -1.6476000e+00
  -1.8093600e-01  -1.9859700e+00
   8.2507400e-01  -1.7961200e+00
   1.6004400e+00  -1.1444100e+00
   1.9577200e+00  -1.9956600e-01
   1.8059300e+00   8.0468900e-01
   1.1707000e+00   1.6133500e+00
   2.0040200e-01   2.0038400e+00
  -8.5375700e-01   1.8475600e+00
  -1.6942500e+00   1.1619500e+00
  -2.0645100e+00   1.2590800e-01
  -1.8389100e+00  -9.6117500e-01
  -1.0759100e+00  -1.7720100e+00
  -5.5278600e-03  -2.0625400e+00
   1.0482700e+00  -1.7551000e+00
   1.7783700e+00  -9.5868700e-01
   1.9916400e+00   7.8715200e-02
   1.6564200e+00   1.0592500e+00
   8.9134300e-01   1.7258400e+00
  -8.6325200e-02   1.9230000e+00
  -1.0246400e+00   1.6186800e+00
  -1.6926800e+00   8.9702600e-01
  -1.9232400e+00  -6.4146400e-02
  -1.6465800e+00  -1.0256300e+00
  -9.1514000e-01  -1.7329200e+00
   9.2036000e-02  -1.9784900e+00
   1.1008900e+00  -1.6690400e+00
   1.8149200e+00  -8.7133600e-01
   2.0109400e+00   1.9135800e-01
   1.6210600e+00   1.2028000e+00
   7.6255800e-01   1.8583000e+00
  -3.0111400e-01   1.9683300e+00
  -1.2526200e+00   1.5179500e+00
  -1.8261500e+00   6.5989600e-01
  -1.8833700e+00  -3.4832900e-01
  -1.4370800e+00  -1.2306600e+00
  -6.2676200e-01  -1.7667900e+00
   3.3144900e-01  -1.8356400e+00
   1.1981900e+00  -1.4290400e+00
   1.7578000e+00  -6.4660400e-01
   1.8603100e+00   3.2142100e-01
   1.4601400e+00   1.2267300e+00
   6.4258000e-01   1.8171700e+00
  -3.7999100e-01   1.9084100e+00
  -1.3162900e+00   1.4517000e+00
  -1.8833600e+00   5.6588800e-01
  -1.9036000e+00  -4.8927400e-01
  -1.3703500e+00  -1.3960100e+00
  -4.5124700e-01  -1.8862800e+00
   5.7289600e-01  -1.8295300e+00
   1.4057300e+00  -1.2656900e+00
   1.8274200e+00  -3.7650600e-01
   1.7480400e+00   5.8371400e-01
   1.2129700e+00   1.3645500e+00
   3.7340000e-01   1.7774700e+00
  -5.5733900e-01   1.7278000e+00
  -1.3482900e+00   1.2269300e+00
  -1.7950000e+00   3.9177700e-01
  -1.7658900e+00  -5.7068400e-01
  -1.2455900e+00  -1.4023700e+00
  -3.5765600e-01  -1.8596900e+00
   6.5374900e-01  -1.7918500e+00
   1.4902600e+00  -1.2017700e+00
   1.8963000e+00  -2.5794000e-01
   1.7487400e+00   7.5579100e-01
   1.0998400e+00   1.5359300e+00
   1.5482700e-01   1.8611000e+00
  -8.0399200e-01   1.6580700e+00
  -1.5110300e+00   1.0101200e+00
  -1.7914800e+00   1.1412300e-01
  -1.5945400e+00  -7.8678400e-01
  -9.8799300e-01  -1.4668100e+00
  -1.3011100e-01  -1.7625700e+00
   7.6646000e-01  -1.6002600e+00
   1.4748300e+00  -1.0108600e+00
   1.8010600e+00  -1.3277500e-01
   1.6370300e+00   8.0734900e-01
   1.0046900e+00   1.5451200e+00
   6.8366500e-02   1.8552800e+00
  -9.0233900e-01   1.6307300e+00
  -1.6152700e+00   9.2906500e-01
  -1.8548500e+00  -3.9360800e-02
  -1.5562800e+00  -9.8165200e-01
  -8.2303400e-01  -1.6223700e+00
   1.1696800e-01  -1.7913100e+00
   9.9307800e-01  -1.4658800e+00
   1.5748500e+00  -7.5981200e-01
   1.7271400e+00   1.2561400e-01
   1.4286800e+00   9.6140300e-01
   7.6291400e-01   1.5421600e+00
  -1.0504800e-01   1.7238300e+00
  -9.5937600e-01   1.4517200e+00
  -1.5749500e+00   7.7980200e-01
  -1.7716800e+00  -1.2746700e-01
  -1.4725100e+00  -1.0241900e+00
  -7.4260800e-01  -1.6473900e+00
   2.1476500e-01  -1.8015800e+00
   1.1153500e+00  -1.4310300e+00
   1.6874000e+00  -6.4579200e-01
   1.7644600e+00   3.1398200e-01
   1.3382900e+00   1.1616100e+00
   5.5191000e-01   1.6593800e+00
  -3.5845000e-01   1.6871800e+00
  -1.1426100e+00   1.2630900e+00
  -1.6045000e+00   5.1958700e-01
  -1.6411300e+00  -3.4400500e-01
  -1.2529800e+00  -1.1116000e+00
  -5.3665800e-01  -1.5930100e+00
   3.3313700e-01  -1.6603600e+00
   1.1339900e+00  -1.2802000e+00
   1.6437500e+00  -5.3474300e-01
   1.7030700e+00   3.8299800e-01
   1.2741000e+00   1.2125100e+00
   4.6787600e-01   1.7031400e+00
  -4.8018700e-01   1.7000600e+00
  -1.2847100e+00   1.2022400e+00
  -1.7070400e+00   3.6479500e-01
  -1.6340100e+00  -5.5668600e-01
  -1.1070800e+00  -1.2948300e+00
  -2.9546300e-01  -1.6540800e+00
   5.6801000e-01  -1.5587900e+00
   1.2574100e+00  -1.0568500e+00
   1.6066400e+00  -2.9083700e-01
   1.5373300e+00   5.4375200e-01
   1.0674300e+00   1.2400200e+00
   3.0791500e-01   1.6190600e+00
  -5.5308300e-01   1.5696800e+00
  -1.2856200e+00   1.0847400e+00
  -1.6756700e+00   2.7955500e-01
  -1.5936000e+00  -6.2539700e-01
  -1.0471800e+00  -1.3637300e+00
  -1.9137600e-01  -1.7093700e+00
   7.1710600e-01  -1.5561900e+00
   1.4059300e+00  -9.5603200e-01
   1.6787000e+00  -9.7712400e-02
   1.4742600e+00   7.6207400e-01
   8.7345500e-01   1.3843200e+00
   5.8959200e-02   1.6149800e+00
  -7.4731300e-01   1.4144700e+00
  -1.3429800e+00   8.5096700e-01
  -1.5858500e+00   7.2594300e-02
  -1.4168000e+00  -7.2730100e-01
  -8.7076300e-01  -1.3469800e+00
  -7.6671000e-02  -1.6177500e+00
   7.6113600e-01  -1.4491900e+00
   1.4079000e+00  -8.6671700e-01
   1.6661100e+00  -2.1122100e-02
   1.4448300e+00   8.4501200e-01
   8.0036000e-01   1.4711000e+00
  -7.5168500e-02   1.6669400e+00
  -9.1714000e-01   1.3787900e+00
  -1.4787200e+00   7.0456400e-01
  -1.6100500e+00  -1.4654800e-01
  -1.2961000e+00  -9.2882100e-01
  -6.4537300e-01  -1.4358000e+00
   1.5596200e-01  -1.5502400e+00
   8.9990800e-01  -1.2597400e+00
   1.4038900e+00  -6.4632200e-01
   1.5440800e+00   1.3696900e-01
   1.2785700e+00   8.9548800e-01
   6.6199200e-01   1.4302900e+00
  -1.5474200e-01   1.5854000e+00
  -9.5114000e-01   1.2977500e+00
  -1.4941800e+00   6.3053700e-01
  -1.6128800e+00  -2.3134500e-01
  -1.2619800e+00  -1.0325800e+00
  -5.4447400e-01  -1.5310100e+00
   3.2093100e-01  -1.5806200e+00
   1.0754500e+00  -1.1786700e+00
   1.5066500e+00  -4.5874100e-01
   1.5104200e+00   3.6269300e-01
   1.1088900e+00   1.0590800e+00
   4.2741700e-01   1.4560400e+00
  -3.5041300e-01   1.4662500e+00
  -1.0296300e+00   1.0972000e+00
  -1.4426700e+00   4.4201900e-01
  -1.4808600e+00  -3.3902100e-01
  -1.1209500e+00  -1.0468000e+00
  -4.4179900e-01  -1.4858400e+00
   3.8129900e-01  -1.5187100e+00
   1.1155200e+00  -1.1167900e+00
   1.5390600e+00  -3.8361100e-01
   1.5171700e+00   4.6761900e-01
   1.0534000e+00   1.1808200e+00
   2.9103200e-01   1.5437000e+00
  -5.3750600e-01   1.4583400e+00
  -1.1911600e+00   9.6698900e-01
  -1.4961200e+00   2.2684300e-01
  -1.3890600e+00  -5.4913500e-01
  -9.1932600e-01  -1.1572300e+00
  -2.2101000e-01  -1.4512600e+00
   5.2689500e-01  -1.3668400e+00
   1.1391600e+00  -9.2702400e-01
   1.4594100e+00  -2.3681000e-01
   1.3941600e+00   5.3290300e-01
   9.4301700e-01   1.1773900e+00
   2.1340100e-01   1.5088400e+00
  -5.9572000e-01   1.4161300e+00
  -1.2467000e+00   9.1091900e-01
  -1.5397800e+00   1.3553400e-01
  -1.3837600e+00  -6.7804500e-01
  -8.2950800e-01  -1.2856300e+00
  -5.0558600e-02  -1.5131300e+00
   7.1990400e-01  -1.3098100e+00
   1.2669300e+00  -7.5363000e-01
   1.4549100e+00  -1.3800300e-02
   1.2537100e+00   7.0731500e-01
   7.3108500e-01   1.2284100e+00
   2.5346400e-02   1.4259400e+00
  -6.8781000e-01   1.2532600e+00
  -1.2291400e+00   7.4814600e-01
  -1.4521300e+00   3.0486700e-02
  -1.2817200e+00  -7.1557900e-01
  -7.4583300e-01  -1.2817900e+00
   1.7291200e-02  -1.4952000e+00
   7.8952800e-01  -1.2789700e+00
   1.3386500e+00  -6.8770000e-01
   1.4970200e+00   1.0325600e-01
   1.2204500e+00   8.5503800e-01
   6.0125300e-01   1.3466200e+00
  -1.6880600e-01   1.4461800e+00
  -8.6681000e-01   1.1449400e+00
  -1.3079100e+00   5.4597800e-01
  -1.3905600e+00  -1.7876000e-01
  -1.1096600e+00  -8.4048500e-01
  -5.4514800e-01  -1.2770000e+00
   1.6128700e-01  -1.3821800e+00
   8.3420400e-01  -1.1248400e+00
   1.2979400e+00  -5.5962300e-01
   1.4177200e+00   1.7512800e-01
   1.1424700e+00   8.8182600e-01
   5.3313900e-01   1.3541900e+00
  -2.4223300e-01   1.4429200e+00
  -9.5449100e-01   1.1117100e+00
  -1.3880400e+00   4.5673200e-01
  -1.4149500e+00  -3.2302600e-01
  -1.0369600e+00  -9.9415000e-01
  -3.7854700e-01  -1.3669200e+00
   3.6214600e-01  -1.3512700e+00
   9.8010000e-01  -9.7234500e-01
   1.3203400e+00  -3.4836400e-01
   1.3091200e+00   3.5178300e-01
   9.5949400e-01   9.5226800e-01
   3.6077500e-01   1.3056100e+00
  -3.4012700e-01   1.3198200e+00
  -9.6505000e-01   9.8013800e-01
  -1.3421800e+00   3.6189700e-01
  -1.3532800e+00  -3.7581600e-01
  -9.7756100e-01  -1.0250700e+00
  -3.1136600e-01  -1.3897900e+00
   4.5238100e-01  -1.3529500e+00
   1.0840600e+00  -9.2173200e-01
   1.3949900e+00  -2.2831600e-01
   1.3006200e+00   5.1614000e-01
   8.4336500e-01   1.0944800e+00
   1.6899600e-01   1.3523100e+00
  -5.2790500e-01   1.2369100e+00
  -1.0637700e+00   7.9830500e-01
  -1.3100500e+00   1.6222900e-01
  -1.2143300e+00  -5.0757800e-01
  -8.0356200e-01  -1.0453600e+00
  -1.7678500e-01  -1.3146500e+00
   5.1085400e-01  -1.2372500e+00
   1.0772000e+00  -8.1827900e-01
   1.3577000e+00  -1.5761800e-01
   1.2573900e+00   5.6529400e-01
   7.9094200e-01   1.1386300e+00
   8.8956000e-02   1.3860600e+00
  -6.3910800e-01   1.2294400e+00
  -1.1744600e+00   7.1831500e-01
  -1.3629600e+00   1.1957100e-02
  -1.1627800e+00  -6.7799200e-01
  -6.4870400e-01  -1.1583500e+00
   2.2790600e-02  -1.3098500e+00
   6.6732500e-01  -1.1103000e+00
   1.1225700e+00  -6.2634800e-01
   1.2813500e+00   1.3092700e-02
   1.1075900e+00   6.4847800e-01
   6.4097600e-01   1.1206400e+00
  -7.1798800e-03   1.3026100e+00
  -6.7104400e-01   1.1325300e+00
  -1.1660200e+00   6.4006400e-01
  -1.3409000e+00  -4.8153300e-02
  -1.1310800e+00  -7.3613700e-01
  -5.8922200e-01  -1.2171000e+00
   1.2480700e-01  -1.3435000e+00
   7.9556100e-01  -1.0793100e+00
   1.2252700e+00  -5.1130500e-01
   1.2981100e+00   1.8491300e-01
   1.0104400e+00   8.0728900e-01
   4.5980700e-01   1.1904300e+00
  -1.9521400e-01   1.2465300e+00
  -7.8337800e-01   9.7643000e-01
  -1.1606900e+00   4.5752400e-01
  -1.2364300e+00  -1.7919600e-01
  -9.8846500e-01  -7.7568400e-01
  -4.7084000e-01  -1.1769800e+00
   1.8972600e-01  -1.2669000e+00
   8.1628600e-01  -1.0046300e+00
   1.2264000e+00  -4.4865300e-01
   1.2899500e+00   2.4840500e-01
   9.7824300e-01   8.8103600e-01
   3.8090500e-01   1.2574600e+00
  -3.2118300e-01   1.2657600e+00
  -9.1765200e-01   9.1124900e-01
  -1.2392100e+00   3.0969800e-01
  -1.2080800e+00  -3.5773900e-01
  -8.5153900e-01  -9.0566300e-01
  -2.8076200e-01  -1.1964200e+00
   3.4906800e-01  -1.1680300e+00
   8.7947600e-01  -8.3787800e-01
   1.1807700e+00  -2.9123300e-01
   1.1754400e+00   3.3735800e-01
   8.5575400e-01   8.8857500e-01
   2.9340000e-01   1.2115800e+00
  -3.6733200e-01   1.2049600e+00
  -9.4088400e-01   8.5446500e-01
  -1.2541100e+00   2.4961400e-01
  -1.2055800e+00  -4.3515300e-01
  -8.0536600e-01  -9.9410300e-01
  -1.7519800e-01  -1.2596900e+00
   4.9324400e-01  -1.1591100e+00
   1.0044700e+00  -7.3438300e-01
   1.2214600e+00  -1.2047400e-01
   1.1006300e+00   5.0500500e-01
   6.9192500e-01   9.7673900e-01
   1.1300700e-01   1.1818000e+00
  -4.8647900e-01   1.0780000e+00
  -9.5828000e-01   6.9512800e-01
  -1.1834800e+00   1.2636400e-01
  -1.0970900e+00  -4.8753200e-01
  -7.0862100e-01  -9.8461500e-01
  -1.1082100e-01  -1.2208800e+00
   5.3459600e-01  -1.1154900e+00
   1.0389600e+00  -6.8542300e-01
   1.2468200e+00  -5.0365400e-02
   1.0914200e+00   6.0069700e-01
   6.2071100e-01   1.0718900e+00
  -1.9322000e-02   1.2268500e+00
  -6.3674600e-01   1.0314100e+00
  -1.0580600e+00   5.5694600e-01
  -1.1784800e+00  -5.2066700e-02
  -9.8244200e-01  -6.2777400e-01
  -5.3498000e-01  -1.0249200e+00
   4.3998200e-02  -1.1506800e+00
   6.0969500e-01  -9.7792300e-01
   1.0208800e+00  -5.4745000e-01
   1.1677200e+00   3.7554000e-02
   9.9971200e-01   6.2781700e-01
   5.4765700e-01   1.0598500e+00
  -7.2579800e-02   1.2017000e+00
  -6.8501800e-01   9.9932100e-01
  -1.1056900e+00   5.0327000e-01
  -1.2048900e+00  -1.4084700e-01
  -9.5358100e-01  -7.3885300e-01
  -4.3312200e-01  -1.1139200e+00
   1.9588200e-01  -1.1644300e+00
   7.5042600e-01  -8.9086900e-01
   1.0826100e+00  -3.8525000e-01
   1.1166900e+00   2.0636600e-01
   8.5825100e-01   7.2875800e-01
   3.8179700e-01   1.0541800e+00
  -1.9173100e-01   1.1053200e+00
  -7.2002900e-01   8.6759200e-01
  -1.0665300e+00   3.9399900e-01
  -1.1313200e+00  -1.9948800e-01
  -8.8235700e-01  -7.5450400e-01
  -3.7551600e-01  -1.1098700e+00
   2.5070300e-01  -1.1523600e+00
   8.1212300e-01  -8.5979700e-01
   1.1383000e+00  -3.1552400e-01
   1.1314900e+00   3.1618400e-01
   7.9983000e-01   8.4587200e-01
   2.5075600e-01   1.1225900e+00
  -3.5026600e-01   1.0793200e+00
  -8.3569900e-01   7.4475300e-01
  -1.0833700e+00   2.2314000e-01
  -1.0414300e+00  -3.4308300e-01
  -7.3057600e-01  -8.1115700e-01
  -2.3189900e-01  -1.0671500e+00
   3.3148500e-01  -1.0460800e+00
   8.1718900e-01  -7.4598900e-01
   1.0929500e+00  -2.3486200e-01
   1.0720600e+00   3.5651700e-01
   7.4573600e-01   8.6267500e-01
   1.9700900e-01   1.1308800e+00
  -4.1650700e-01   1.0734400e+00
  -9.1062800e-01   7.0262200e-01
  -1.1367200e+00   1.3040800e-01
  -1.0322200e+00  -4.6936600e-01
  -6.3840600e-01  -9.2084900e-01
  -8.0008800e-02  -1.1025200e+00
   4.8100500e-01  -9.7863000e-01
   8.9584700e-01  -5.9852400e-01
   1.0654100e+00  -7.2038600e-02
   9.5621500e-01   4.6416800e-01
   6.0000900e-01   8.7757500e-01
   8.4250200e-02   1.0647100e+00
  -4.6343200e-01   9.7197400e-01
  -8.9916100e-01   6.1233600e-01
  -1.0971100e+00   7.1792700e-02
  -9.8875000e-01  -5.0400900e-01
  -5.9273000e-01  -9.4717100e-01
  -1.8644300e-02  -1.1207900e+00
   5.6313200e-01  -9.6807600e-01
   9.7738200e-01  -5.3514000e-01
   1.1035800e+00   4.4350800e-02
   9.1411900e-01   5.9648900e-01
   4.7681600e-01   9.6555900e-01
  -7.5119400e-02   1.0596000e+00
  -5.8900700e-01   8.6854100e-01
  -9.3493700e-01   4.5539900e-01
  -1.0326800e+00  -6.8482200e-02
  -8.6259700e-01  -5.7177500e-01
  -4.6596000e-01  -9.2924800e-01
   6.1705000e-02  -1.0461100e+00
   5.8611200e-01  -8.8157300e-01
   9.6260800e-01  -4.6704700e-01
   1.0762000e+00   9.1541700e-02
   8.8202500e-01   6.3629100e-01
   4.2836800e-01   1.0036800e+00
  -1.5226400e-01   1.0798200e+00
  -6.8500200e-01   8.4166900e-01
  -1.0118700e+00   3.6528900e-01
  -1.0438000e+00  -2.0258500e-01
  -7.8463800e-01  -6.9633000e-01
  -3.2087900e-01  -9.8378400e-01
   2.1311500e-01  -9.9972700e-01
   6.7673800e-01  -7.5351200e-01
   9.5672800e-01  -3.1650000e-01
   9.8744700e-01   1.9978800e-01
   7.6055100e-01   6.6728700e-01
   3.2763900e-01   9.6576200e-01
  -2.0523400e-01   1.0095300e+00
  -6.9642700e-01   7.7400000e-01
  -1.0036900e+00   3.1234100e-01
  -1.0287000e+00  -2.4984500e-01
  -7.5477200e-01  -7.4763100e-01
  -2.5929000e-01  -1.0296800e+00
   3.0869200e-01  -1.0107500e+00
   7.7868400e-01  -7.0115900e-01
   1.0161900e+00  -2.0045300e-01
   9.6361200e-01   3.4039900e-01
   6.5044600e-01   7.7010800e-01
   1.7420200e-01   9.8031000e-01
  -3.3452000e-01   9.2790100e-01
  -7.4719100e-01   6.3600000e-01
  -9.6382300e-01   1.8145600e-01
  -9.3025400e-01  -3.2316600e-01
  -6.4922600e-01  -7.5068600e-01
  -1.8500600e-01  -9.8528400e-01
   3.4393300e-01  -9.5307100e-01
   7.9014300e-01  -6.4979500e-01
   1.0190600e+00  -1.5236400e-01
   9.5503400e-01   3.9692000e-01
   6.1199600e-01   8.3329600e-01
   9.2826900e-02   1.0250200e+00
  -4.4495700e-01   9.1851400e-01
  -8.4328700e-01   5.5397400e-01
  -9.9448700e-01   4.6485400e-02
  -8.6948900e-01  -4.5638000e-01
  -5.1661500e-01  -8.2079100e-01
  -3.8181700e-02  -9.5986000e-01
   4.4111800e-01  -8.4749400e-01
   8.0289000e-01  -5.1667800e-01
   9.5725000e-01  -4.9305900e-02
   8.6036900e-01   4.3896200e-01
   5.2790000e-01   8.2039700e-01
   3.9464700e-02   9.8522400e-01
  -4.7384500e-01   8.7562300e-01
  -8.6273700e-01   5.1140500e-01
  -1.0068000e+00  -7.1844500e-03
  -8.5792200e-01  -5.2666000e-01
  -4.6021700e-01  -8.9040800e-01
   6.4062800e-02  -9.9202299e-01
   5.5747200e-01  -8.0946500e-01
   8.8035300e-01  -4.0694600e-01
   9.5208300e-01   9.2897700e-02
   7.6714200e-01   5.5129500e-01
   3.8620100e-01   8.5212700e-01
  -8.7512800e-02   9.2618800e-01
  -5.3496000e-01   7.6010300e-01
  -8.4517600e-01   3.9507900e-01
  -9.3653300e-01  -8.0564500e-02
  -7.7657200e-01  -5.4608700e-01
  -3.9684500e-01  -8.7361800e-01
   1.0588300e-01  -9.6313799e-01
   5.9002500e-01  -7.7768500e-01
   9.1036600e-01  -3.6320600e-01
   9.6705899e-01   1.5982400e-01
   7.4213200e-01   6.3404600e-01
   3.0654800e-01   9.1843900e-01
  -2.0577200e-01   9.3504299e-01
  -6.4505700e-01   6.9033700e-01
  -8.9328100e-01   2.6543100e-01
  -8.9442300e-01  -2.1623600e-01
  -6.6076100e-01  -6.2738200e-01
  -2.6033600e-01  -8.6765800e-01
   2.0413800e-01  -8.8154700e-01
   6.1746900e-01  -6.6584400e-01
   8.7390700e-01  -2.7046800e-01
   9.0020600e-01   2.0767200e-01
   6.7805800e-01   6.4197300e-01
   2.5790100e-01   9.0702499e-01
  -2.4644800e-01   9.1762399e-01
  -6.8741200e-01   6.6173000e-01
  -9.3073799e-01   2.1105200e-01
  -9.0223099e-01  -2.9927200e-01
  -6.1385500e-01  -7.1593700e-01
  -1.5767000e-01  -9.1920799e-01
   3.2870800e-01  -8.5970500e-01
   7.0876100e-01  -5.6723900e-01
   8.8644099e-01  -1.3280700e-01
   8.2615500e-01   3.2396700e-01
   5.5272600e-01   6.8743100e-01
   1.3874300e-01   8.6992999e-01
  -3.1295800e-01   8.2662000e-01
  -6.8884600e-01   5.6401700e-01
  -8.8763199e-01   1.4270700e-01
  -8.4660300e-01  -3.3005600e-01
  -5.6522600e-01  -7.2298500e-01
  -1.1463400e-01  -9.1766199e-01
   3.7678800e-01  -8.4900400e-01
   7.6176700e-01  -5.3214300e-01
   9.2365599e-01  -6.1474900e-02
   8.1669900e-01   4.2038700e-01
   4.7977900e-01   7.7146400e-01
   1.8930200e-02   8.9642799e-01
  -4.3151700e-01   7.7191700e-01
  -7.5126100e-01   4.4487600e-01
  -8.6421199e-01   1.0435400e-02
  -7.5050500e-01  -4.1772000e-01
  -4.4377100e-01  -7.3387400e-01
  -2.0534100e-02  -8.6008199e-01
   4.1445600e-01  -7.6089000e-01
   7.4789000e-01  -4.5395500e-01
   8.8415899e-01  -1.2902300e-02
   7.7472600e-01   4.4434900e-01
   4.4014600e-01   7.8516500e-01
  -2.7974000e-02   9.0378599e-01
  -4.9147000e-01   7.5961900e-01
  -8.1047000e-01   3.9470600e-01
  -8.9113099e-01  -7.9269400e-02
  -7.1615400e-01  -5.1988100e-01
  -3.4611700e-01  -8.0196400e-01
   1.0622500e-01  -8.5491999e-01
   5.1484200e-01  -6.7693900e-01
   7.7600500e-01  -3.2613900e-01
   8.3014599e-01   1.0193100e-01
   6.6908500e-01   4.9943500e-01
   3.3353600e-01   7.6811900e-01
  -9.4942499e-02   8.3787799e-01
  -5.0785300e-01   6.8332500e-01
  -7.9226399e-01   3.3581300e-01
  -8.6134799e-01  -1.1633400e-01
  -6.8494500e-01  -5.4625200e-01
  -3.0661800e-01  -8.2509699e-01
   1.6419000e-01  -8.6546199e-01
   5.8598400e-01  -6.5367100e-01
   8.3298199e-01  -2.5578700e-01
   8.3704199e-01   2.0608900e-01
   6.0669100e-01   5.9662200e-01
   2.1779000e-01   8.1048499e-01
  -2.1639300e-01   7.9967899e-01
  -5.8071100e-01   5.7869700e-01
  -7.8631799e-01   2.1215700e-01
  -7.8646399e-01  -2.0544400e-01
  -5.8212700e-01  -5.7055100e-01
  -2.2134200e-01  -7.9024699e-01
   2.0740900e-01  -8.0213099e-01
   5.9103500e-01  -5.9318900e-01
   8.1909799e-01  -2.1111000e-01
   8.1792899e-01   2.4103800e-01
   5.7937700e-01   6.3130100e-01
   1.6979600e-01   8.4069899e-01
  -2.8839800e-01   8.0477099e-01
  -6.5746100e-01   5.3667800e-01
  -8.3088399e-01   1.2142200e-01
  -7.6645499e-01  -3.1567500e-01
  -4.9389800e-01  -6.5150700e-01
  -9.7952299e-02  -8.0101199e-01
   3.1192200e-01  -7.3502999e-01
   6.3171500e-01  -4.7948500e-01
   7.8467199e-01  -1.0273800e-01
   7.3395599e-01   3.0133400e-01
   4.8906600e-01   6.3144100e-01
   1.0697400e-01   7.9913199e-01
  -3.1528300e-01   7.5140899e-01
  -6.6089600e-01   4.9076300e-01
  -8.2578599e-01   8.2899999e-02
  -7.5412599e-01  -3.5643400e-01
  -4.6185700e-01  -6.9570600e-01
  -3.5492600e-02  -8.3173599e-01
   3.9595700e-01  -7.2559099e-01
   7.0506000e-01  -4.1465600e-01
   8.0749299e-01   3.5081400e-03
   6.8474600e-01   4.0673400e-01
   3.8212600e-01   6.8694800e-01
  -1.2075100e-02   7.7759499e-01
  -3.9429400e-01   6.6404300e-01
  -6.7018500e-01   3.8007700e-01
  -7.7228299e-01  -2.9379900e-03
  -6.7228400e-01  -3.9018500e-01
  -3.8928800e-01  -6.8122300e-01
   8.7128599e-03  -7.9292899e-01
   4.1571200e-01  -6.8480400e-01
   7.1397999e-01  -3.7779200e-01
   8.1074799e-01   4.4468000e-02
   6.7195600e-01   4.5769900e-01
   3.3750700e-01   7.3708399e-01
  -9.0674399e-02   7.9995199e-01
  -4.8385300e-01   6.3301700e-01
  -7.2993199e-01   2.9324800e-01
  -7.6716899e-01  -1.1581500e-01
  -5.9675600e-01  -4.7980300e-01
  -2.7410500e-01  -7.0610999e-01
   1.1246800e-01  -7.4358399e-01
   4.6533500e-01  -5.8832300e-01
   6.9756399e-01  -2.8020600e-01
   7.4910899e-01   1.0554200e-01
   6.0058500e-01   4.7147700e-01
   2.8285300e-01   7.1795999e-01
  -1.2352900e-01   7.6977199e-01
  -5.0496700e-01   6.0258400e-01
  -7.4725399e-01   2.5757000e-01
  -7.7398699e-01  -1.6592900e-01
  -5.7511600e-01  -5.4078400e-01
  -2.1202100e-01  -7.5489699e-01
   2.0408600e-01  -7.4879499e-01
   5.5100700e-01  -5.3255900e-01
   7.3481099e-01  -1.7696800e-01
   7.1448999e-01   2.1415600e-01
   5.0615500e-01   5.3671500e-01
   1.7095200e-01   7.1210399e-01
  -2.0427600e-01   7.0114799e-01
  -5.2648100e-01   5.0819700e-01
  -7.1411399e-01   1.7924800e-01
  -7.1420999e-01  -2.0496400e-01
  -5.1818600e-01  -5.4349000e-01
  -1.7100500e-01  -7.3918399e-01
   2.3406100e-01  -7.2850899e-01
   5.7911700e-01  -5.0655400e-01
   7.5882899e-01  -1.3462700e-01
   7.1730199e-01   2.7647100e-01
   4.6851700e-01   6.0307300e-01
   9.0844599e-02   7.5051299e-01
  -3.0170000e-01   6.8282199e-01
  -5.9818200e-01   4.2931800e-01
  -7.2332499e-01   6.8756699e-02
  -6.5347099e-01  -2.9880200e-01
  -4.1514000e-01  -5.7986900e-01
  -7.2541899e-02  -7.0731199e-01
   2.8868900e-01  -6.5115699e-01
   5.7824100e-01  -4.2321600e-01
   7.1898499e-01  -7.6933899e-02
   6.6635599e-01   2.9994600e-01
   4.2527300e-01   6.0357700e-01
   5.6354200e-02   7.4260099e-01
  -3.3612300e-01   6.6928799e-01
  -6.3477899e-01   4.0006400e-01
  -7.4844499e-01   1.4127900e-02
  -6.4411999e-01  -3.7190700e-01
  -3.5756600e-01  -6.4375299e-01
   2.1572600e-02  -7.2689099e-01
   3.8228600e-01  -6.0691799e-01
   6.2754599e-01  -3.2731600e-01
   6.9920999e-01   3.0112900e-02
   5.8701900e-01   3.7109600e-01
   3.2451400e-01   6.1148599e-01
  -2.1873100e-02   6.9300199e-01
  -3.6636400e-01   5.9342500e-01
  -6.1999699e-01   3.3281800e-01
  -7.1063499e-01  -2.6095400e-02
  -6.0472599e-01  -3.8808000e-01
  -3.2331100e-01  -6.4872699e-01
   5.7313400e-02  -7.2678299e-01
   4.2544400e-01  -5.9384099e-01
   6.6978899e-01  -2.8764200e-01
   7.1760999e-01   9.8887399e-02
   5.5899800e-01   4.4948100e-01
   2.4738000e-01   6.6381799e-01
  -1.2228400e-01   6.8797199e-01
  -4.4628700e-01   5.2553300e-01
  -6.4200099e-01   2.2912000e-01
  -6.6561499e-01  -1.1975400e-01
  -5.1671900e-01  -4.3275400e-01
  -2.3408900e-01  -6.3302399e-01
   1.1297400e-01  -6.6929099e-01
   4.3699600e-01  -5.2723100e-01
   6.5015699e-01  -2.3699000e-01
   6.8743899e-01   1.2801500e-01
   5.2950100e-01   4.6614200e-01
   2.1514600e-01   6.7625399e-01
  -1.6552900e-01   6.9168199e-01
  -4.9838900e-01   5.0541500e-01
  -6.8361499e-01   1.7437700e-01
  -6.6938499e-01  -2.0023400e-01
  -4.6691300e-01  -5.0816600e-01
  -1.4209600e-01  -6.6571199e-01
   2.1001100e-01  -6.3794199e-01
   4.9535500e-01  -4.4208800e-01
   6.4444699e-01  -1.3582500e-01
   6.2464599e-01   2.0112200e-01
   4.4297300e-01   4.8518900e-01
   1.4329500e-01   6.4488499e-01
  -2.0078300e-01   6.3544499e-01
  -4.9920000e-01   4.5196900e-01
  -6.6660999e-01   1.3673900e-01
  -6.4836099e-01  -2.2589200e-01
  -4.4222000e-01  -5.3067400e-01
  -1.0475600e-01  -6.8444799e-01
   2.6382500e-01  -6.3885199e-01
   5.5257799e-01  -4.0837800e-01
   6.7743899e-01  -6.5175799e-02
   6.0786399e-01   2.8711800e-01
   3.7251500e-01   5.4860899e-01
   4.4447200e-02   6.5273299e-01
  -2.8495600e-01   5.8052099e-01
  -5.3170900e-01   3.5867800e-01
  -6.3716899e-01   4.7367100e-02
  -5.7722499e-01  -2.7535500e-01
  -3.6543200e-01  -5.2901200e-01
  -5.1820100e-02  -6.4645499e-01
   2.8431900e-01  -5.9041799e-01
   5.5073199e-01  -3.6774400e-01
   6.6734099e-01  -3.4288100e-02
   5.9348199e-01   3.1606900e-01
   3.4580000e-01   5.7866399e-01
  -3.2767800e-03   6.7302899e-01
  -3.4842800e-01   5.7131699e-01
  -5.8723099e-01   3.0758300e-01
  -6.5389399e-01  -3.5910400e-02
  -5.3748099e-01  -3.5837500e-01
  -2.7951300e-01  -5.7275599e-01
   4.4343200e-02  -6.2832299e-01
   3.4833500e-01  -5.1845300e-01
   5.5745299e-01  -2.7612100e-01
   6.2145999e-01   3.6936500e-02
   5.2329199e-01   3.4316400e-01
   2.8358400e-01   5.6382699e-01
  -3.9868800e-02   6.3645099e-01
  -3.6155900e-01   5.3346799e-01
  -5.8897599e-01   2.7578100e-01
  -6.5105899e-01  -6.7072699e-02
  -5.2428599e-01  -3.9476400e-01
  -2.4424200e-01  -6.0814799e-01
   1.0443500e-01  -6.4329999e-01
   4.1682200e-01  -4.9314700e-01
   6.0320099e-01  -2.0766200e-01
   6.1654199e-01   1.2616400e-01
   4.6231900e-01   4.1436400e-01
   1.9031500e-01   5.8325999e-01
  -1.2433500e-01   5.9543299e-01
  -4.0175200e-01   4.5329000e-01
  -5.7404099e-01   1.9429900e-01
  -5.9756599e-01  -1.1776300e-01
  -4.6225600e-01  -4.0441900e-01
  -1.9735800e-01  -5.8834199e-01
   1.3026300e-01  -6.1346899e-01
   4.2972400e-01  -4.6470900e-01
   6.1155599e-01  -1.7853300e-01
   6.1767999e-01   1.6340700e-01
   4.4362300e-01   4.5872200e-01
   1.4208500e-01   6.1860399e-01
  -1.9493200e-01   5.9797399e-01
  -4.6803200e-01   4.0883200e-01
  -6.0267199e-01   1.1240500e-01
  -5.6920199e-01  -2.0437000e-01
  -3.8556000e-01  -4.5657300e-01
  -1.0598900e-01  -5.8281999e-01
   1.9639500e-01  -5.5609099e-01
   4.4658600e-01  -3.8549100e-01
   5.8198299e-01  -1.1269100e-01
   5.6493199e-01   1.9524200e-01
   3.9356800e-01   4.5802000e-01
   1.0756300e-01   6.0075499e-01
  -2.1685000e-01   5.7657399e-01
  -4.8578099e-01   3.8544200e-01
  -6.1692499e-01   7.9487099e-02
  -5.6853999e-01  -2.5073600e-01
  -3.5537100e-01  -5.0577699e-01
  -4.3748900e-02  -6.1105099e-01
   2.7220600e-01  -5.4072399e-01
   5.0260499e-01  -3.2260600e-01
   5.8863699e-01  -2.4346300e-02
   5.1531399e-01   2.7067400e-01
   3.0919500e-01   4.8704799e-01
   2.6521300e-02   5.7361499e-01
  -2.6160800e-01   5.1125599e-01
  -4.8352299e-01   3.1479100e-01
  -5.8086199e-01   3.0959700e-02
  -5.2266899e-01  -2.6862400e-01
  -3.1727200e-01  -5.0207599e-01
  -1.6080800e-02  -5.9929999e-01
   2.9644100e-01  -5.2579499e-01
   5.2704599e-01  -2.9820700e-01
   6.0479399e-01   1.7295000e-02
   5.0630499e-01   3.2566700e-01
   2.6387900e-01   5.3518899e-01
  -4.7084599e-02   5.8783299e-01
  -3.3515800e-01   4.7557199e-01
  -5.2228299e-01   2.3788500e-01
  -5.6425899e-01  -5.5344299e-02
  -4.5746099e-01  -3.2617200e-01
  -2.3404600e-01  -5.0777399e-01
   4.8708099e-02  -5.5694499e-01
   3.2071600e-01  -4.6096999e-01
   5.1235099e-01  -2.4073100e-01
   5.6962499e-01   5.0575899e-02
   4.7011099e-01   3.3622300e-01
   2.3438300e-01   5.3431899e-01
  -7.4233099e-02   5.8281599e-01
  -3.6569100e-01   4.6240199e-01
  -5.5174299e-01   2.0653400e-01
  -5.7628399e-01  -1.0777100e-01
  -4.3460700e-01  -3.8590200e-01
  -1.7334200e-01  -5.4768299e-01
   1.2791200e-01  -5.5215899e-01
   3.8407500e-01  -4.0625800e-01
   5.2948999e-01  -1.5692200e-01
   5.3229899e-01   1.2668100e-01
   3.9715100e-01   3.7236000e-01
   1.6005200e-01   5.2018399e-01
  -1.2036400e-01   5.3315799e-01
  -3.7373000e-01   4.0475400e-01
  -5.3203399e-01   1.6319300e-01
  -5.4705799e-01  -1.3067700e-01
  -4.0731700e-01  -3.9564800e-01
  -1.4701300e-01  -5.5264999e-01
   1.5991800e-01  -5.5118899e-01
   4.2169000e-01  -3.8889000e-01
   5.5936499e-01  -1.1446600e-01
   5.3379899e-01   1.8851800e-01
   3.5749100e-01   4.3052200e-01
   8.7219299e-02   5.4521099e-01
  -1.9758300e-01   5.0751199e-01
  -4.2029400e-01   3.3573300e-01
  -5.2672999e-01   8.0749999e-02
  -4.9469899e-01  -1.9045000e-01
  -3.3488400e-01  -4.1057200e-01
  -8.6742799e-02  -5.2487299e-01
   1.8866200e-01  -5.0184799e-01
   4.1979700e-01  -3.4211500e-01
   5.4104099e-01  -8.2815099e-02
   5.1231999e-01   2.0720100e-01
   3.3538500e-01   4.4424199e-01
   5.8210699e-02   5.5567599e-01
  -2.3743500e-01   5.0556499e-01
  -4.6247199e-01   3.0869800e-01
  -5.5078699e-01   2.5978800e-02
  -4.8062899e-01  -2.5719200e-01
  -2.7880600e-01  -4.5998299e-01
  -7.8615499e-03  -5.3048099e-01
   2.5619400e-01  -4.5706699e-01
   4.4569499e-01  -2.6588500e-01
   5.1607099e-01  -9.3986699e-03
   4.5243399e-01   2.4767500e-01
   2.7047100e-01   4.4154699e-01
   1.3763000e-02   5.2158599e-01
  -2.5304500e-01   4.6226899e-01
  -4.5732999e-01   2.7304800e-01
  -5.3782999e-01   1.1888800e-03
  -4.6540399e-01  -2.7737000e-01
  -2.5652100e-01  -4.7962199e-01
   2.8426800e-02  -5.4310099e-01
   3.0373400e-01  -4.4829199e-01
   4.8733099e-01  -2.2572200e-01
   5.2809099e-01   5.5584199e-02
   4.2041599e-01   3.1275500e-01
   2.0169500e-01   4.7584599e-01
  -6.3618499e-02   5.0640199e-01
  -3.0473300e-01   4.0324699e-01
  -4.6214899e-01   1.9752900e-01
  -4.9880499e-01  -5.7692099e-02
  -4.0563399e-01  -2.9911600e-01
  -2.0349800e-01  -4.6522399e-01
   5.8688499e-02  -5.0946799e-01
   3.1211800e-01  -4.1382499e-01
   4.8436899e-01  -1.9838800e-01
   5.2135699e-01   7.9216699e-02
   4.0738699e-01   3.3823400e-01
   1.7383200e-01   5.0018099e-01
  -1.0928700e-01   5.1588899e-01
  -3.5672400e-01   3.8260700e-01
  -4.9688799e-01   1.4375100e-01
  -4.9416699e-01  -1.2792100e-01
  -3.5658000e-01  -3.5543400e-01
  -1.2826000e-01  -4.8031799e-01
   1.2719800e-01  -4.7554199e-01
   3.4458700e-01  -3.4750800e-01
   4.7105199e-01  -1.3065400e-01
   4.7535699e-01   1.2116900e-01
   3.5391400e-01   3.4490000e-01
   1.3381400e-01   4.8078399e-01
  -1.2960500e-01   4.8747299e-01
  -3.6383200e-01   3.5652800e-01
  -4.9906399e-01   1.1994800e-01
  -4.9148699e-01  -1.5536300e-01
  -3.4045300e-01  -3.8719099e-01
  -9.0919599e-02  -5.0543199e-01
   1.8127900e-01  -4.7616499e-01
   3.9553899e-01  -3.1214900e-01
   4.9287799e-01  -6.5944599e-02
   4.5218599e-01   1.8994600e-01
   2.9185800e-01   3.8642799e-01
   5.9496599e-02   4.7571999e-01
  -1.8358300e-01   4.3975499e-01
  -3.7703900e-01   2.9037900e-01
  -4.7305899e-01   6.4837099e-02
  -4.4545099e-01  -1.8131200e-01
  -2.9683500e-01  -3.8437799e-01
  -6.1914699e-02  -4.8693599e-01
   1.9716500e-01  -4.5485099e-01
   4.0586499e-01  -2.9130200e-01
   5.0016099e-01  -4.0389499e-02
   4.4920099e-01   2.2410600e-01
   2.6764800e-01   4.2245999e-01
   1.1353800e-02   4.9612299e-01
  -2.4225900e-01   4.2687399e-01
  -4.2055699e-01   2.4041500e-01
  -4.7775499e-01  -5.5249099e-03
  -4.0507299e-01  -2.4171300e-01
  -2.2802900e-01  -4.0746399e-01
   4.5305799e-03  -4.6400399e-01
   2.3374100e-01  -4.0002299e-01
   4.0286399e-01  -2.3173700e-01
   4.6805499e-01   2.8652900e-04
   4.0846299e-01   2.3772700e-01
   2.3435200e-01   4.1622899e-01
  -1.0862800e-02   4.8233599e-01
  -2.5895600e-01   4.1156099e-01
  -4.3610199e-01   2.2005800e-01
  -4.8736299e-01  -3.7107299e-02
  -3.9656299e-01  -2.8271000e-01
  -1.9245700e-01  -4.4337399e-01
   6.1832799e-02  -4.7410099e-01
   2.9125400e-01  -3.7130999e-01
   4.3317299e-01  -1.7028900e-01
   4.5418299e-01   6.9601199e-02
   3.5509500e-01   2.8410900e-01
   1.6589700e-01   4.2029199e-01
  -6.4325899e-02   4.4644199e-01
  -2.7843400e-01   3.5653999e-01
  -4.2211999e-01   1.7120900e-01
  -4.5534999e-01  -6.4616099e-02
  -3.6386099e-01  -2.8926900e-01
  -1.6715000e-01  -4.3876399e-01
   8.2387899e-02  -4.6604699e-01
   3.1237900e-01  -3.5851799e-01
   4.5309299e-01  -1.4552900e-01
   4.6149799e-01   1.0931700e-01
   3.3645400e-01   3.2927100e-01
   1.1830000e-01   4.5045799e-01
  -1.2652600e-01   4.4196499e-01
  -3.2843600e-01   3.1259700e-01
  -4.3539399e-01   1.0373000e-01
  -4.2454999e-01  -1.2622900e-01
  -3.0365000e-01  -3.1842100e-01
  -1.0549300e-01  -4.2626699e-01
   1.2051300e-01  -4.2351899e-01
   3.1788100e-01  -3.0900800e-01
   4.3417699e-01  -1.0862200e-01
   4.3404999e-01   1.2734300e-01
   3.1162300e-01   3.3418700e-01
   9.6775799e-02   4.5035799e-01
  -1.4999700e-01   4.3791899e-01
  -3.5511299e-01   2.9762800e-01
  -4.5637199e-01   7.0917599e-02
  -4.2443999e-01  -1.7345200e-01
  -2.7214400e-01  -3.6297799e-01
  -4.8057999e-02  -4.4525599e-01
   1.8170500e-01  -4.0259799e-01
   3.5487999e-01  -2.5326500e-01
   4.2936399e-01  -4.1692899e-02
   3.9061699e-01   1.7604600e-01
   2.5128700e-01   3.4587299e-01
   4.6435499e-02   4.2608599e-01
  -1.7341800e-01   3.9506699e-01
  -3.5160699e-01   2.5703400e-01
  -4.3795099e-01   4.4349899e-02
  -4.0348699e-01  -1.8692600e-01
  -2.5252200e-01  -3.7045899e-01
  -2.5552500e-02  -4.4988099e-01
   2.1090200e-01  -3.9878999e-01
   3.8554399e-01  -2.3158500e-01
   4.4657599e-01   5.7359999e-04
   3.7882299e-01   2.2755500e-01
   2.0680700e-01   3.8413999e-01
  -1.6264800e-02   4.2998599e-01
  -2.2738700e-01   3.5869099e-01
  -3.7216599e-01   1.9498900e-01
  -4.1692499e-01  -1.5729200e-02
  -3.5335799e-01  -2.1995600e-01
  -1.9793600e-01  -3.6725799e-01
   1.1640200e-02  -4.1974399e-01
   2.2278500e-01  -3.6056799e-01
   3.7851799e-01  -2.0054400e-01
   4.3227199e-01   2.0488700e-02
   3.6359299e-01   2.4127400e-01
   1.8820900e-01   3.9620899e-01
  -4.3714199e-02   4.3704199e-01
  -2.6265000e-01   3.5046999e-01
  -4.0304599e-01   1.6350400e-01
  -4.2534299e-01  -6.6196899e-02
  -3.2762299e-01  -2.7071500e-01
  -1.4308600e-01  -3.9400099e-01
   7.3668699e-02  -4.0708299e-01
   2.6436800e-01  -3.1236000e-01
   3.8193099e-01  -1.3855500e-01
   3.9931399e-01   6.8988699e-02
   3.1302200e-01   2.5871800e-01
   1.4326600e-01   3.8273299e-01
  -6.8713299e-02   4.0669699e-01
  -2.6768100e-01   3.1954899e-01
  -3.9716599e-01   1.4009300e-01
  -4.1630399e-01  -8.4060399e-02
  -3.1514399e-01  -2.8810200e-01
  -1.2108600e-01  -4.1013099e-01
   1.0814700e-01  -4.1254799e-01
   3.0351200e-01  -2.9552200e-01
   4.0805799e-01  -9.6468798e-02
   3.9500599e-01   1.2401400e-01
   2.7368900e-01   3.0305900e-01
   8.2802399e-02   3.9438599e-01
  -1.2407300e-01   3.7876599e-01
  -2.9383600e-01   2.6494000e-01
  -3.8547799e-01   8.4026399e-02
  -3.7706199e-01  -1.1868200e-01
  -2.6938200e-01  -2.9261900e-01
  -8.7085699e-02  -3.9182599e-01
   1.2414400e-01  -3.8618599e-01
   3.0661900e-01  -2.7196100e-01
   4.0612299e-01  -7.7000899e-02
   3.8988799e-01   1.4403500e-01
   2.5980000e-01   3.2534099e-01
   5.3994699e-02   4.1178099e-01
  -1.6523700e-01   3.7804899e-01
  -3.3272799e-01   2.3688200e-01
  -4.0195499e-01   3.3100699e-02
  -3.5818299e-01  -1.7306600e-01
  -2.1935600e-01  -3.2554599e-01
  -2.6868300e-02  -3.8727099e-01
   1.6804900e-01  -3.4669899e-01
   3.1695499e-01  -2.1699100e-01
   3.8353099e-01  -3.1064699e-02
   3.5008699e-01   1.6517100e-01
   2.2209000e-01   3.2132999e-01
   2.9671100e-02   3.9363099e-01
  -1.7663300e-01   3.5761199e-01
  -3.3783699e-01   2.1844900e-01
  -4.0437699e-01   1.3287000e-02
  -3.5373399e-01  -1.9794300e-01
  -1.9994100e-01  -3.5153199e-01
   1.0193800e-02  -4.0170099e-01
   2.1319800e-01  -3.3590099e-01
   3.5054899e-01  -1.7742600e-01
   3.8673699e-01   2.4751700e-02
   3.1734599e-01   2.1334200e-01
   1.6619600e-01   3.3962099e-01
  -2.4600500e-02   3.7438399e-01
  -2.0644100e-01   3.1183899e-01
  -3.3452299e-01   1.6848700e-01
  -3.7617299e-01  -2.0692000e-02
  -3.1796699e-01  -2.0830800e-01
  -1.7105100e-01  -3.4395499e-01
   2.8050000e-02  -3.8713799e-01
   2.2437500e-01  -3.2089299e-01
   3.5967999e-01  -1.6043500e-01
   3.9164399e-01   4.8575199e-02
   3.0943099e-01   2.4358800e-01
   1.3834700e-01   3.6608699e-01
  -6.8992999e-02   3.8133899e-01
  -2.5117800e-01   2.8878599e-01
  -3.5808299e-01   1.1957200e-01
  -3.6462999e-01  -7.6145799e-02
  -2.7446300e-01  -2.4555300e-01
  -1.1497300e-01  -3.4680999e-01
   7.2008299e-02  -3.5692499e-01
   2.3999400e-01  -2.7447900e-01
   3.4677399e-01  -1.1913700e-01
   3.6298799e-01   7.1286499e-02
   2.8028200e-01   2.4734700e-01
   1.1670900e-01   3.5925499e-01
  -8.4504199e-02   3.7159999e-01
  -2.6536200e-01   2.7668100e-01
  -3.7096899e-01   1.0002600e-01
  -3.6852399e-01  -1.0602300e-01
  -2.5925300e-01  -2.7940100e-01
  -7.7795899e-02  -3.6937599e-01
   1.2062800e-01  -3.5278999e-01
   2.7926500e-01  -2.3930100e-01
   3.5698599e-01  -6.5010899e-02
   3.3768499e-01   1.2098100e-01
   2.3080700e-01   2.7079400e-01
   6.5777899e-02   3.4835899e-01
  -1.1592200e-01   3.3545199e-01
  -2.6904800e-01   2.3445100e-01
  -3.5336999e-01   6.8737899e-02
  -3.4332999e-01  -1.2022100e-01
  -2.3696500e-01  -2.8102699e-01
  -6.0184999e-02  -3.6598099e-01
   1.3765600e-01  -3.4685099e-01
   2.9775499e-01  -2.2642000e-01
   3.7128599e-01  -3.9741699e-02
   3.3647099e-01   1.5679900e-01
   2.0583400e-01   3.0467299e-01
   2.0670500e-02   3.6261499e-01
  -1.6420200e-01   3.1842699e-01
  -2.9831799e-01   1.8959700e-01
  -3.4907499e-01   1.4610200e-02
  -3.0747299e-01  -1.5976600e-01
  -1.8694000e-01  -2.9016599e-01
  -1.8309500e-02  -3.4500499e-01
   1.5672500e-01  -3.0995899e-01
   2.9339399e-01  -1.9145000e-01
   3.5356199e-01  -1.7483700e-02
   3.1667099e-01   1.6640800e-01
   1.8854700e-01   3.0781999e-01
   3.2317599e-03   3.6322599e-01
  -1.8532300e-01   3.1349399e-01
  -3.2023499e-01   1.7221000e-01
  -3.6108799e-01  -1.7847100e-02
  -2.9758599e-01  -1.9927700e-01
  -1.5177700e-01  -3.1960499e-01
   3.1327699e-02  -3.4760899e-01
   1.9967800e-01  -2.8051499e-01
   3.0965199e-01  -1.4114600e-01
   3.3596999e-01   3.1495899e-02
   2.7492799e-01   1.9329000e-01
   1.4287400e-01   3.0446099e-01
  -2.7785399e-02   3.3690499e-01
  -1.9436300e-01   2.8010499e-01
  -3.1230799e-01   1.4536500e-01
  -3.4647799e-01  -3.3860999e-02
  -2.8291199e-01  -2.0829200e-01
  -1.3625300e-01  -3.2626499e-01
   5.1973799e-02  -3.5071499e-01
   2.2554000e-01  -2.7291899e-01
   3.3225299e-01  -1.1652900e-01
   3.4165499e-01   7.0493499e-02
   2.5428700e-01   2.3266200e-01
   9.9291498e-02   3.2518299e-01
  -7.7312099e-02   3.2638799e-01
  -2.2769100e-01   2.4088500e-01
  -3.1468499e-01   9.4684698e-02
  -3.1882199e-01  -7.3667299e-02
  -2.4037200e-01  -2.2227400e-01
  -9.8350798e-02  -3.1397499e-01
   7.2599699e-02  -3.2374599e-01
   2.2824500e-01  -2.4551900e-01
   3.2473399e-01  -9.6546498e-02
   3.3145199e-01   8.3950498e-02
   2.4260300e-01   2.4411200e-01
   8.1926798e-02   3.3530299e-01
  -1.0315200e-01   3.2895699e-01
  -2.5688499e-01   2.2714300e-01
  -3.3411499e-01   6.1875999e-02
  -3.1486399e-01  -1.1657400e-01
  -2.0893600e-01  -2.5701099e-01
  -4.9944499e-02  -3.2290499e-01
   1.1716600e-01  -3.0084699e-01
   2.4924800e-01  -2.0074100e-01
   3.1460599e-01  -5.0326599e-02
   2.9820999e-01   1.1244000e-01
   2.0369200e-01   2.4709800e-01
   5.3165299e-02   3.1847899e-01
  -1.1575600e-01   3.0498699e-01
  -2.5730899e-01   2.0611900e-01
  -3.2958099e-01   4.5942199e-02
  -3.0831599e-01  -1.3101100e-01
  -1.9699500e-01  -2.7223499e-01
  -2.7799599e-02  -3.3453799e-01
   1.4827300e-01  -2.9923099e-01
   2.7869799e-01  -1.7852600e-01
   3.2690099e-01  -1.0415200e-02
   2.8286499e-01   1.5525100e-01
   1.6351200e-01   2.7308599e-01
   4.5577099e-03   3.1444199e-01
  -1.5134300e-01   2.7246199e-01
  -2.6538599e-01   1.6064300e-01
  -3.1015099e-01   7.8059998e-03
  -2.7418699e-01  -1.4821000e-01
  -1.6462000e-01  -2.6765399e-01
  -7.4418598e-03  -3.1736199e-01
   1.5635000e-01  -2.8015899e-01
   2.8023299e-01  -1.6234100e-01
   3.2603699e-01   4.9290299e-03
   2.7758199e-01   1.7311500e-01
   1.4794000e-01   2.9147099e-01
  -2.3829600e-02   3.2435699e-01
  -1.8586000e-01   2.6340899e-01
  -2.9113699e-01   1.2941900e-01
  -3.1223399e-01  -3.6289899e-02
  -2.4772999e-01  -1.8646900e-01
  -1.1938900e-01  -2.8208699e-01
   3.6720299e-02  -3.0130399e-01
   1.8057400e-01  -2.4213799e-01
   2.7688399e-01  -1.2063500e-01
   3.0153599e-01   3.3218999e-02
   2.4648199e-01   1.8099800e-01
   1.2303300e-01   2.8336199e-01
  -3.8194499e-02   3.0987199e-01
  -1.9304300e-01   2.4915599e-01
  -2.9572899e-01   1.1523600e-01
  -3.1384099e-01  -5.4154499e-02
  -2.4046099e-01  -2.0850700e-01
  -9.7643698e-02  -3.0130899e-01
   7.0932099e-02  -3.0588899e-01
   2.1517300e-01  -2.2366600e-01
   2.9507799e-01  -8.1841998e-02
   2.9196299e-01   7.7407698e-02
   2.1115700e-01   2.1079200e-01
   7.7275798e-02   2.8532899e-01
  -7.4208898e-02   2.8459399e-01
  -2.0555600e-01   2.1021900e-01
  -2.8408199e-01   8.0491198e-02
  -2.8853899e-01  -7.2879998e-02
  -2.1477000e-01  -2.1034500e-01
  -7.9205098e-02  -2.9332699e-01
   8.2596798e-02  -2.9541999e-01
   2.2429600e-01  -2.1243600e-01
   3.0284799e-01  -6.6415599e-02
   2.9342099e-01   9.9709098e-02
   1.9874100e-01   2.3590099e-01
   4.8351499e-02   3.0200199e-01
  -1.1202600e-01   2.8081299e-01
  -2.3623999e-01   1.8215000e-01
  -2.9187499e-01   3.7241699e-02
  -2.6783499e-01  -1.1280900e-01
  -1.7428600e-01  -2.2914300e-01
  -3.7302499e-02  -2.8393599e-01
   1.0841200e-01  -2.6489899e-01
   2.2669500e-01  -1.7663800e-01
   2.8684599e-01  -4.0004099e-02
   2.7070499e-01   1.1090100e-01
   1.7896000e-01   2.3536199e-01
   3.3932799e-02   2.9659899e-01
  -1.2422300e-01   2.7383799e-01
  -2.4866099e-01   1.7108400e-01
  -3.0121799e-01   1.7853000e-02
  -2.6589999e-01  -1.3977100e-01
  -1.5453300e-01  -2.5468399e-01
  -2.0269000e-03  -2.9450299e-01
   1.4632900e-01  -2.5107399e-01
   2.4973999e-01  -1.4067700e-01
   2.8306099e-01   3.6047299e-03
   2.4123399e-01   1.4289600e-01
   1.3766500e-01   2.4249699e-01
  -7.6426898e-04   2.7864099e-01
  -1.3973100e-01   2.4232099e-01
  -2.4396499e-01   1.4115800e-01
  -2.8467899e-01  -7.5714298e-04
  -2.4762199e-01  -1.4653300e-01
  -1.3940400e-01  -2.5490799e-01
   1.1470900e-02  -2.9245499e-01
   1.6137200e-01  -2.4555499e-01
   2.6506799e-01  -1.2672900e-01
   2.9116299e-01   2.8398499e-02
   2.3294399e-01   1.7299800e-01
   1.0996200e-01   2.6497699e-01
  -3.9895699e-02   2.8027299e-01
  -1.7377100e-01   2.1856800e-01
  -2.5676399e-01   1.0052900e-01
  -2.7004099e-01  -4.0538399e-02
  -2.1303200e-01  -1.6834700e-01
  -1.0136600e-01  -2.5161199e-01
   3.7252199e-02  -2.6970199e-01
   1.6824600e-01  -2.1664900e-01
   2.5690899e-01  -1.0365400e-01
   2.7693999e-01   4.1286899e-02
   2.1917899e-01   1.7863300e-01
   9.7003698e-02   2.6785099e-01
  -5.5328299e-02   2.8064399e-01
  -1.9248100e-01   2.1162900e-01
  -2.7303799e-01   8.1331598e-02
  -2.7367699e-01  -7.0509398e-02
  -1.9650900e-01  -1.9870400e-01
  -6.6867498e-02  -2.6755699e-01
   7.6637898e-02  -2.6099199e-01
   1.9485300e-01  -1.8486300e-01
   2.5852599e-01  -6.2381399e-02
   2.5386699e-01   7.3841498e-02
   1.8358700e-01   1.8982800e-01
   6.5189898e-02   2.5686099e-01
  -7.2322198e-02   2.5697199e-01
  -1.9361000e-01   1.8760000e-01
  -2.6477599e-01   6.4331598e-02
  -2.6310399e-01  -8.0611398e-02
  -1.8575800e-01  -2.0585500e-01
  -5.3163199e-02  -2.7333999e-01
   9.5842598e-02  -2.6152699e-01
   2.1638499e-01  -1.7364200e-01
   2.7277999e-01  -3.6907899e-02
   2.5026199e-01   1.0712800e-01
   1.5854300e-01   2.1689499e-01
   2.6585099e-02   2.6364599e-01
  -1.0806100e-01   2.3827099e-01
  -2.1042000e-01   1.5103300e-01
  -2.5608999e-01   2.6380199e-02
  -2.3512399e-01  -1.0398600e-01
  -1.5286900e-01  -2.0776200e-01
  -2.8934399e-02  -2.5818699e-01
   1.0578200e-01  -2.4007499e-01
   2.1508299e-01  -1.5507500e-01
   2.6673699e-01  -2.3858299e-02
   2.4300999e-01   1.1739200e-01
   1.4829400e-01   2.2691799e-01
   9.6258098e-03   2.7102799e-01
  -1.3138000e-01   2.3608799e-01
  -2.3251599e-01   1.3348000e-01
  -2.6513599e-01  -4.7633099e-03
  -2.2267599e-01  -1.3752800e-01
  -1.2071400e-01  -2.2817199e-01
   1.0152400e-02  -2.5464599e-01
   1.3452300e-01  -2.1339999e-01
   2.2138299e-01  -1.1761600e-01
   2.5017299e-01   7.6795798e-03
   2.1395499e-01   1.3137200e-01
   1.2067400e-01   2.2218899e-01
  -7.3778798e-03   2.5519299e-01
  -1.3701900e-01   2.1864899e-01
  -2.3168599e-01   1.1935800e-01
  -2.6214999e-01  -1.6634000e-02
  -2.1701499e-01  -1.5013400e-01
  -1.0821900e-01  -2.4085799e-01
   3.1776599e-02  -2.6118499e-01
   1.6072500e-01  -2.0580799e-01
   2.4096699e-01  -9.3058198e-02
   2.5141599e-01   4.2367599e-02
   1.9264700e-01   1.6162500e-01
   8.4210498e-02   2.3352499e-01
  -4.3179299e-02   2.4186499e-01
  -1.5664700e-01   1.8721700e-01
  -2.2847499e-01   8.4702398e-02
  -2.4106699e-01  -4.0109899e-02
  -1.9020100e-01  -1.5612600e-01
  -8.6871498e-02  -2.3275899e-01
   4.3342599e-02  -2.4733199e-01
   1.6505700e-01  -1.9258200e-01
   2.4242199e-01  -8.1218898e-02
   2.5077699e-01   5.5676299e-02
   1.8604000e-01   1.7744200e-01
   6.7274498e-02   2.4723299e-01
  -6.9396498e-02   2.4468499e-01
  -1.8323900e-01   1.7244300e-01
  -2.4242099e-01   5.4053599e-02
  -2.3314899e-01  -7.5178098e-02
  -1.6162500e-01  -1.7986400e-01
  -4.9679299e-02  -2.3407599e-01
   7.2743798e-02  -2.2629999e-01
   1.7506900e-01  -1.6008800e-01
   2.3209299e-01  -5.2121499e-02
   2.2868799e-01   7.1092698e-02
   1.6361400e-01   1.7799600e-01
   5.1613599e-02   2.3884099e-01
  -7.8137098e-02   2.3414299e-01
  -1.8872500e-01   1.6218700e-01
  -2.4653299e-01   4.1879099e-02
  -2.3292199e-01  -9.1676398e-02
  -1.5148300e-01  -1.9826599e-01
  -2.7268399e-02  -2.4620999e-01
   1.0200200e-01  -2.2286899e-01
   1.9890999e-01  -1.3776100e-01
   2.3798399e-01  -1.7696300e-02
   2.1181099e-01   1.0305000e-01
   1.3061900e-01   1.9301600e-01
   1.7274200e-02   2.3082499e-01
  -9.9285397e-02   2.0852899e-01
  -1.9022100e-01   1.3201200e-01
  -2.3223999e-01   1.9674699e-02
  -2.1272799e-01  -1.0050600e-01
  -1.3409400e-01  -1.9637299e-01
  -1.5456600e-02  -2.3971899e-01
   1.1060300e-01  -2.1546599e-01
   2.0688799e-01  -1.2827200e-01
   2.4369499e-01  -2.8764199e-03
   2.0944199e-01   1.2317200e-01
   1.1502700e-01   2.1208099e-01
  -1.0189900e-02   2.3853499e-01
  -1.2892000e-01   1.9732399e-01
  -2.0827199e-01   1.0328500e-01
  -2.2893599e-01  -1.5325300e-02
  -1.8861000e-01  -1.2629900e-01
  -1.0015000e-01  -2.0192999e-01
   1.3182700e-02  -2.2446999e-01
   1.2320000e-01  -1.8872499e-01
   2.0219399e-01  -1.0281600e-01
   2.2860799e-01   1.2651300e-02
   1.9287099e-01   1.2785200e-01
   1.0186600e-01   2.1041399e-01
  -2.0627299e-02   2.3482199e-01
  -1.3942500e-01   1.9160099e-01
  -2.1868299e-01   9.2090898e-02
  -2.3413099e-01  -3.4156999e-02
  -1.8165500e-01  -1.4906000e-01
  -7.8399298e-02  -2.1895199e-01
   4.3897599e-02  -2.2537999e-01
   1.5005600e-01  -1.6962400e-01
   2.1222199e-01  -7.0122798e-02
   2.1648799e-01   4.4840699e-02
   1.6434100e-01   1.4549900e-01
   7.0325598e-02   2.0731399e-01
  -4.1986399e-02   2.1532599e-01
  -1.4464800e-01   1.6677400e-01
  -2.1072999e-01   7.2368298e-02
  -2.2073199e-01  -4.4538299e-02
  -1.6900400e-01  -1.5230200e-01
  -6.7582898e-02  -2.1924899e-01
   5.5353698e-02  -2.2392599e-01
   1.6336400e-01  -1.6334800e-01
   2.2369999e-01  -5.5191198e-02
   2.1860899e-01   6.7738798e-02
   1.5113600e-01   1.6875200e-01
   4.3123199e-02   2.1948499e-01
  -7.3177198e-02   2.0813199e-01
  -1.6580300e-01   1.4110800e-01
  -2.1179099e-01   3.8885299e-02
  -2.0158299e-01  -7.1067698e-02
  -1.3937300e-01  -1.6125400e-01
  -4.0998799e-02  -2.0957399e-01
   6.9333398e-02  -2.0336299e-01
   1.6345900e-01  -1.4246200e-01
   2.1530199e-01  -4.0775299e-02
   2.0820499e-01   7.5294398e-02
   1.4138200e-01   1.7283900e-01
   3.2307499e-02   2.2220099e-01
  -8.7313998e-02   2.0728299e-01
  -1.8147299e-01   1.3193900e-01
  -2.2207299e-01   1.9190199e-02
  -1.9832499e-01  -9.6748797e-02
  -1.1948400e-01  -1.8222099e-01
  -1.0330900e-02  -2.1467399e-01
   9.7880497e-02  -1.8814599e-01
   1.7686500e-01  -1.1271800e-01
   2.0791799e-01  -9.7339397e-03
   1.8478899e-01   9.4414297e-02
   1.1373400e-01   1.7399400e-01
   1.1978100e-02   2.0876699e-01
  -9.5158797e-02   1.8833099e-01
  -1.7913099e-01   1.1568700e-01
  -2.1529299e-01   8.4974998e-03
  -1.9087499e-01  -1.0392000e-01
  -1.1070300e-01  -1.8846099e-01
   2.6063399e-03  -2.1896699e-01
   1.1520000e-01  -1.8564299e-01
   1.9326799e-01  -9.8875797e-02
   2.1445699e-01   1.4456800e-02
   1.7470800e-01   1.2056200e-01
   8.8093497e-02   1.8993699e-01
  -1.9331899e-02   2.0568799e-01
  -1.1828500e-01   1.6654500e-01
  -1.8403099e-01   8.4960198e-02
  -2.0127799e-01  -1.7485199e-02
  -1.6630100e-01  -1.1526700e-01
  -8.7273897e-02  -1.8385499e-01
   1.6778500e-02  -2.0465599e-01
   1.1906400e-01  -1.6995300e-01
   1.9094899e-01  -8.6625897e-02
   2.1019599e-01   2.3632199e-02
   1.6899000e-01   1.2926100e-01
   7.8062698e-02   1.9839299e-01
  -3.5706099e-02   2.0973299e-01
  -1.3801500e-01   1.6017400e-01
  -1.9878999e-01   6.5712098e-02
  -2.0190399e-01  -4.4650799e-02
  -1.4919300e-01  -1.3907900e-01
  -5.7988898e-02  -1.9271299e-01
   4.5693099e-02  -1.9364699e-01
   1.3491800e-01  -1.4408400e-01
   1.8797699e-01  -5.7951698e-02
   1.9220299e-01   4.3049599e-02
   1.4604200e-01   1.3381300e-01
   5.9864398e-02   1.9065299e-01
  -4.5025699e-02   1.9684999e-01
  -1.4034900e-01   1.4812000e-01
  -1.9814999e-01   5.5830698e-02
  -1.9980199e-01  -5.4493198e-02
  -1.4324300e-01  -1.5021700e-01
  -4.4832899e-02  -2.0225899e-01
   6.5659898e-02  -1.9517099e-01
   1.5521400e-01  -1.3228700e-01
   1.9857499e-01  -3.3831999e-02
   1.8566899e-01   7.0761698e-02
   1.2301000e-01   1.5264600e-01
   2.9749499e-02   1.9149599e-01
  -6.8942398e-02   1.7943799e-01
  -1.4834800e-01   1.2113200e-01
  -1.8911599e-01   3.1568799e-02
  -1.8070299e-01  -6.7164498e-02
  -1.2382900e-01  -1.4994700e-01
  -3.1573599e-02  -1.9395399e-01
   7.2184898e-02  -1.8499099e-01
   1.5813100e-01  -1.2303900e-01
   2.0013099e-01  -2.4222999e-02
   1.8431899e-01   8.2840797e-02
   1.1471900e-01   1.6593499e-01
   1.2460200e-02   2.0016199e-01
  -9.1449697e-02   1.7634699e-01
  -1.6675899e-01   1.0342800e-01
  -1.9351699e-01   4.2755499e-03
  -1.6699499e-01  -9.2639297e-02
  -9.7042197e-02  -1.6190200e-01
  -3.5402399e-03  -1.8716499e-01
   8.9457597e-02  -1.6361400e-01
   1.5900400e-01  -9.7736997e-02
   1.8754499e-01  -5.6280798e-03
   1.6657999e-01   8.9812097e-02
   9.9560097e-02   1.6326399e-01
   2.7797099e-03   1.9322599e-01
  -9.7395297e-02   1.6893599e-01
  -1.7152799e-01   9.5306297e-02
  -1.9661299e-01  -7.0067498e-03
  -1.6440199e-01  -1.0750700e-01
  -8.4757997e-02  -1.7596899e-01
   1.7741499e-02  -1.9267899e-01
   1.1249800e-01  -1.5454600e-01
   1.7306399e-01  -7.4871998e-02
   1.8468099e-01   2.2353599e-02
   1.4692100e-01   1.1052800e-01
   7.1772798e-02   1.6757999e-01
  -2.0770999e-02   1.8036699e-01
  -1.0761200e-01   1.4638700e-01
  -1.6705199e-01   7.3771798e-02
  -1.8308899e-01  -1.9934599e-02
  -1.4959500e-01  -1.1067800e-01
  -7.3371398e-02  -1.7315399e-01
   2.5805899e-02  -1.8802099e-01
   1.1964800e-01  -1.4888700e-01
   1.7984699e-01  -6.5882498e-02
   1.8774599e-01   3.6567599e-02
   1.4108400e-01   1.2759000e-01
   5.4754598e-02   1.8034299e-01
  -4.4769099e-02   1.8075099e-01
  -1.2869900e-01   1.3107500e-01
  -1.7486399e-01   4.7564298e-02
  -1.7309999e-01  -4.5882899e-02
  -1.2616400e-01  -1.2490900e-01
  -4.7329898e-02  -1.7032299e-01
   4.3443699e-02  -1.7144399e-01
   1.2361400e-01  -1.2771200e-01
   1.7237099e-01  -4.9111598e-02
   1.7542199e-01   4.4935399e-02
   1.2964000e-01   1.2917300e-01
   4.5728199e-02   1.7895499e-01
  -5.3207498e-02   1.7814399e-01
  -1.3796400e-01   1.2544500e-01
  -1.8273999e-01   3.5979999e-02
  -1.7411899e-01  -6.3263798e-02
  -1.1562800e-01  -1.4258900e-01
  -2.5965099e-02  -1.7952899e-01
   6.8037698e-02  -1.6551299e-01
   1.4036000e-01  -1.0706200e-01
   1.7302799e-01  -2.2051799e-02
   1.5960799e-01   6.6477298e-02
   1.0508800e-01   1.3631800e-01
   2.3608699e-02   1.7054399e-01
  -6.4687898e-02   1.6044099e-01
  -1.3741000e-01   1.0743300e-01
  -1.7460599e-01   2.3794099e-02
  -1.6422999e-01  -6.8893298e-02
  -1.0688300e-01  -1.4453500e-01
  -1.7427599e-02  -1.8012899e-01
   7.8327197e-02  -1.6376699e-01
   1.5157900e-01  -9.9564297e-02
   1.8028699e-01  -6.8916198e-03
   1.5667999e-01   8.6171897e-02
   8.9341197e-02   1.5245600e-01
  -6.5667098e-04   1.7432899e-01
  -8.7397397e-02   1.4810200e-01
  -1.4806000e-01   8.3331997e-02
  -1.6837499e-01  -1.4986900e-03
  -1.4473900e-01  -8.4485097e-02
  -8.3756497e-02  -1.4517500e-01
  -4.3517899e-04  -1.6837199e-01
   8.4523197e-02  -1.4720400e-01
   1.4867800e-01  -8.5449997e-02
   1.7330299e-01   1.8730299e-03
   1.4937800e-01   9.1069897e-02
   8.1832297e-02   1.5598799e-01
  -1.0485300e-02   1.7641799e-01
  -1.0012300e-01   1.4545800e-01
  -1.6008099e-01   7.2435698e-02
  -1.7299399e-01  -2.0197699e-02
  -1.3658600e-01  -1.0475800e-01
  -6.3384998e-02  -1.5755599e-01
   2.4547199e-02  -1.6571199e-01
   1.0306200e-01  -1.2948000e-01
   1.5247699e-01  -6.0345898e-02
   1.6152399e-01   2.3199599e-02
   1.2871600e-01   1.0026500e-01
   6.2064098e-02   1.5167099e-01
  -2.2271599e-02   1.6368499e-01
  -1.0270700e-01   1.3152600e-01
  -1.5690299e-01   6.1864998e-02
  -1.6806499e-01  -2.7284399e-02
  -1.3103000e-01  -1.1058300e-01
  -5.5327298e-02  -1.6291099e-01
   3.6864599e-02  -1.6794399e-01
   1.1778100e-01  -1.2413200e-01
   1.6348199e-01  -4.5312698e-02
   1.6170299e-01   4.4373798e-02
   1.1502200e-01   1.1891500e-01
   3.8632799e-02   1.5854999e-01
  -4.5535598e-02   1.5462999e-01
  -1.1547100e-01   1.1032500e-01
  -1.5421999e-01   3.8238599e-02
  -1.5281999e-01  -4.3292899e-02
  -1.1152100e-01  -1.1403900e-01
  -3.9890399e-02  -1.5573599e-01
   4.4378898e-02  -1.5621099e-01
   1.1874600e-01  -1.1330300e-01
   1.6150699e-01  -3.7068099e-02
   1.5871299e-01   5.1592498e-02
   1.0970400e-01   1.2656600e-01
   2.8439099e-02   1.6498699e-01
  -6.0638198e-02   1.5522199e-01
  -1.3084000e-01   1.0091900e-01
  -1.6219399e-01   1.9333299e-02
  -1.4743799e-01  -6.5094698e-02
  -9.3023797e-02  -1.2891200e-01
  -1.5598799e-02  -1.5623599e-01
   6.3764198e-02  -1.4186400e-01
   1.2512500e-01  -9.0990997e-02
   1.5369599e-01  -1.6922499e-02
   1.4233700e-01   6.1989098e-02
   9.3022097e-02   1.2579600e-01
   1.7248299e-02   1.5708499e-01
  -6.5490198e-02   1.4567699e-01
  -1.3198500e-01   9.2668797e-02
  -1.6201399e-01   1.1747200e-02
  -1.4538399e-01  -7.3830097e-02
  -8.6240997e-02  -1.3833400e-01
  -2.3212499e-03  -1.6227299e-01
   8.0969197e-02  -1.3909300e-01
   1.3924500e-01  -7.6996197e-02
   1.5693799e-01   4.6286798e-03
   1.3123800e-01   8.2211997e-02
   7.1358197e-02   1.3527300e-01
  -5.5502798e-03   1.5137499e-01
  -7.9553497e-02   1.2792600e-01
  -1.3243400e-01   7.1556397e-02
  -1.5106099e-01  -3.7663599e-03
  -1.2995600e-01  -7.9337997e-02
  -7.3122597e-02  -1.3528600e-01
   5.6146198e-03  -1.5532899e-01
   8.4973897e-02  -1.3195500e-01
   1.4173999e-01  -7.0057497e-02
   1.5818699e-01   1.3181700e-02
   1.2857500e-01   9.3068897e-02
   6.1697098e-02   1.4550699e-01
  -2.1958699e-02   1.5521499e-01
  -9.7365797e-02   1.2059800e-01
  -1.4331699e-01   5.3423098e-02
  -1.4859299e-01  -2.6048599e-02
  -1.1399300e-01  -9.5911597e-02
  -5.0464798e-02  -1.3862600e-01
   2.4909399e-02  -1.4455599e-01
   9.3246197e-02  -1.1304900e-01
   1.3760500e-01  -5.1933198e-02
   1.4623599e-01   2.3920999e-02
   1.1550100e-01   9.5157297e-02
   5.1895798e-02   1.4207399e-01
  -2.8185299e-02   1.5011999e-01
  -1.0206100e-01   1.1518000e-01
  -1.4746099e-01   4.6199298e-02
  -1.5012399e-01  -3.6702799e-02
  -1.0909100e-01  -1.0857500e-01
  -3.7196999e-02  -1.4808499e-01
   4.3568598e-02  -1.4456199e-01
   1.0971900e-01  -1.0081000e-01
   1.4365299e-01  -3.1003799e-02
   1.3803699e-01   4.4758298e-02
   9.6338596e-02   1.0659500e-01
   3.0481999e-02   1.3954299e-01
  -4.2702998e-02   1.3612199e-01
  -1.0507100e-01   9.7233996e-02
  -1.4061199e-01   3.2006699e-02
  -1.3899699e-01  -4.3451498e-02
  -9.8874596e-02  -1.0903800e-01
  -2.9667399e-02  -1.4565999e-01
   4.9729198e-02  -1.4129099e-01
   1.1598500e-01  -9.5796796e-02
   1.4885199e-01  -2.2039399e-02
   1.3827099e-01   5.7856198e-02
   8.7943097e-02   1.1992600e-01
   1.3770699e-02   1.4642999e-01
  -6.2007098e-02   1.3124000e-01
  -1.1826500e-01   8.0679197e-02
  -1.4097999e-01   1.0220900e-02
  -1.2599600e-01  -6.0880198e-02
  -7.8620297e-02  -1.1472900e-01
  -1.1337900e-02  -1.3842399e-01
   5.9139698e-02  -1.2617000e-01
   1.1505400e-01  -8.0371397e-02
   1.4122899e-01  -1.1770500e-02
   1.2910700e-01   6.2033598e-02
   8.0178697e-02   1.2041500e-01
   7.0292997e-03   1.4562199e-01
  -6.9395497e-02   1.2895500e-01
  -1.2613100e-01   7.4542097e-02
  -1.4595899e-01  -1.3936399e-03
  -1.2337800e-01  -7.5884097e-02
  -6.6191997e-02  -1.2706000e-01
   7.7824697e-03  -1.4118699e-01
   7.7128497e-02  -1.1619500e-01
   1.2347800e-01  -6.0916498e-02
   1.3600399e-01   8.7604897e-03
   1.1296200e-01   7.4708097e-02
   6.0926898e-02   1.2070900e-01
  -7.1212097e-03   1.3544299e-01
  -7.4292397e-02   1.1461500e-01
  -1.2300300e-01   6.2369098e-02
  -1.3912499e-01  -8.5792997e-03
  -1.1644800e-01  -7.9129197e-02
  -5.9783298e-02  -1.2869200e-01
   1.5217099e-02  -1.4174199e-01
   8.6358597e-02  -1.1354000e-01
   1.3215199e-01  -5.2354098e-02
   1.3916799e-01   2.3139399e-02
   1.0637700e-01   9.0333997e-02
   4.4800598e-02   1.3025999e-01
  -2.6974899e-02   1.3315599e-01
  -8.9094397e-02   1.0025000e-01
  -1.2593600e-01   4.1939098e-02
  -1.2928499e-01  -2.6019899e-02
  -9.9169296e-02  -8.6567497e-02
  -4.3185998e-02  -1.2475400e-01
   2.4996899e-02  -1.3055699e-01
   8.8029697e-02  -1.0130300e-01
   1.2855499e-01  -4.3276898e-02
   1.3399399e-01   2.8609699e-02
   1.0112400e-01   9.4069196e-02
   3.8323099e-02   1.3337699e-01
  -3.6172499e-02   1.3409699e-01
  -9.9957596e-02   9.5757596e-02
  -1.3403799e-01   3.0240199e-02
  -1.2914799e-01  -4.2441398e-02
  -8.8239797e-02  -1.0109800e-01
  -2.4509299e-02  -1.3006099e-01
   4.3642398e-02  -1.2313900e-01
   9.8269596e-02  -8.3999597e-02
   1.2617700e-01  -2.3887799e-02
   1.2116100e-01   4.1764698e-02
   8.4639397e-02   9.6690196e-02
   2.5289399e-02   1.2687399e-01
  -4.2234198e-02   1.2358500e-01
  -1.0001400e-01   8.6144497e-02
  -1.3127799e-01   2.3364599e-02
  -1.2568300e-01  -4.7685398e-02
  -8.3520897e-02  -1.0617700e-01
  -1.6630899e-02  -1.3420099e-01
   5.4978398e-02  -1.2307700e-01
   1.0980500e-01  -7.6508697e-02
   1.3210599e-01  -9.1315896e-03
   1.1673400e-01   5.8836598e-02
   6.9836297e-02   1.0838000e-01
   5.7695398e-03   1.2712899e-01
  -5.7889398e-02   1.1181500e-01
  -1.0508900e-01   6.7777797e-02
  -1.2459000e-01   6.7039597e-03
  -1.1174500e-01  -5.6199198e-02
  -6.9279997e-02  -1.0513200e-01
  -7.2150597e-03  -1.2688999e-01
   5.8571198e-02  -1.1432100e-01
   1.0976300e-01  -6.9216797e-02
   1.3079799e-01  -3.1400999e-03
   1.1428200e-01   6.5059797e-02
   6.4282097e-02   1.1490200e-01
  -4.3775398e-03   1.3119399e-01
  -7.0949597e-02   1.0934500e-01
  -1.1583600e-01   5.6749098e-02
  -1.2693299e-01  -1.0241600e-02
  -1.0278700e-01  -7.2182897e-02
  -5.1825098e-02  -1.1261100e-01
   1.1256400e-02  -1.2211600e-01
   6.9984697e-02  -9.9652496e-02
   1.0993200e-01  -5.1681198e-02
   1.2136100e-01   9.7554296e-03
   1.0097900e-01   6.9413997e-02
   5.3004198e-02   1.1174900e-01
  -1.0884000e-02   1.2452599e-01
  -7.3551097e-02   1.0265500e-01
  -1.1675500e-01   5.0832898e-02
  -1.2691699e-01  -1.6696599e-02
  -1.0016100e-01  -7.9998997e-02
  -4.4239498e-02  -1.1992800e-01
   2.3839099e-02  -1.2469399e-01
   8.3670397e-02  -9.3736496e-02
   1.1829800e-01  -3.7353198e-02
   1.1924300e-01   2.7426899e-02
   8.8064896e-02   8.2620197e-02
   3.4600599e-02   1.1432100e-01
  -2.6634199e-02   1.1555100e-01
  -8.0235997e-02   8.6884896e-02
  -1.1302400e-01   3.5651599e-02
  -1.1647800e-01  -2.5597399e-02
  -8.8734596e-02  -8.1320197e-02
  -3.5842599e-02  -1.1624100e-01
   2.8644299e-02  -1.1951300e-01
   8.6593196e-02  -8.8670796e-02
   1.2055099e-01  -3.1543599e-02
   1.1969299e-01   3.5350599e-02
   8.3947196e-02   9.1908996e-02
   2.4294699e-02   1.2123499e-01
