   2.7694800e+00  -3.4923200e-02
   2.3288200e+00   1.4254200e+00
   1.1475700e+00   2.3524000e+00
  -3.1049900e-01   2.4266600e+00
  -1.4957700e+00   1.6709100e+00
  -1.9943800e+00   4.2098100e-01
  -1.6773200e+00  -8.2681600e-01
  -7.2339100e-01  -1.6153700e+00
   4.7558500e-01  -1.6878800e+00
   1.4724300e+00  -1.0562200e+00
   1.9184100e+00   2.9819900e-02
   1.6653600e+00   1.1827800e+00
   7.9800700e-01   2.0055400e+00
  -3.9952400e-01   2.2118500e+00
  -1.5302500e+00   1.7144500e+00
  -2.2064400e+00   6.6050900e-01
  -2.1805900e+00  -6.0237000e-01
  -1.4448900e+00  -1.6333900e+00
  -2.5491700e-01  -2.0554900e+00
   9.4863900e-01  -1.7075400e+00
   1.7042500e+00  -7.2426300e-01
   1.7179900e+00   5.0310800e-01
   9.9190200e-01   1.4803400e+00
  -1.7184800e-01   1.8151200e+00
  -1.2978800e+00   1.3807700e+00
  -1.9384900e+00   3.6285800e-01
  -1.8556100e+00  -8.2945200e-01
  -1.1036700e+00  -1.7408900e+00
   1.4435800e-02  -2.0513800e+00
   1.0850800e+00  -1.6841800e+00
   1.7457700e+00  -8.0758400e-01
   1.8045100e+00   2.5166800e-01
   1.2827900e+00   1.1340200e+00
   3.8590400e-01   1.5622900e+00
  -5.7374500e-01   1.4169100e+00
  -1.2726900e+00   7.6256700e-01
  -1.4714700e+00  -1.7199600e-01
  -1.0914700e+00  -1.0582700e+00
  -2.5258400e-01  -1.5690200e+00
   7.5048400e-01  -1.4942500e+00
   1.5415500e+00  -8.3226400e-01
   1.8037100e+00   1.8950300e-01
   1.4139200e+00   1.1881700e+00
   5.0719000e-01   1.7750700e+00
  -5.6873100e-01   1.7197300e+00
  -1.3961000e+00   1.0513400e+00
  -1.6640500e+00   4.6287700e-02
  -1.2965700e+00  -8.9370300e-01
  -4.7317200e-01  -1.4138400e+00
   4.6167900e-01  -1.3472600e+00
   1.1498000e+00  -7.6431200e-01
   1.3581500e+00   8.0259500e-02
   1.0488200e+00   8.6408800e-01
   3.6547400e-01   1.3189400e+00
  -4.3937900e-01   1.3109500e+00
  -1.0960900e+00   8.6342300e-01
  -1.3967000e+00   1.3280600e-01
  -1.2474100e+00  -6.4322500e-01
  -6.9283500e-01  -1.2119000e+00
   9.0652700e-02  -1.3779800e+00
   8.3878100e-01  -1.0711200e+00
   1.2811800e+00  -3.8513700e-01
   1.2426300e+00   4.3692900e-01
   7.2412900e-01   1.0826700e+00
  -8.0094100e-02   1.2935200e+00
  -8.5080900e-01   9.7923700e-01
  -1.2755700e+00   2.6573500e-01
  -1.1850500e+00  -5.5404900e-01
  -6.2681400e-01  -1.1474600e+00
   1.6054300e-01  -1.2867400e+00
   8.5856200e-01  -9.4071300e-01
   1.2078800e+00  -2.7303500e-01
   1.1076400e+00   4.4392200e-01
   6.3525800e-01   9.4943400e-01
  -8.9727600e-03   1.0903100e+00
  -5.9307000e-01   8.5690100e-01
  -9.3479900e-01   3.6031300e-01
  -9.4668900e-01  -2.2231900e-01
  -6.4416100e-01  -7.0548600e-01
  -1.3059100e-01  -9.4123900e-01
   4.2985900e-01  -8.5337100e-01
   8.5121400e-01  -4.6161500e-01
   9.7888600e-01   1.1171100e-01
   7.4857100e-01   6.6714500e-01
   2.2637600e-01   9.9203500e-01
  -3.9860100e-01   9.4664400e-01
  -8.8058500e-01   5.3392200e-01
  -1.0208700e+00  -8.8047300e-02
  -7.6036300e-01  -6.6717800e-01
  -2.1091200e-01  -9.6823600e-01
   3.9472000e-01  -8.7898700e-01
   8.1046900e-01  -4.5694700e-01
   8.8644000e-01   1.0598800e-01
   6.2532900e-01   5.7872600e-01
   1.6297700e-01   7.9340900e-01
  -3.0734300e-01   7.0446400e-01
  -6.2097200e-01   3.8395700e-01
  -6.9605600e-01  -3.0185000e-02
  -5.4066600e-01  -3.9645100e-01
  -2.2663900e-01  -6.1209200e-01
   1.4419000e-01  -6.2769100e-01
   4.6483000e-01  -4.4563800e-01
   6.4029300e-01  -1.1666900e-01
   6.0747500e-01   2.6382200e-01
   3.6084300e-01   5.7087100e-01
  -2.8871000e-02   6.8638100e-01
  -4.2389200e-01   5.5012600e-01
  -6.6666000e-01   1.9954100e-01
  -6.5023000e-01  -2.3122800e-01
  -3.7554200e-01  -5.6355700e-01
   4.0547800e-02  -6.5688200e-01
   4.1719100e-01  -4.7795000e-01
   5.9646200e-01  -1.1685300e-01
   5.1792200e-01   2.6041600e-01
   2.4015900e-01   4.9584200e-01
  -9.9404700e-02   5.1213400e-01
  -3.5895800e-01   3.3624700e-01
  -4.5649200e-01   6.7701100e-02
  -3.9123500e-01  -1.8157900e-01
  -2.2039300e-01  -3.3721200e-01
  -1.6284800e-02  -3.7774000e-01
   1.6529200e-01  -3.1862100e-01
   2.9107300e-01  -1.8777300e-01
   3.3975300e-01  -1.4372900e-02
   2.9530000e-01   1.6561800e-01
   1.5626900e-01   3.0230000e-01
  -4.6434100e-02   3.4090100e-01
  -2.4405300e-01   2.4974900e-01
  -3.5184500e-01   4.9430400e-02
  -3.1229100e-01  -1.8219200e-01
  -1.3337100e-01  -3.4125700e-01
   1.0653800e-01  -3.5185900e-01
   2.9597200e-01  -2.1001500e-01
   3.5008800e-01   1.2008500e-02
   2.5617400e-01   2.0605400e-01
   7.6260300e-02   2.8858100e-01
  -9.3919700e-02   2.4337200e-01
  -1.8182800e-01   1.2084000e-01
  -1.7399100e-01  -2.0525000e-03
  -1.1032000e-01  -7.1562900e-02
  -4.5950100e-02  -8.2974400e-02
  -1.0996700e-02  -6.8506400e-02
   3.0933200e-03  -6.1543200e-02
   2.4245800e-02  -6.7155800e-02
   6.6598200e-02  -6.1370900e-02
   1.1198300e-01  -1.7596100e-02
   1.2154300e-01   6.3060700e-02
   6.8219400e-02   1.4362700e-01
  -3.6233900e-02   1.7348800e-01
  -1.4232000e-01   1.2491900e-01
  -1.9301500e-01   1.5958600e-02
  -1.6155800e-01  -9.8565500e-02
  -6.8955600e-02  -1.6215100e-01
   3.1641000e-02  -1.5241500e-01
   9.1770600e-02  -9.1692800e-02
   9.8152100e-02  -2.5779900e-02
   7.4726600e-02   1.1777900e-02
   5.6440300e-02   2.1920200e-02
   5.6883600e-02   3.2080300e-02
   5.6492200e-02   6.5406500e-02
   2.1550600e-02   1.1315100e-01
  -6.0724300e-02   1.3442600e-01
  -1.5987400e-01   8.6399400e-02
  -2.1340200e-01  -3.6657500e-02
  -1.6730200e-01  -1.8616600e-01
  -1.8429900e-02  -2.8054600e-01
   1.7268100e-01  -2.5410300e-01
   3.1081400e-01  -1.0154100e-01
   3.2023800e-01   1.1264700e-01
   1.8954100e-01   2.8767400e-01
  -2.1535900e-02   3.4195700e-01
  -2.1653900e-01   2.5574600e-01
  -3.1462800e-01   7.5936100e-02
  -2.8792300e-01  -1.1589200e-01
  -1.6423800e-01  -2.4802200e-01
  -5.0466100e-04  -2.8726500e-01
   1.4983500e-01  -2.3893700e-01
   2.5345200e-01  -1.2763200e-01
   2.9309900e-01   2.0200500e-02
   2.5654600e-01   1.7795300e-01
   1.3622900e-01   3.0921900e-01
  -5.5570000e-02   3.6446100e-01
  -2.6979800e-01   2.9798100e-01
  -4.2351300e-01   1.0062000e-01
  -4.3264900e-01  -1.7471700e-01
  -2.6129000e-01  -4.1975900e-01
   4.3603000e-02  -5.1627300e-01
   3.5987200e-01  -3.9924400e-01
   5.4369800e-01  -1.0036400e-01
   5.0239000e-01   2.5783500e-01
   2.4493600e-01   5.1826200e-01
  -1.1975700e-01   5.6604300e-01
  -4.3625400e-01   3.8312600e-01
  -5.7686200e-01   5.1977700e-02
  -4.9612300e-01  -2.8963500e-01
  -2.4010700e-01  -5.1372200e-01
   8.6379300e-02  -5.5144100e-01
   3.6945400e-01  -4.0678300e-01
   5.2505500e-01  -1.3896200e-01
   5.1461100e-01   1.6678900e-01
   3.4348500e-01   4.2259100e-01
   5.5480200e-02   5.5218200e-01
  -2.7086900e-01   5.0436800e-01
  -5.3131200e-01   2.7224500e-01
  -6.2144900e-01  -8.8237100e-02
  -4.7925000e-01  -4.5828300e-01
  -1.2648700e-01  -6.8959800e-01
   3.1920000e-01  -6.6640500e-01
   6.8021400e-01  -3.6804200e-01
   7.9464100e-01   1.0509300e-01
   5.9600000e-01   5.6459500e-01
   1.5314200e-01   8.1597700e-01
  -3.5503800e-01   7.4944100e-01
  -7.1976700e-01   3.9187100e-01
  -7.9645900e-01  -1.0698600e-01
  -5.6502300e-01  -5.4505500e-01
  -1.2946600e-01  -7.5671500e-01
   3.3616600e-01  -6.7595500e-01
   6.6271600e-01  -3.4935200e-01
   7.4532400e-01   9.6497500e-02
   5.6763400e-01   5.0838700e-01
   1.9338900e-01   7.5512900e-01
  -2.5962900e-01   7.5901200e-01
  -6.5077400e-01   5.1149700e-01
  -8.4989300e-01   7.7864800e-02
  -7.7437600e-01  -4.1107900e-01
  -4.2486300e-01  -7.8824300e-01
   9.6756700e-02  -9.0350800e-01
   6.0659200e-01  -6.8770700e-01
   9.0129900e-01  -1.9773500e-01
   8.4460000e-01   3.8781900e-01
   4.3744700e-01   8.3266600e-01
  -1.6833800e-01   9.4373200e-01
  -7.2762900e-01   6.6144100e-01
  -1.0075900e+00   9.2235500e-02
  -8.9061900e-01  -5.3564700e-01
  -4.2405300e-01  -9.7212000e-01
   2.0556800e-01  -1.0515000e+00
   7.5697900e-01  -7.5526300e-01
   1.0334900e+00  -2.0736700e-01
   9.5232700e-01   3.8643900e-01
   5.6097200e-01   8.2084000e-01
   5.9238800e-03   9.5893300e-01
  -5.2353600e-01   7.6668900e-01
  -8.5344900e-01   3.1369500e-01
  -8.7234500e-01  -2.5047500e-01
  -5.6314000e-01  -7.3638500e-01
  -1.5577500e-02  -9.6746500e-01
   5.8921400e-01  -8.3884500e-01
   1.0289900e+00  -3.6580100e-01
   1.1190700e+00   3.0265900e-01
   7.9302500e-01   9.2370200e-01
   1.4659200e-01   1.2500100e+00
  -5.8508400e-01   1.1354500e+00
  -1.1172200e+00   6.0735600e-01
  -1.2360900e+00  -1.3452900e-01
  -8.9419400e-01  -7.9809900e-01
  -2.3280000e-01  -1.1229200e+00
   4.7966700e-01  -9.8989800e-01
   9.6275000e-01  -4.6610000e-01
   1.0376700e+00   2.3194900e-01
   6.9003200e-01   8.3312900e-01
   6.1366900e-02   1.1179100e+00
  -6.1603300e-01   9.9193600e-01
  -1.1064700e+00   5.0575500e-01
  -1.2463300e+00  -1.7434600e-01
  -9.8853100e-01  -8.2488900e-01
  -4.1191600e-01  -1.2328400e+00
   3.0116400e-01  -1.2581400e+00
   9.1509700e-01  -8.8021700e-01
   1.2128800e+00  -2.1543300e-01
   1.0741800e+00   5.0778200e-01
   5.3246400e-01   1.0202000e+00
  -2.1923900e-01   1.1127000e+00
  -8.8916500e-01   7.2842400e-01
  -1.1994100e+00   1.3501800e-03
  -1.0049500e+00  -7.8574200e-01
  -3.6315200e-01  -1.3133100e+00
   4.8329000e-01  -1.3596500e+00
   1.2058400e+00  -8.9588100e-01
   1.5271900e+00  -9.6818100e-02
   1.3328800e+00   7.3554800e-01
   7.0950800e-01   1.2978500e+00
  -1.0119500e-01   1.4025000e+00
  -8.0420600e-01   1.0387200e+00
  -1.1612900e+00   3.6137200e-01
  -1.0675500e+00  -3.7661700e-01
  -5.7480300e-01  -9.1500600e-01
   1.3488700e-01  -1.0684800e+00
   8.0989800e-01  -7.8059700e-01
   1.2061400e+00  -1.4092200e-01
   1.1641000e+00   6.3767600e-01
   6.6749100e-01   1.2803200e+00
  -1.3720500e-01   1.5401100e+00
  -9.7712700e-01   1.2920600e+00
  -1.5443900e+00   5.9449600e-01
  -1.6152300e+00  -3.1578100e-01
  -1.1485200e+00  -1.1047000e+00
  -3.1533300e-01  -1.4725200e+00
   5.6187800e-01  -1.2805200e+00
   1.1394400e+00  -6.1378300e-01
   1.1951300e+00   2.5180000e-01
   7.1884000e-01   9.6462500e-01
  -8.8603700e-02   1.2419400e+00
  -9.0378900e-01   9.7947000e-01
  -1.4125600e+00   2.8207200e-01
  -1.4270900e+00  -5.8925100e-01
  -9.4438300e-01  -1.3229200e+00
  -1.3324600e-01  -1.6683500e+00
   7.3390800e-01  -1.5146100e+00
   1.3741500e+00  -9.1764900e-01
   1.5825700e+00  -7.6580600e-02
   1.2952300e+00   7.2935800e-01
   6.1262800e-01   1.2274300e+00
  -2.2481000e-01   1.2416900e+00
  -9.0965000e-01   7.6121000e-01
  -1.1737700e+00  -4.1342900e-02
  -8.9429900e-01  -8.5871700e-01
  -1.5510500e-01  -1.3585400e+00
   7.7070700e-01  -1.3159500e+00
   1.5204800e+00  -7.1329900e-01
   1.7876000e+00   2.4203800e-01
   1.4503000e+00   1.1959400e+00
   6.2449400e-01   1.7910100e+00
  -3.8427400e-01   1.8119700e+00
  -1.2073300e+00   1.2687100e+00
  -1.5601100e+00   3.8366200e-01
  -1.3468200e+00  -5.0497700e-01
  -6.8376100e-01  -1.0770700e+00
   1.5821400e-01  -1.1450400e+00
   8.6004000e-01  -7.0950400e-01
   1.1655600e+00   5.4154700e-02
   9.6173000e-01   8.6317700e-01
   3.0961000e-01   1.4219000e+00
  -5.7675600e-01   1.5159300e+00
  -1.3962000e+00   1.0828900e+00
  -1.8562200e+00   2.4037800e-01
  -1.7746300e+00  -7.4224700e-01
  -1.1541500e+00  -1.5285900e+00
  -1.9700800e-01  -1.8355700e+00
   7.5737300e-01  -1.5472600e+00
   1.3573800e+00  -7.7259900e-01
   1.3805600e+00   1.8577200e-01
   8.2998800e-01   9.4700300e-01
  -6.1066400e-02   1.2063900e+00
  -9.2232400e-01   8.6125200e-01
  -1.3980500e+00   5.1939700e-02
  -1.2900100e+00  -8.9927200e-01
  -6.3064600e-01  -1.6214900e+00
   3.3987600e-01  -1.8405300e+00
   1.2753100e+00  -1.4761800e+00
   1.8556300e+00  -6.5890400e-01
   1.8971200e+00   3.3017100e-01
   1.4053500e+00   1.1640800e+00
   5.6238500e-01   1.5796700e+00
  -3.3891700e-01   1.4592000e+00
  -9.9039300e-01   8.6506100e-01
  -1.1679500e+00   2.0861100e-02
  -8.0884600e-01  -7.5767800e-01
  -4.2222900e-02  -1.1669300e+00
   8.4409900e-01  -1.0259100e+00
   1.4994500e+00  -3.5375400e-01
   1.6414700e+00   6.2207000e-01
   1.1730800e+00   1.5411100e+00
   2.3304600e-01   2.0470000e+00
  -8.4923500e-01   1.9323500e+00
  -1.6817300e+00   1.2276600e+00
  -1.9677100e+00   1.9218100e-01
  -1.6245900e+00  -7.9123100e-01
  -8.1223900e-01  -1.3708600e+00
   1.3853700e-01  -1.3626900e+00
   8.6164500e-01  -8.1272500e-01
   1.0953900e+00   3.4129900e-02
   7.7127600e-01   8.3693900e-01
   2.5142200e-02   1.2863700e+00
  -8.6275300e-01   1.2090700e+00
  -1.5691400e+00   6.1820900e-01
  -1.8348400e+00  -2.9791300e-01
  -1.5473200e+00  -1.2393800e+00
  -7.7844400e-01  -1.8909100e+00
   2.3338200e-01  -2.0257200e+00
   1.1561200e+00  -1.5874900e+00
   1.6759200e+00  -7.2123600e-01
   1.6139100e+00   2.6626500e-01
   1.0034500e+00   1.0123600e+00
   8.9981000e-02   1.2370800e+00
  -7.5613300e-01   8.5922000e-01
  -1.1846900e+00   3.7198800e-02
  -1.0090900e+00  -8.8913400e-01
  -2.8473600e-01  -1.5347200e+00
   7.1348600e-01  -1.6255200e+00
   1.6044800e+00  -1.1067300e+00
   2.0539200e+00  -1.5820300e-01
   1.9009600e+00   8.8442700e-01
   1.2092900e+00   1.6637700e+00
   2.2994400e-01   1.9319400e+00
  -6.9982100e-01   1.6304600e+00
  -1.2775300e+00   8.9737200e-01
  -1.3338400e+00   9.2620400e-03
  -8.8135400e-01  -7.1544000e-01
  -1.0550700e-01  -1.0206500e+00
   6.9648400e-01  -7.9594500e-01
   1.2122600e+00  -1.1661600e-01
   1.2213200e+00   7.7393200e-01
   6.7963500e-01   1.5409200e+00
  -2.5159800e-01   1.8758200e+00
  -1.2525500e+00   1.6160500e+00
  -1.9589600e+00   8.1838700e-01
  -2.1041400e+00  -2.5091300e-01
  -1.6300400e+00  -1.2135600e+00
  -7.1650400e-01  -1.7282600e+00
   2.8839700e-01  -1.6283900e+00
   1.0087000e+00  -9.8788200e-01
   1.1906600e+00  -8.6762900e-02
   7.9822300e-01   7.0613000e-01
   1.6750500e-02   1.0800100e+00
  -8.2965400e-01   8.9667100e-01
  -1.4065400e+00   2.3071000e-01
  -1.4896600e+00  -6.7101300e-01
  -1.0358700e+00  -1.4859200e+00
  -1.8748700e-01  -1.9284000e+00
   7.8221600e-01  -1.8417900e+00
   1.5604900e+00  -1.2457600e+00
   1.8961700e+00  -3.2937600e-01
   1.6832400e+00   6.0776000e-01
   1.0022100e+00   1.2525700e+00
   1.0154000e-01   1.3876700e+00
  -6.8290500e-01   9.7634900e-01
  -1.0494500e+00   1.8760100e-01
  -8.5001900e-01  -6.5766800e-01
  -1.5705900e-01  -1.2065500e+00
   7.5648700e-01  -1.2153500e+00
   1.5221100e+00  -6.5208000e-01
   1.8239800e+00   2.8689300e-01
   1.5268000e+00   1.2555400e+00
   7.2759400e-01   1.8981800e+00
  -2.8872000e-01   1.9894200e+00
  -1.1668300e+00   1.5153800e+00
  -1.6183100e+00   6.6726800e-01
  -1.5227400e+00  -2.4192400e-01
  -9.5842400e-01  -8.9737200e-01
  -1.6102100e-01  -1.0912600e+00
   5.6621700e-01  -7.8551200e-01
   9.5588900e-01  -1.1518700e-01
   8.6225600e-01   6.6141800e-01
   3.0755800e-01   1.2482400e+00
  -5.2268200e-01   1.4090000e+00
  -1.3364800e+00   1.0501300e+00
  -1.8322600e+00   2.6185700e-01
  -1.8082700e+00  -7.0233700e-01
  -1.2453800e+00  -1.5097900e+00
  -3.2627800e-01  -1.8718100e+00
   6.2527400e-01  -1.6596000e+00
   1.2674900e+00  -9.6215900e-01
   1.3773500e+00  -5.6349800e-02
   9.4176600e-01   7.0263600e-01
   1.6188900e-01   1.0246800e+00
  -6.3151700e-01   7.9968800e-01
  -1.1133600e+00   1.3538900e-01
  -1.0907700e+00  -6.9427900e-01
  -5.6952900e-01  -1.3627100e+00
   2.6030400e-01  -1.6152200e+00
   1.1051000e+00  -1.3558700e+00
   1.6767100e+00  -6.7016400e-01
   1.7890000e+00   2.1517600e-01
   1.4131900e+00   1.0137500e+00
   6.8131700e-01   1.4735500e+00
  -1.5856400e-01   1.4569800e+00
  -8.2209400e-01   9.8642500e-01
  -1.0826600e+00   2.4134600e-01
  -8.5289400e-01  -4.9681900e-01
  -2.2436300e-01  -9.4074500e-01
   5.5564700e-01  -9.0499000e-01
   1.1705200e+00  -3.8431800e-01
   1.3562500e+00   4.3408300e-01
   1.0103200e+00   1.2370800e+00
   2.3898400e-01   1.7084500e+00
  -6.8185300e-01   1.6572400e+00
  -1.4173700e+00   1.0953800e+00
  -1.7084600e+00   2.3024900e-01
  -1.4715100e+00  -6.2279700e-01
  -8.2282700e-01  -1.1673700e+00
  -2.2669000e-02  -1.2371500e+00
   6.3096800e-01  -8.4819100e-01
   9.1237800e-01  -1.7913800e-01
   7.4121200e-01   5.0387800e-01
   1.9898400e-01   9.4375700e-01
  -5.0773900e-01   9.7662400e-01
  -1.1194700e+00   5.8090000e-01
  -1.4082600e+00  -1.1827100e-01
  -1.2521700e+00  -8.8841900e-01
  -6.7960100e-01  -1.4636800e+00
   1.3252900e-01  -1.6348700e+00
   9.1256600e-01  -1.3282400e+00
   1.3886500e+00  -6.4214400e-01
   1.3928700e+00   1.7957400e-01
   9.3290900e-01   8.3515600e-01
   1.9658000e-01   1.0830100e+00
  -5.1891900e-01   8.4111600e-01
  -9.2634500e-01   2.2255200e-01
  -8.6525300e-01  -5.1071000e-01
  -3.6487400e-01  -1.0562000e+00
   3.7329500e-01  -1.1931400e+00
   1.0622200e+00  -8.6568800e-01
   1.4443400e+00  -1.9515800e-01
   1.3857400e+00   5.7705700e-01
   9.1525800e-01   1.1855400e+00
   2.0167400e-01   1.4350800e+00
  -5.1363900e-01   1.2607900e+00
  -1.0000300e+00   7.4021200e-01
  -1.1101900e+00   6.1351100e-02
  -8.2412500e-01  -5.3982300e-01
  -2.5525400e-01  -8.5476100e-01
   3.8363900e-01  -7.7159200e-01
   8.4870300e-01  -3.1803100e-01
   9.5058000e-01   3.3984900e-01
   6.2904600e-01   9.5007500e-01
  -1.4651900e-02   1.2663100e+00
  -7.4771600e-01   1.1460100e+00
  -1.2928300e+00   6.1340300e-01
  -1.4393600e+00  -1.4398100e-01
  -1.1307300e+00  -8.4834200e-01
  -4.8794100e-01  -1.2442500e+00
   2.4187300e-01  -1.2013600e+00
   7.8810700e-01  -7.6226600e-01
   9.6398000e-01  -1.1717300e-01
   7.3289800e-01   4.7868600e-01
   2.1064600e-01   8.0569300e-01
  -3.8966500e-01   7.5666800e-01
  -8.4108300e-01   3.6456200e-01
  -9.8079800e-01  -2.2070600e-01
  -7.5843800e-01  -7.9000900e-01
  -2.4563100e-01  -1.1446800e+00
   3.9019300e-01  -1.1583100e+00
   9.3858900e-01  -8.1638600e-01
   1.2128700e+00  -2.2418900e-01
   1.1142100e+00   4.2240400e-01
   6.7245800e-01   8.9987600e-01
   4.4611400e-02   1.0375000e+00
  -5.3628500e-01   7.8656800e-01
  -8.4841600e-01   2.4732100e-01
  -7.7135900e-01  -3.6395100e-01
  -3.3907300e-01  -7.9935400e-01
   2.7103200e-01  -8.8102300e-01
   8.1084300e-01  -5.7475400e-01
   1.0642700e+00  -2.0444400e-03
   9.3379900e-01   6.1390400e-01
   4.7365700e-01   1.0417900e+00
  -1.4085700e-01   1.1325300e+00
  -6.8882600e-01   8.6902600e-01
  -9.8813700e-01   3.6064100e-01
  -9.5538100e-01  -2.0727200e-01
  -6.2413700e-01  -6.4283300e-01
  -1.2362700e-01  -8.0984700e-01
   3.6838800e-01  -6.6601000e-01
   6.8208200e-01  -2.7148900e-01
   7.0763400e-01   2.3081800e-01
   4.3144200e-01   6.5870000e-01
  -5.4222800e-02   8.4926100e-01
  -5.7587400e-01   7.1772600e-01
  -9.3632400e-01   2.9541400e-01
  -9.8895300e-01  -2.7266400e-01
  -7.0001900e-01  -7.7709100e-01
  -1.6936300e-01  -1.0253900e+00
   4.0484300e-01  -9.2216200e-01
   8.0581400e-01  -5.1110600e-01
   8.8790000e-01   4.2476200e-02
   6.3545800e-01   5.2167500e-01
   1.6456100e-01   7.4821400e-01
  -3.3077100e-01   6.5181600e-01
  -6.6035800e-01   2.8995100e-01
  -7.1009500e-01  -1.8532300e-01
  -4.7634700e-01  -5.9289300e-01
  -5.5250000e-02  -7.8970200e-01
   4.0064700e-01  -7.1467900e-01
   7.3695100e-01  -3.9977300e-01
   8.4466500e-01   4.7735900e-02
   6.8991600e-01   4.8118400e-01
   3.2268700e-01   7.5855100e-01
  -1.3641700e-01   7.8593000e-01
  -5.3095000e-01   5.5073500e-01
  -7.1966200e-01   1.3278800e-01
  -6.2979800e-01  -3.1640600e-01
  -2.9148500e-01  -6.2566100e-01
   1.6594800e-01  -6.7125500e-01
   5.6071000e-01  -4.3113900e-01
   7.3224100e-01   8.9508400e-04
   6.0967300e-01   4.5155200e-01
   2.4248400e-01   7.4069600e-01
  -2.2193700e-01   7.5713600e-01
  -6.0289700e-01   5.0235800e-01
  -7.6190900e-01   8.3566900e-02
  -6.5451200e-01  -3.3707800e-01
  -3.3833700e-01  -6.1026000e-01
   5.9835700e-02  -6.5340000e-01
   3.9765700e-01  -4.7141900e-01
   5.6687700e-01  -1.4344900e-01
   5.2294100e-01   2.1163700e-01
   2.9100300e-01   4.7481700e-01
  -4.6654700e-02   5.6054700e-01
  -3.7540300e-01   4.3969500e-01
  -5.8084800e-01   1.4933900e-01
  -5.8468200e-01  -2.1414100e-01
  -3.7510600e-01  -5.2186500e-01
  -1.8876100e-02  -6.5618100e-01
   3.5590400e-01  -5.5796500e-01
   6.0591700e-01  -2.5664700e-01
   6.3156800e-01   1.3496600e-01
   4.2204500e-01   4.6397300e-01
   6.2980400e-02   6.0179200e-01
  -2.9954400e-01   4.9972100e-01
  -5.2250700e-01   2.0851300e-01
  -5.2638200e-01  -1.4715900e-01
  -3.2414200e-01  -4.2539900e-01
  -7.8058600e-03  -5.2633600e-01
   2.9661100e-01  -4.2684000e-01
   4.8129100e-01  -1.7915800e-01
   4.9262100e-01   1.1913500e-01
   3.4043600e-01   3.6526600e-01
   8.4572500e-02   4.8394200e-01
  -1.8950300e-01   4.4451600e-01
  -3.9579600e-01   2.6399600e-01
  -4.6943800e-01   4.2945000e-04
  -3.8432400e-01  -2.6126100e-01
  -1.6443500e-01  -4.3167200e-01
   1.1730100e-01  -4.4605200e-01
   3.5861200e-01  -2.9194700e-01
   4.6451000e-01  -2.1665800e-02
   3.8809100e-01   2.6169300e-01
   1.5559800e-01   4.4396800e-01
  -1.4004300e-01   4.4959400e-01
  -3.7785200e-01   2.7684800e-01
  -4.6235100e-01  -4.5384200e-04
  -3.6545000e-01  -2.6686200e-01
  -1.3575400e-01  -4.1769200e-01
   1.2793800e-01  -4.0329200e-01
   3.2324200e-01  -2.4432200e-01
   3.8633800e-01  -1.4179700e-02
   3.1074200e-01   1.9803400e-01
   1.3898300e-01   3.2331100e-01
  -6.2265400e-02   3.3204000e-01
  -2.2810800e-01   2.3414100e-01
  -3.1223700e-01   6.7586800e-02
  -2.9382400e-01  -1.1521200e-01
  -1.7929000e-01  -2.5901100e-01
  -2.1175700e-03  -3.1712900e-01
   1.8151900e-01  -2.6505300e-01
   3.0617000e-01  -1.1345600e-01
   3.2018800e-01   8.7854800e-02
   2.1040800e-01   2.6302500e-01
   1.4465200e-02   3.3968200e-01
  -1.9004600e-01   2.8267800e-01
  -3.1827800e-01   1.1378400e-01
  -3.1758200e-01  -9.5651400e-02
  -1.9265600e-01  -2.5741300e-01
  -2.2058100e-03  -3.0785200e-01
   1.7104500e-01  -2.3590100e-01
   2.6007100e-01  -8.3456100e-02
   2.4147200e-01   7.9833200e-02
   1.3864800e-01   1.9126100e-01
   2.6206600e-03   2.1997100e-01
  -1.1505900e-01   1.7150500e-01
  -1.8157500e-01   7.5107100e-02
  -1.8717000e-01  -3.4084900e-02
  -1.3862600e-01  -1.2667100e-01
  -5.1446600e-02  -1.8153000e-01
   5.2980000e-02  -1.8461700e-01
   1.4688300e-01  -1.3087100e-01
   1.9899200e-01  -3.0418800e-02
   1.8509100e-01   8.7120600e-02
   1.0257700e-01   1.7825700e-01
  -2.1267900e-02   2.0311100e-01
  -1.3637300e-01   1.4683600e-01
  -1.9219300e-01   3.1395200e-02
  -1.6391200e-01  -9.2029200e-02
  -6.6668600e-02  -1.6796900e-01
   5.1890900e-02  -1.6521800e-01
   1.3709900e-01  -9.2042000e-02
   1.5565200e-01   1.0901700e-02
   1.1010400e-01   9.4837000e-02
   3.2047000e-02   1.2877900e-01
  -3.9631400e-02   1.1162600e-01
  -8.0274000e-02   6.5231800e-02
  -8.7682100e-02   1.6045800e-02
  -7.4600600e-02  -2.0695100e-02
  -5.4135800e-02  -4.4268400e-02
  -3.0366700e-02  -5.9939400e-02
  -4.8159300e-04  -6.8173000e-02
   3.5441600e-02  -6.1729700e-02
   6.7208200e-02  -3.3157900e-02
   7.7603400e-02   1.4227200e-02
   5.4574900e-02   6.2331200e-02
   3.0153300e-03   8.6475600e-02
  -5.4103200e-02   7.1132600e-02
  -8.7876000e-02   2.1782300e-02
  -8.1286200e-02  -3.6587900e-02
  -4.0159900e-02  -7.4355800e-02
   1.0865000e-02  -7.5568000e-02
   4.4781900e-02  -4.6887300e-02
   4.9452100e-02  -1.1004900e-02
   3.3466100e-02   1.0393400e-02
   1.6899700e-02   1.1480800e-02
   1.4425500e-02   4.1748300e-03
   2.3796800e-02   6.1521600e-03
   2.8485700e-02   2.4597500e-02
   1.2374400e-02   4.8536200e-02
  -2.4929100e-02   5.6094400e-02
  -6.4326800e-02   3.1632700e-02
  -7.8716900e-02  -2.0055000e-02
  -5.1999500e-02  -7.3540800e-02
   8.0076000e-03  -9.7598500e-02
   7.2299600e-02  -7.5175900e-02
   1.0760100e-01  -1.4787100e-02
   9.6091100e-02   5.4365300e-02
   4.4889200e-02   9.9868699e-02
  -2.0178400e-02   1.0413100e-01
  -7.1027900e-02   7.1420800e-02
  -9.2115500e-02   2.0929200e-02
  -8.4337100e-02  -2.7171700e-02
  -5.7827500e-02  -6.1829400e-02
  -2.1683500e-02  -8.1118300e-02
   2.0228900e-02  -8.4920800e-02
   6.4685300e-02  -6.9039400e-02
   1.0154700e-01  -2.7677400e-02
   1.1244600e-01   3.6860800e-02
   8.0134800e-02   1.0605600e-01
   3.4719000e-03   1.4807500e-01
  -9.3498300e-02   1.3352000e-01
  -1.6781300e-01   5.5422800e-02
  -1.7862100e-01  -6.0354900e-02
  -1.1136900e-01  -1.6355100e-01
   1.0318900e-02  -2.0411100e-01
   1.3385100e-01  -1.5919300e-01
   2.0370800e-01  -4.6376300e-02
   1.8942400e-01   8.4964800e-02
   9.9564799e-02   1.7878900e-01
  -2.5178800e-02   1.9912500e-01
  -1.3388000e-01   1.4386100e-01
  -1.8850900e-01   4.0311400e-02
  -1.7622100e-01  -7.1424100e-02
  -1.0762700e-01  -1.5570000e-01
  -6.9015400e-03  -1.9057600e-01
   9.7636099e-02  -1.6849100e-01
   1.7816000e-01  -9.3887099e-02
   2.0959900e-01   1.7051800e-02
   1.7473800e-01   1.3501500e-01
   7.3666900e-02   2.2023100e-01
  -6.7824900e-02   2.3418800e-01
  -1.9993100e-01   1.5841700e-01
  -2.6558700e-01   1.0294300e-02
  -2.2728300e-01  -1.5631400e-01
  -8.9905299e-02  -2.7073000e-01
   9.5209399e-02  -2.7813400e-01
   2.5045900e-01  -1.6827100e-01
   3.0766900e-01   1.6473900e-02
   2.4070300e-01   1.9938500e-01
   7.7523400e-02   3.0488000e-01
  -1.1414300e-01   2.9240400e-01
  -2.5872600e-01   1.7175500e-01
  -3.0495300e-01  -5.7667500e-03
  -2.4302800e-01  -1.7270200e-01
  -1.0200700e-01  -2.7266000e-01
   6.6559700e-02  -2.7737700e-01
   2.0798600e-01  -1.9020800e-01
   2.7910600e-01  -4.0269400e-02
   2.5689000e-01   1.2668900e-01
   1.4353300e-01   2.5816100e-01
  -3.0928900e-02   3.0693800e-01
  -2.1162500e-01   2.4642700e-01
  -3.3211900e-01   8.5433799e-02
  -3.3818300e-01  -1.2642600e-01
  -2.1395000e-01  -3.1079900e-01
   3.5377600e-03  -3.9012600e-01
   2.3290100e-01  -3.2319500e-01
   3.8043200e-01  -1.2852800e-01
   3.8202000e-01   1.1883600e-01
   2.3401800e-01   3.1832200e-01
  -3.5127700e-03   3.8832900e-01
  -2.3341600e-01   3.0220300e-01
  -3.6437200e-01   9.8138899e-02
  -3.4877700e-01  -1.4030200e-01
  -1.9852400e-01  -3.2141000e-01
   2.5481600e-02  -3.8142300e-01
   2.4116800e-01  -3.0444100e-01
   3.7579200e-01  -1.2172500e-01
   3.8747300e-01   1.0401100e-01
   2.7386200e-01   2.9997000e-01
   7.0127400e-02   4.0343000e-01
  -1.6047400e-01   3.7821700e-01
  -3.4228900e-01   2.2653800e-01
  -4.0900100e-01  -6.7813400e-03
  -3.2804200e-01  -2.4270900e-01
  -1.1888100e-01  -3.9185300e-01
   1.4599900e-01  -3.8885000e-01
   3.6365600e-01  -2.2363500e-01
   4.4141800e-01   4.7065800e-02
   3.3867900e-01   3.1778700e-01
   8.8810599e-02   4.7711300e-01
  -2.1176500e-01   4.5634000e-01
  -4.4395400e-01   2.6042300e-01
  -5.1699200e-01  -3.4152100e-02
  -4.0582400e-01  -3.1316000e-01
  -1.5827900e-01  -4.7304700e-01
   1.2874700e-01  -4.6116200e-01
   3.5030900e-01  -2.9144000e-01
   4.3227600e-01  -3.2779300e-02
   3.5353200e-01   2.2041400e-01
   1.4736400e-01   3.8135400e-01
  -1.1338000e-01   3.9664200e-01
  -3.3966900e-01   2.5998000e-01
  -4.5203600e-01   1.3545000e-02
  -4.0453900e-01  -2.6243400e-01
  -2.0231500e-01  -4.7163200e-01
   9.3910699e-02  -5.3260400e-01
   3.8249700e-01  -4.1079500e-01
   5.5486100e-01  -1.3845700e-01
   5.3870400e-01   1.8999700e-01
   3.3214900e-01   4.5065600e-01
   1.0715800e-02   5.4011600e-01
  -2.9993800e-01   4.2105900e-01
  -4.7567500e-01   1.4104600e-01
  -4.4677200e-01  -1.8599900e-01
  -2.2723700e-01  -4.2781700e-01
   9.2746899e-02  -4.8897100e-01
   3.8637000e-01  -3.4801700e-01
   5.4216100e-01  -6.1714400e-02
   5.0518500e-01   2.6213700e-01
   2.9233700e-01   5.0814300e-01
  -1.9884400e-02   5.9399700e-01
  -3.2574000e-01   4.9472100e-01
  -5.2559700e-01   2.4624500e-01
  -5.5578800e-01  -6.8533400e-02
  -4.0711200e-01  -3.4529200e-01
  -1.2898400e-01  -4.8963600e-01
   1.8272400e-01  -4.4797900e-01
   4.1412300e-01  -2.2958400e-01
   4.7270800e-01   8.9964999e-02
   3.2522200e-01   3.9018000e-01
   1.7368100e-02   5.4885400e-01
  -3.3726800e-01   4.9203000e-01
  -5.9910500e-01   2.2878300e-01
  -6.5963900e-01  -1.4739600e-01
  -4.8842000e-01  -4.9435400e-01
  -1.4748000e-01  -6.7967400e-01
   2.3423400e-01  -6.3547500e-01
   5.1465100e-01  -3.8483200e-01
   5.9579100e-01  -2.9141100e-02
   4.5952900e-01   2.9563500e-01
   1.6900800e-01   4.7272800e-01
  -1.6074300e-01   4.4571400e-01
  -4.0745400e-01   2.3338400e-01
  -4.8335500e-01  -8.2524199e-02
  -3.6126300e-01  -3.8799200e-01
  -8.0350099e-02  -5.7396700e-01
   2.6704000e-01  -5.7007800e-01
   5.6333100e-01  -3.6741400e-01
   7.0252199e-01  -2.4591100e-02
   6.2713200e-01   3.4691700e-01
   3.5328800e-01   6.1774200e-01
  -2.8090400e-02   6.8735799e-01
  -3.7967200e-01   5.2593300e-01
  -5.6885900e-01   1.9220100e-01
  -5.2233600e-01  -1.8440500e-01
  -2.5956200e-01  -4.5357300e-01
   1.1199300e-01  -5.0590800e-01
   4.3986700e-01  -3.1915400e-01
   5.8943600e-01   3.2476600e-02
   4.9845800e-01   4.0996200e-01
   1.9970300e-01   6.6698799e-01
  -1.9613000e-01   7.0728399e-01
  -5.4680100e-01   5.1809800e-01
  -7.3260599e-01   1.6915800e-01
  -6.9677499e-01  -2.1791900e-01
  -4.6003300e-01  -5.1452300e-01
  -1.0878400e-01  -6.2743000e-01
   2.3550300e-01  -5.2666300e-01
   4.5529100e-01  -2.5339400e-01
   4.7430100e-01   9.2720099e-02
   2.8394600e-01   3.8404800e-01
  -4.9563700e-02   5.0687600e-01
  -4.0301100e-01   4.0326100e-01
  -6.3727200e-01   9.7651899e-02
  -6.4989499e-01  -3.0530300e-01
  -4.1891600e-01  -6.5586699e-01
  -1.7416800e-02  -8.1672399e-01
   4.1114900e-01  -7.1982299e-01
   7.0913899e-01  -3.9687300e-01
   7.6893699e-01   3.1721200e-02
   5.7668800e-01   4.0572500e-01
   2.1624000e-01   5.9013500e-01
  -1.6732700e-01   5.2776500e-01
  -4.2696300e-01   2.5772300e-01
  -4.6953100e-01  -1.0512400e-01
  -2.8651800e-01  -4.1757300e-01
   4.8878500e-02  -5.6117300e-01
   4.1253100e-01  -4.8134400e-01
   6.7371299e-01  -2.0177000e-01
   7.3771599e-01   1.8664800e-01
   5.7529300e-01   5.5618800e-01
   2.3236200e-01   7.8294299e-01
  -1.8261600e-01   7.8739099e-01
  -5.3194300e-01   5.6365100e-01
  -6.9519699e-01   1.8660800e-01
  -6.1476199e-01  -2.0949100e-01
  -3.2251000e-01  -4.7772300e-01
   6.6492599e-02  -5.1529700e-01
   3.9521700e-01  -3.0747300e-01
   5.2665000e-01   6.2224599e-02
   4.0072900e-01   4.4292100e-01
   6.0538899e-02   6.7700899e-01
  -3.6475600e-01   6.6443999e-01
  -7.1286999e-01   4.0247800e-01
  -8.5352299e-01  -1.5678900e-02
  -7.3763499e-01  -4.4080900e-01
  -4.1156400e-01  -7.2690099e-01
   5.8760600e-03  -7.8439999e-01
   3.7056000e-01  -6.0803899e-01
   5.6429500e-01  -2.7271900e-01
   5.3252300e-01   9.6620199e-02
   2.9883200e-01   3.6823700e-01
  -4.5026700e-02   4.4623900e-01
  -3.6917900e-01   3.0144600e-01
  -5.4770100e-01  -1.7481100e-02
  -5.0182500e-01  -3.9701800e-01
  -2.3097200e-01  -6.9484899e-01
   1.8112600e-01  -7.9012799e-01
   5.9171099e-01  -6.3113399e-01
   8.5036999e-01  -2.6050300e-01
   8.5826699e-01   1.9575000e-01
   6.1036799e-01   5.7473200e-01
   2.0057700e-01   7.4123699e-01
  -2.1463400e-01   6.4286299e-01
  -4.7934000e-01   3.3108700e-01
  -5.0058100e-01  -6.1042599e-02
  -2.8322800e-01  -3.7408800e-01
   7.6131599e-02  -4.8547200e-01
   4.3091500e-01  -3.5428300e-01
   6.4202699e-01  -3.1544500e-02
   6.2749199e-01   3.6405400e-01
   3.8739800e-01   6.9179799e-01
  -8.5618999e-04   8.3762699e-01
  -4.1144500e-01   7.5028599e-01
  -7.1198799e-01   4.5605400e-01
  -8.0611799e-01   4.9790000e-02
  -6.6550199e-01  -3.3488500e-01
  -3.4187600e-01  -5.6903799e-01
   4.6779900e-02  -5.7366499e-01
   3.5496900e-01  -3.5151000e-01
   4.6274600e-01   8.6129199e-03
   3.2399300e-01   3.6090300e-01
  -1.0992400e-02   5.5736599e-01
  -4.1122600e-01   5.0755100e-01
  -7.1548099e-01   2.1746300e-01
  -7.9730499e-01  -2.1070600e-01
  -6.1649899e-01  -6.1923499e-01
  -2.3453100e-01  -8.5846699e-01
   2.1210800e-01  -8.4559499e-01
   5.6754699e-01  -5.9405199e-01
   7.1640399e-01  -2.0339700e-01
   6.2368199e-01   1.8276000e-01
   3.4168000e-01   4.3123800e-01
  -1.4433200e-02   4.6487200e-01
  -3.0978000e-01   2.8491400e-01
  -4.3547800e-01  -3.3643400e-02
  -3.4325800e-01  -3.6915800e-01
  -6.0505699e-02  -5.9354299e-01
   3.1770800e-01  -6.1449599e-01
   6.5825999e-01  -4.0816500e-01
   8.3444499e-01  -3.1376800e-02
   7.7232999e-01   3.9349300e-01
   4.8213500e-01   7.1965499e-01
   5.9928899e-02   8.3062799e-01
  -3.4507400e-01   6.8762899e-01
  -5.8746699e-01   3.4848000e-01
  -5.8415799e-01  -5.2677900e-02
  -3.4884700e-01  -3.5836900e-01
   1.3494500e-02  -4.5134300e-01
   3.5007200e-01  -3.0111700e-01
   5.2234600e-01   2.6245400e-02
   4.5973500e-01   3.9776300e-01
   1.8334400e-01   6.6779699e-01
  -2.0716800e-01   7.3314499e-01
  -5.7457799e-01   5.6770599e-01
  -7.9453099e-01   2.2662000e-01
  -7.9679199e-01  -1.7741500e-01
  -5.8544199e-01  -5.1422900e-01
  -2.3469600e-01  -6.7880899e-01
   1.3621800e-01  -6.2452299e-01
   4.0162600e-01  -3.7849100e-01
   4.7120700e-01  -3.4433700e-02
   3.2286300e-01   2.7687200e-01
   1.4580300e-02   4.3267700e-01
  -3.3222300e-01   3.6477500e-01
  -5.7559599e-01   8.9368899e-02
  -6.0803599e-01  -2.9433400e-01
  -4.0143900e-01  -6.3979299e-01
  -2.1539600e-02  -8.1063899e-01
   3.9644900e-01  -7.3616799e-01
   7.0177899e-01  -4.4038400e-01
   7.8850199e-01  -3.1599900e-02
   6.3609399e-01   3.4237900e-01
   3.1391500e-01   5.5316199e-01
  -5.0059299e-02   5.3951199e-01
  -3.2061800e-01   3.2571300e-01
  -4.0480000e-01   6.6007999e-03
  -2.8150400e-01  -2.9103700e-01
  -3.6985500e-03  -4.5406600e-01
   3.2356900e-01  -4.1989400e-01
   5.7964899e-01  -1.9484700e-01
   6.6769299e-01   1.4916700e-01
   5.4642999e-01   4.9768699e-01
   2.4562900e-01   7.3056699e-01
  -1.4061200e-01   7.6301999e-01
  -4.8343400e-01   5.7801199e-01
  -6.6446199e-01   2.3699900e-01
  -6.2148399e-01  -1.3847300e-01
  -3.7582400e-01  -4.1083100e-01
  -2.7575500e-02  -4.8043000e-01
   2.8222900e-01  -3.2687700e-01
   4.2810800e-01  -1.8684200e-02
   3.5115500e-01   3.1423400e-01
   8.2177099e-02   5.3372399e-01
  -2.7275700e-01   5.4886099e-01
  -5.7680699e-01   3.4999500e-01
  -7.1651699e-01   8.5069399e-03
  -6.4290499e-01  -3.5471900e-01
  -3.8486800e-01  -6.1649299e-01
  -3.3428800e-02  -6.9466999e-01
   2.9356100e-01  -5.7302399e-01
   4.9188799e-01  -3.0230500e-01
   5.0379599e-01   1.9504500e-02
   3.3498900e-01   2.7989900e-01
   5.2411299e-02   3.8817900e-01
  -2.3669200e-01   3.0585100e-01
  -4.1989600e-01   6.2005999e-02
  -4.1948700e-01  -2.5317700e-01
  -2.2367600e-01  -5.1787499e-01
   1.0436400e-01  -6.2325299e-01
   4.4658300e-01  -5.1713499e-01
   6.7432099e-01  -2.2794600e-01
   6.9982399e-01   1.4348100e-01
   5.1278999e-01   4.6293999e-01
   1.8511100e-01   6.1681799e-01
  -1.5881500e-01   5.5748799e-01
  -3.9294000e-01   3.2042600e-01
  -4.3902000e-01   6.7207699e-03
  -2.9398600e-01  -2.5957400e-01
  -2.5963500e-02  -3.7968400e-01
   2.5608500e-01  -3.1437900e-01
   4.4427800e-01  -9.3187699e-02
   4.6876499e-01   2.0100500e-01
   3.1834400e-01   4.6310199e-01
   4.1032800e-02   6.0091299e-01
  -2.7298500e-01   5.6410699e-01
  -5.2028799e-01   3.6009900e-01
  -6.1757499e-01   5.2913599e-02
  -5.3058899e-01  -2.5587300e-01
  -2.8902400e-01  -4.6053599e-01
   2.0103100e-02  -4.8956499e-01
   2.8168900e-01  -3.3501800e-01
   3.9585000e-01  -5.9416199e-02
   3.1861000e-01   2.2576200e-01
   8.1829699e-02   4.0351800e-01
  -2.1807200e-01   3.9909300e-01
  -4.5909499e-01   2.1095800e-01
  -5.4357499e-01  -8.9077799e-02
  -4.3698600e-01  -3.8647000e-01
  -1.7921300e-01  -5.7094799e-01
   1.3485600e-01  -5.7899999e-01
   3.9475300e-01  -4.1468500e-01
   5.1597099e-01  -1.4290200e-01
   4.6754299e-01   1.3864700e-01
   2.7793900e-01   3.3548600e-01
   2.0940100e-02   3.8709200e-01
  -2.1089700e-01   2.8393500e-01
  -3.3612600e-01   6.8240299e-02
  -3.0992000e-01  -1.8011400e-01
  -1.3910100e-01  -3.6879900e-01
   1.1794100e-01  -4.2349200e-01
   3.6850000e-01  -3.1512100e-01
   5.1706299e-01  -7.3898499e-02
   5.0151999e-01   2.1767700e-01
   3.1991900e-01   4.5352499e-01
   3.4816400e-02   5.4509399e-01
  -2.4925300e-01   4.5808499e-01
  -4.2735899e-01   2.2792400e-01
  -4.3707299e-01  -5.4145999e-02
  -2.8345500e-01  -2.7879800e-01
  -3.5094100e-02  -3.6328100e-01
   2.0610300e-01  -2.8318100e-01
   3.4679000e-01  -7.8427599e-02
   3.3717800e-01   1.6671300e-01
   1.8578500e-01   3.5857300e-01
  -4.8897299e-02   4.2837199e-01
  -2.8304600e-01   3.5348900e-01
  -4.3720699e-01   1.6090600e-01
  -4.6108799e-01  -8.4887899e-02
  -3.4763500e-01  -3.0359900e-01
  -1.3437700e-01  -4.2407599e-01
   1.0772500e-01  -4.0673400e-01
   2.9603300e-01  -2.5783600e-01
   3.6391400e-01  -3.0273800e-02
   2.8610400e-01   1.9208900e-01
   9.1503499e-02   3.2385500e-01
  -1.4430900e-01   3.1161300e-01
  -3.2677500e-01   1.5748900e-01
  -3.8037600e-01  -7.9102199e-02
  -2.8056200e-01  -3.0437000e-01
  -6.4621899e-02  -4.2868999e-01
   1.8409000e-01  -4.0364700e-01
   3.7138200e-01  -2.4082200e-01
   4.3058199e-01  -4.5140599e-03
   3.4706600e-01   2.1682100e-01
   1.5974800e-01   3.4633300e-01
  -5.8316099e-02   3.4614900e-01
  -2.2949600e-01   2.2682300e-01
  -2.9853700e-01   3.8489800e-02
  -2.4819800e-01  -1.4958600e-01
  -1.0117900e-01  -2.7231800e-01
   8.9336199e-02  -2.8818200e-01
   2.5651800e-01  -1.9095600e-01
   3.4022200e-01  -1.1997100e-02
   3.0663200e-01   1.8804600e-01
   1.6176800e-01   3.3772000e-01
  -4.7110099e-02   3.7965300e-01
  -2.4567300e-01   2.9369500e-01
  -3.5961600e-01   1.0806200e-01
  -3.4487100e-01  -1.0867200e-01
  -2.0746400e-01  -2.7378200e-01
  -2.6795300e-03  -3.2448200e-01
   1.8748200e-01  -2.4449200e-01
   2.8880600e-01  -7.0436299e-02
   2.6538200e-01   1.2488400e-01
   1.3237400e-01   2.6403100e-01
  -5.3568199e-02   2.9624300e-01
  -2.1997500e-01   2.1489500e-01
  -3.0744200e-01   5.5466699e-02
  -2.8953000e-01  -1.2209000e-01
  -1.7777300e-01  -2.5684900e-01
  -1.3353500e-02  -3.0669400e-01
   1.4866800e-01  -2.5908100e-01
   2.5646200e-01  -1.3223300e-01
   2.7603300e-01   3.1349000e-02
   2.0118800e-01   1.7709300e-01
   5.6867899e-02   2.5454200e-01
  -1.0650100e-01   2.3448400e-01
  -2.2847900e-01   1.2161900e-01
  -2.6065300e-01  -4.3648399e-02
  -1.8722300e-01  -1.9791800e-01
  -3.4232400e-02  -2.7915600e-01
   1.3880400e-01  -2.5301000e-01
   2.6295200e-01  -1.2863000e-01
   2.8921400e-01   4.4459299e-02
   2.0932900e-01   1.9769600e-01
   5.8072699e-02   2.7298800e-01
  -1.0346000e-01   2.4629700e-01
  -2.1469100e-01   1.3482800e-01
  -2.3944100e-01  -1.3817900e-02
  -1.7680600e-01  -1.4339300e-01
  -5.6671099e-02  -2.1063600e-01
   7.5142499e-02  -1.9818400e-01
   1.7397900e-01  -1.1616900e-01
   2.0939700e-01   4.7114299e-03
   1.7191600e-01   1.2397700e-01
   7.4187099e-02   2.0266200e-01
  -5.2372799e-02   2.1377800e-01
  -1.6547000e-01   1.5094900e-01
  -2.2439200e-01   3.2792800e-02
  -2.0478200e-01  -1.0036900e-01
  -1.1028300e-01  -1.9916200e-01
   2.5531500e-02  -2.2423500e-01
   1.5036300e-01  -1.6394700e-01
   2.1443600e-01  -4.1495799e-02
   1.9242700e-01   9.3569899e-02
   9.5100499e-02   1.8658300e-01
  -3.5646700e-02   2.0175100e-01
  -1.4602700e-01   1.3706300e-01
  -1.9410300e-01   2.3113800e-02
  -1.6632800e-01  -9.2550599e-02
  -7.9853499e-02  -1.6672100e-01
   2.8470500e-02  -1.7686600e-01
   1.1905900e-01  -1.2614200e-01
   1.6389700e-01  -3.7549199e-02
   1.5317100e-01   5.7353999e-02
   9.4458799e-02   1.2911500e-01
   7.8694599e-03   1.5735600e-01
  -7.9764399e-02   1.3437600e-01
  -1.4092900e-01   6.6807599e-02
  -1.5442200e-01  -2.4665100e-02
  -1.1297400e-01  -1.0932500e-01
  -2.8579100e-02  -1.5555100e-01
   6.8730799e-02  -1.4332500e-01
   1.4083500e-01  -7.4657899e-02
   1.5745000e-01   2.4480400e-02
   1.1062600e-01   1.1372000e-01
   1.9735800e-02   1.5597100e-01
  -7.6725499e-02   1.3457100e-01
  -1.3888800e-01   6.0798899e-02
  -1.4365300e-01  -3.2312700e-02
  -9.3852899e-02  -1.0627100e-01
  -1.4351000e-02  -1.3456500e-01
   6.1571299e-02  -1.1235300e-01
   1.0737100e-01  -5.4757099e-02
   1.1226400e-01   1.3226400e-02
   8.1297299e-02   6.8316499e-02
   2.9191300e-02   9.6149199e-02
  -2.6801700e-02   9.2510599e-02
  -7.1334799e-02   6.1085799e-02
  -9.2644699e-02   1.1179400e-02
  -8.3816399e-02  -4.3329699e-02
  -4.5297199e-02  -8.5416299e-02
   1.2511000e-02  -9.9026899e-02
   6.9863799e-02  -7.5881699e-02
   1.0382400e-01  -2.1545200e-02
   9.8494199e-02   4.4014899e-02
   5.4027399e-02   9.3745399e-02
  -1.1544500e-02   1.0607400e-01
  -6.9995799e-02   7.6014799e-02
  -9.6606499e-02   1.8096700e-02
  -8.2301899e-02  -4.1033999e-02
  -3.7294199e-02  -7.6269799e-02
   1.5588600e-02  -7.6078099e-02
   5.3471999e-02  -4.6290599e-02
   6.4274199e-02  -4.3916899e-03
   5.0006599e-02   3.1150300e-02
   2.2052400e-02   4.9592099e-02
  -7.0591399e-03   5.0112299e-02
  -2.9548500e-02   3.7960599e-02
  -4.2976599e-02   1.8931700e-02
  -4.7058299e-02  -3.3363099e-03
  -4.0831099e-02  -2.6033700e-02
  -2.3204600e-02  -4.4429599e-02
   3.7108799e-03  -5.1516499e-02
   3.2111100e-02  -4.1568499e-02
   5.0254199e-02  -1.5298900e-02
   4.8531599e-02   1.7816100e-02
   2.6056800e-02   4.2968799e-02
  -7.2188199e-03   4.7937399e-02
  -3.5172999e-02   3.0524900e-02
  -4.4525899e-02   3.0976800e-04
  -3.2444400e-02  -2.6869900e-02
  -7.6751499e-03  -3.8279499e-02
   1.5515400e-02  -3.1354000e-02
   2.6388100e-02  -1.3913200e-02
   2.3619500e-02   2.2256400e-03
   1.4314900e-02   9.4486099e-03
   7.4299599e-03   8.5552899e-03
   6.7850999e-03   6.3575099e-03
   8.8415399e-03   9.0020399e-03
   6.6003799e-03   1.6399200e-02
  -3.7055899e-03   2.2075600e-02
  -1.8508700e-02   1.8486600e-02
  -2.8707800e-02   3.6047199e-03
  -2.6130700e-02  -1.6393000e-02
  -9.8308798e-03  -3.0563200e-02
   1.2529000e-02  -3.0375100e-02
   2.9311200e-02  -1.5445400e-02
   3.2237199e-02   6.2624699e-03
   2.1211700e-02   2.3765000e-02
   3.4278299e-03   2.9920800e-02
  -1.2156900e-02   2.4942400e-02
  -2.0590100e-02   1.4447100e-02
  -2.2717300e-02   4.1594299e-03
  -2.2163600e-02  -4.2301199e-03
  -2.0567100e-02  -1.2782000e-02
  -1.5449600e-02  -2.3169800e-02
  -2.8157900e-03  -3.2604499e-02
   1.7534500e-02  -3.3892799e-02
   3.8638899e-02  -2.0423700e-02
   4.8560299e-02   7.3365699e-03
   3.7615499e-02   3.9081599e-02
   5.9728199e-03   5.8695799e-02
  -3.4015899e-02   5.3346499e-02
  -6.3205199e-02   2.1970900e-02
  -6.6012399e-02  -2.2631900e-02
  -3.9423899e-02  -5.9931799e-02
   5.0038599e-03  -7.2507599e-02
   4.7343999e-02  -5.5048399e-02
   6.9727299e-02  -1.6316000e-02
   6.4686299e-02   2.6479100e-02
   3.7003699e-02   5.6777999e-02
  -8.0575199e-04   6.5626799e-02
  -3.5427199e-02   5.3201299e-02
  -5.7572299e-02   2.5740400e-02
  -6.2849099e-02  -8.5493499e-03
  -5.0267799e-02  -4.1541299e-02
  -2.1392000e-02  -6.4996599e-02
   1.8451100e-02  -7.0527499e-02
   5.8499799e-02  -5.2087399e-02
   8.3646999e-02  -1.0665000e-02
   8.0025099e-02   4.2217499e-02
   4.3094299e-02   8.6225999e-02
  -1.6826400e-02   1.0032700e-01
  -7.6339899e-02   7.3843299e-02
  -1.0877700e-01   1.4004900e-02
  -9.7458598e-02  -5.5322599e-02
  -4.5005599e-02  -1.0412600e-01
   2.6967500e-02  -1.1068300e-01
   8.7942999e-02  -7.2082099e-02
   1.1289000e-01  -5.1718099e-03
   9.3213798e-02   6.2120899e-02
   3.8989099e-02   1.0383400e-01
  -2.7462900e-02   1.0637500e-01
  -8.2041699e-02   7.1817699e-02
  -1.0766000e-01   1.4293100e-02
  -9.8126898e-02  -4.6860899e-02
  -5.7569699e-02  -9.3238898e-02
   2.0827300e-03  -1.1116200e-01
   6.3693799e-02  -9.3976798e-02
   1.0784100e-01  -4.4177199e-02
   1.1748500e-01   2.5021700e-02
   8.4576899e-02   9.0951998e-02
   1.6050800e-02   1.2773700e-01
  -6.5127599e-02   1.1677900e-01
  -1.2680300e-01   5.6980399e-02
  -1.4098300e-01  -3.1449999e-02
  -9.7660798e-02  -1.1340500e-01
  -1.1484500e-02  -1.5377600e-01
   8.3250599e-02  -1.3382700e-01
   1.4756500e-01  -6.0472899e-02
   1.5532900e-01   3.6587199e-02
   1.0451200e-01   1.1840000e-01
   1.6893900e-02   1.5386500e-01
  -7.2704499e-02   1.3197400e-01
  -1.3146300e-01   6.4151999e-02
  -1.4056500e-01  -2.2730000e-02
  -9.9819598e-02  -9.7825798e-02
  -2.5056700e-02  -1.3672700e-01
   5.8565799e-02  -1.2766700e-01
   1.2406900e-01  -7.3397799e-02
   1.4945200e-01   9.9524298e-03
   1.2365500e-01   9.6353298e-02
   5.1201599e-02   1.5613200e-01
  -4.6463999e-02   1.6515900e-01
  -1.3554900e-01   1.1493100e-01
  -1.8110600e-01   1.9036400e-02
  -1.6163700e-01  -8.8735798e-02
  -8.0481199e-02  -1.6616700e-01
   3.2713699e-02  -1.8034700e-01
   1.3286500e-01  -1.2320900e-01
   1.7860000e-01  -1.6652200e-02
   1.5067500e-01   9.6114198e-02
   6.0548899e-02   1.6923400e-01
  -5.5024599e-02   1.7385800e-01
  -1.5033500e-01   1.0949300e-01
  -1.8973300e-01   2.4385900e-03
  -1.6064400e-01  -1.0662200e-01
  -7.5941699e-02  -1.7908900e-01
   3.3334299e-02  -1.9170200e-01
   1.3017000e-01  -1.4242200e-01
   1.8347400e-01  -4.8900399e-02
   1.7656700e-01   5.8059699e-02
   1.1140800e-01   1.4347800e-01
   8.5423298e-03   1.7802700e-01
  -9.7610398e-02   1.4739800e-01
  -1.6844900e-01   5.8916399e-02
  -1.7453900e-01  -5.7946399e-02
  -1.0838800e-01  -1.5965700e-01
   9.3890998e-03  -2.0434900e-01
   1.3523900e-01  -1.6964000e-01
   2.1895400e-01  -6.4232199e-02
   2.2483800e-01   7.3350999e-02
   1.4794400e-01   1.8976000e-01
   1.7174500e-02   2.3927000e-01
  -1.1673700e-01   2.0326300e-01
  -2.0274300e-01   9.7600198e-02
  -2.1037300e-01  -3.5123499e-02
  -1.4070600e-01  -1.4403000e-01
  -2.3650300e-02  -1.9015900e-01
   9.5609498e-02  -1.5985900e-01
   1.7401200e-01  -6.7224499e-02
   1.8484900e-01   5.3246799e-02
   1.2486700e-01   1.5933000e-01
   1.3809800e-02   2.1436600e-01
  -1.1205100e-01   1.9796800e-01
  -2.1047800e-01   1.1237900e-01
  -2.4607600e-01  -1.6873900e-02
  -2.0268900e-01  -1.4725700e-01
  -9.1338398e-02  -2.3236600e-01
   5.0609399e-02  -2.3892300e-01
   1.7110300e-01  -1.6143200e-01
   2.2309300e-01  -2.7323999e-02
   1.8458400e-01   1.1159200e-01
   6.9646599e-02   1.9933700e-01
  -7.5806499e-02   1.9931500e-01
  -1.9255800e-01   1.1036300e-01
  -2.3284400e-01  -3.2458099e-02
  -1.8000000e-01  -1.7277300e-01
  -5.4311799e-02  -2.5639400e-01
   9.6741698e-02  -2.5263700e-01
   2.1836900e-01  -1.6461400e-01
   2.6923399e-01  -2.5541800e-02
   2.3495700e-01   1.1550000e-01
   1.3070300e-01   2.1150700e-01
  -6.0052299e-03   2.3258800e-01
  -1.2832000e-01   1.7427300e-01
  -1.9469500e-01   5.8076599e-02
  -1.8170600e-01  -7.5019499e-02
  -9.2244298e-02  -1.7681500e-01
   4.3538399e-02  -2.0750400e-01
   1.7633700e-01  -1.5058000e-01
   2.5409200e-01  -2.1435200e-02
   2.4197600e-01   1.3528400e-01
   1.3804100e-01   2.6077799e-01
  -2.3252700e-02   3.0500999e-01
  -1.8292400e-01   2.4801600e-01
  -2.8087099e-01   1.0960700e-01
  -2.8080899e-01  -5.7808899e-02
  -1.8539200e-01  -1.9064000e-01
  -3.4634399e-02  -2.4020400e-01
   1.1130300e-01  -1.9182300e-01
   1.9672300e-01  -6.9025799e-02
   1.9149300e-01   7.7758398e-02
   1.0046400e-01   1.9182700e-01
  -4.0901599e-02   2.3100400e-01
  -1.8104100e-01   1.8107600e-01
  -2.7044499e-01   5.8598999e-02
  -2.7736599e-01  -9.5996498e-02
  -1.9725400e-01  -2.3173300e-01
  -5.4208899e-02  -3.0302099e-01
   1.0581300e-01  -2.8440799e-01
   2.2900500e-01  -1.8024000e-01
   2.7189799e-01  -2.5447299e-02
   2.1818700e-01   1.2458200e-01
   8.7354198e-02   2.1337900e-01
  -7.0092399e-02   2.0561400e-01
  -1.9084700e-01   1.0292400e-01
  -2.2409300e-01  -5.4609999e-02
  -1.5310700e-01  -2.0340100e-01
  -3.1186599e-03  -2.8208299e-01
   1.6864000e-01  -2.5681699e-01
   2.9643799e-01  -1.3489400e-01
   3.3253299e-01   3.9137299e-02
   2.6514699e-01   2.0234700e-01
   1.2102400e-01   2.9837699e-01
  -4.6954599e-02   2.9782399e-01
  -1.8055800e-01   2.0678000e-01
  -2.3668200e-01   6.2073699e-02
  -2.0066000e-01  -8.3149398e-02
  -8.9411798e-02  -1.7756900e-01
   5.5059099e-02  -1.8798700e-01
   1.7924400e-01  -1.0979200e-01
   2.3528100e-01   3.0891899e-02
   1.9735200e-01   1.8445400e-01
   7.2322998e-02   2.9354699e-01
  -1.0005200e-01   3.1343999e-01
  -2.5939199e-01   2.3008400e-01
  -3.4658899e-01   6.8097599e-02
  -3.2746699e-01  -1.1631300e-01
  -2.0799300e-01  -2.5627699e-01
  -3.3448799e-02  -3.0105999e-01
   1.2916300e-01  -2.3711600e-01
   2.1828100e-01  -9.3795298e-02
   2.0260700e-01   6.9013999e-02
   9.2805598e-02   1.8562400e-01
  -6.4359199e-02   2.1059100e-01
  -2.0585200e-01   1.3515000e-01
  -2.7691499e-01  -1.1710200e-02
  -2.5034699e-01  -1.7620400e-01
  -1.3418400e-01  -3.0018199e-01
   3.3190399e-02  -3.4099099e-01
   1.9711500e-01  -2.8461999e-01
   3.0467599e-01  -1.4922400e-01
   3.2153199e-01   2.0993900e-02
   2.4326499e-01   1.6967300e-01
   9.7988298e-02   2.4659499e-01
  -6.1566099e-02   2.2543100e-01
  -1.7545400e-01   1.1489500e-01
  -1.9856700e-01  -4.1997799e-02
  -1.1924500e-01  -1.8222300e-01
   3.3893399e-02  -2.4660199e-01
   2.0134200e-01  -2.0400200e-01
   3.1571199e-01  -6.5267699e-02
   3.2907999e-01   1.2004100e-01
   2.3273399e-01   2.8333099e-01
   6.0513399e-02   3.6467199e-01
  -1.2548800e-01   3.3637499e-01
  -2.6011399e-01   2.1258600e-01
  -3.0008399e-01   4.1776999e-02
  -2.3868099e-01  -1.1336300e-01
  -1.0563100e-01  -1.9952500e-01
   4.5929199e-02  -1.9077500e-01
   1.5910700e-01  -9.5511098e-02
   1.9231900e-01   4.8247399e-02
   1.3226100e-01   1.8637100e-01
  -2.1721700e-03   2.6638999e-01
  -1.6566000e-01   2.5471299e-01
  -3.0067599e-01   1.4862600e-01
  -3.5674999e-01  -2.0977800e-02
  -3.0912899e-01  -1.9836200e-01
  -1.6989500e-01  -3.2184599e-01
   1.4048200e-02  -3.4701399e-01
   1.7718600e-01  -2.6518899e-01
   2.6056899e-01  -1.0866800e-01
   2.3578999e-01   6.0830499e-02
   1.1712700e-01   1.7658200e-01
  -4.4019699e-02   1.9389300e-01
  -1.8021300e-01   1.0796100e-01
  -2.3530199e-01  -4.5095599e-02
  -1.8614100e-01  -2.0386800e-01
  -5.0009199e-02  -3.0646999e-01
   1.2408600e-01  -3.1378599e-01
   2.7516999e-01  -2.2229199e-01
   3.5250399e-01  -6.2997599e-02
   3.3217099e-01   1.1125600e-01
   2.2346899e-01   2.4441999e-01
   6.4539499e-02   2.9545899e-01
  -9.0493898e-02   2.5117999e-01
  -1.8904000e-01   1.3053900e-01
  -1.9756200e-01  -2.0880800e-02
  -1.1399400e-01  -1.4541400e-01
   2.9671199e-02  -1.9332400e-01
   1.7706300e-01  -1.4189800e-01
   2.6750499e-01  -6.0475199e-03
   2.5970999e-01   1.6517500e-01
   1.4942500e-01   3.0636699e-01
  -2.7245599e-02   3.6152699e-01
  -2.0730700e-01   3.0700899e-01
  -3.2596199e-01   1.6146900e-01
  -3.4254199e-01  -2.1795099e-02
  -2.5607299e-01  -1.7666000e-01
  -1.0417200e-01  -2.5039299e-01
   5.3295999e-02  -2.2312499e-01
   1.5798300e-01  -1.1324600e-01
   1.7423800e-01   3.1940899e-02
   1.0014300e-01   1.5506100e-01
  -3.4112899e-02   2.0912600e-01
  -1.7821200e-01   1.7269000e-01
  -2.7905999e-01   5.5826099e-02
  -2.9808299e-01  -1.0377700e-01
  -2.2386299e-01  -2.5297699e-01
  -7.6688198e-02  -3.4038899e-01
   9.6870798e-02  -3.3403299e-01
   2.3886799e-01  -2.3382499e-01
   3.0047999e-01  -7.3702698e-02
   2.6106599e-01   8.9043498e-02
   1.3780500e-01   1.9468700e-01
  -1.9324400e-02   2.0463800e-01
  -1.4650300e-01   1.1771900e-01
  -1.9165700e-01  -2.8536499e-02
  -1.3573700e-01  -1.7280200e-01
  -2.6726299e-04  -2.5491099e-01
   1.6200600e-01  -2.3994899e-01
   2.8889399e-01  -1.3123800e-01
   3.3316699e-01   3.2602499e-02
   2.7949199e-01   1.9409300e-01
   1.4799200e-01   2.9903899e-01
  -1.5290600e-02   3.1541999e-01
  -1.5591100e-01   2.4277599e-01
  -2.2960199e-01   1.1034200e-01
  -2.1610499e-01  -3.3961999e-02
  -1.2490500e-01  -1.3953300e-01
   8.1011798e-03  -1.6948700e-01
   1.3205800e-01  -1.1309000e-01
   1.9798500e-01   9.5475798e-03
   1.7632500e-01   1.5290200e-01
   6.9163298e-02   2.6118399e-01
  -8.8378498e-02   2.8893099e-01
  -2.3971999e-01   2.1946999e-01
  -3.2811599e-01   7.3181098e-02
  -3.1944199e-01  -9.9069798e-02
  -2.1658999e-01  -2.3557999e-01
  -5.8723899e-02  -2.8853799e-01
   9.4636998e-02  -2.4309899e-01
   1.8772000e-01  -1.2253600e-01
   1.9024100e-01   2.2351199e-02
   1.0778600e-01   1.3425800e-01
  -2.2532499e-02   1.7145500e-01
  -1.4795100e-01   1.2209600e-01
  -2.2008999e-01   6.2897898e-03
  -2.1141999e-01  -1.3314000e-01
  -1.2318800e-01  -2.4647399e-01
   1.6415800e-02  -2.9368399e-01
   1.6212200e-01  -2.5701099e-01
   2.6621799e-01  -1.4651800e-01
   2.9406799e-01   2.6949199e-03
   2.3624399e-01   1.4131700e-01
   1.1317300e-01   2.2226299e-01
  -3.0436499e-02   2.1789599e-01
  -1.4089800e-01   1.3165500e-01
  -1.7585900e-01  -1.4643600e-03
  -1.2170500e-01  -1.2722600e-01
  -1.9684800e-04  -1.9330400e-01
   1.3944700e-01  -1.7066300e-01
   2.4027799e-01  -6.5724998e-02
   2.6077799e-01   8.2280298e-02
   1.9129900e-01   2.1761499e-01
   5.6893399e-02   2.9059499e-01
  -9.3985398e-02   2.7654999e-01
  -2.0914899e-01   1.8365400e-01
  -2.5206599e-01   4.7620299e-02
  -2.1361599e-01  -8.3114298e-02
  -1.1303200e-01  -1.6503600e-01
   1.0623900e-02  -1.7366600e-01
   1.1238000e-01  -1.1030600e-01
   1.5598700e-01  -5.1761999e-04
   1.2536800e-01   1.1448000e-01
   3.0082799e-02   1.9107200e-01
  -9.6941398e-02   1.9785199e-01
  -2.0961499e-01   1.2732200e-01
  -2.6458299e-01   2.8135499e-04
  -2.3779699e-01  -1.3997600e-01
  -1.3517800e-01  -2.4293299e-01
   7.9654598e-03  -2.7043799e-01
   1.3979700e-01  -2.1259399e-01
   2.1245099e-01  -9.2568698e-02
   2.0149199e-01   4.2413199e-02
   1.1567100e-01   1.4033000e-01
  -7.3469398e-03   1.6538400e-01
  -1.1705800e-01   1.1161900e-01
  -1.7054400e-01   3.6866599e-03
  -1.4840500e-01  -1.1454000e-01
  -6.0256698e-02  -1.9770799e-01
   6.1033098e-02  -2.1543199e-01
   1.7261800e-01  -1.6162800e-01
   2.3673799e-01  -5.4698799e-02
   2.3257999e-01   6.9976798e-02
   1.6206600e-01   1.7196800e-01
   4.8785299e-02   2.1856199e-01
  -6.9347598e-02   1.9521499e-01
  -1.5208200e-01   1.1093200e-01
  -1.7052600e-01  -3.5807099e-03
  -1.1828300e-01  -1.0555300e-01
  -1.5410500e-02  -1.5537300e-01
   9.7619097e-02  -1.3221800e-01
   1.7488800e-01  -4.3476399e-02
   1.8345000e-01   7.6913198e-02
   1.1729200e-01   1.8150700e-01
   2.8592399e-04   2.2863799e-01
  -1.2356600e-01   1.9948199e-01
  -2.0831199e-01   1.0530800e-01
  -2.2445899e-01  -1.8064800e-02
  -1.6966900e-01  -1.2555300e-01
  -6.7813298e-02  -1.8064500e-01
   4.1985899e-02  -1.6825200e-01
   1.2076400e-01  -9.8194597e-02
   1.4317300e-01   5.3150399e-04
   1.0468000e-01   9.1145098e-02
   2.1385099e-02   1.4151200e-01
  -7.6212998e-02   1.3394200e-01
  -1.5310900e-01   7.0268498e-02
  -1.8079800e-01  -2.8640599e-02
  -1.4680400e-01  -1.2900300e-01
  -5.9911598e-02  -1.9486699e-01
   5.1361799e-02  -2.0082799e-01
   1.4785700e-01  -1.4239400e-01
   1.9414999e-01  -3.9327099e-02
   1.7291200e-01   7.0636698e-02
   9.2863797e-02   1.4618200e-01
  -1.3926500e-02   1.5925200e-01
  -1.0491000e-01   1.0682100e-01
  -1.4462900e-01   1.2061400e-02
  -1.1908300e-01  -8.5709098e-02
  -4.0560199e-02  -1.4757000e-01
   5.8712998e-02  -1.5044600e-01
   1.4048500e-01  -9.4939497e-02
   1.7537500e-01  -3.1100499e-03
   1.5268700e-01   9.1538497e-02
   8.2247998e-02   1.5682900e-01
  -1.0876400e-02   1.7243000e-01
  -9.5669997e-02   1.3523100e-01
  -1.4504400e-01   5.9097298e-02
  -1.4382000e-01  -2.9966299e-02
  -9.3299797e-02  -1.0176100e-01
  -1.1385400e-02  -1.3131100e-01
   7.2395498e-02  -1.0752900e-01
   1.2645500e-01  -3.8260199e-02
   1.2880400e-01   5.1036799e-02
   7.6463098e-02   1.2577900e-01
  -1.1938300e-02   1.5555800e-01
  -1.0255900e-01   1.2692100e-01
  -1.5982400e-01   4.9694799e-02
  -1.6128000e-01  -4.6611699e-02
  -1.0698100e-01  -1.2508400e-01
  -1.9042999e-02  -1.5681100e-01
   6.8266198e-02  -1.3235700e-01
   1.2296300e-01  -6.4365398e-02
   1.2764800e-01   1.9126599e-02
   8.4695598e-02   8.6767698e-02
   1.3222100e-02   1.1567600e-01
  -5.9534398e-02   9.8408097e-02
  -1.0818400e-01   4.3592599e-02
  -1.1693600e-01  -2.8528099e-02
  -8.3485598e-02  -9.3156497e-02
  -1.8984499e-02  -1.2839300e-01
   5.5329998e-02  -1.2163500e-01
   1.1426000e-01  -7.3785298e-02
   1.3659700e-01   4.9326599e-05
   1.1294700e-01   7.4502998e-02
   5.0452499e-02   1.2237500e-01
  -2.8398099e-02   1.2512500e-01
  -9.3621597e-02   8.1137198e-02
  -1.1972700e-01   7.5089598e-03
  -9.6677697e-02  -6.6322398e-02
  -3.4517099e-02  -1.1080200e-01
   4.0885899e-02  -1.0880500e-01
   9.9085997e-02  -6.2594098e-02
   1.1793900e-01   7.9708398e-03
   9.2107197e-02   7.4689698e-02
   3.3740999e-02   1.1296400e-01
  -3.4041599e-02   1.1088600e-01
  -8.7023697e-02   7.2070398e-02
  -1.0850900e-01   1.2288900e-02
  -9.3740197e-02  -4.7428199e-02
  -4.9731599e-02  -8.7940497e-02
   8.0844798e-03  -9.7248397e-02
   6.0693398e-02  -7.3230398e-02
   9.0750697e-02  -2.4031299e-02
   8.7646797e-02   3.3875299e-02
   5.1448498e-02   8.0149298e-02
  -5.8762298e-03   9.7193697e-02
  -6.3471498e-02   7.7120498e-02
  -9.8873897e-02   2.6053599e-02
  -9.7199297e-02  -3.6989799e-02
  -5.8110598e-02  -8.7186597e-02
   3.2244299e-03  -1.0433800e-01
   6.2270298e-02  -8.1806598e-02
   9.5752997e-02  -2.9456299e-02
   9.1670997e-02   3.0966499e-02
   5.3860198e-02   7.5660598e-02
  -7.7911698e-04   8.8857397e-02
  -5.0453799e-02   6.8438298e-02
  -7.7652698e-02   2.5077099e-02
  -7.5104798e-02  -2.3650799e-02
  -4.6656999e-02  -6.0653898e-02
  -4.0143799e-03  -7.4864598e-02
   3.8183599e-02  -6.3468398e-02
   6.6772198e-02  -3.1332999e-02
   7.3118198e-02   1.1046400e-02
   5.5024198e-02   5.0242598e-02
   1.7652799e-02   7.3196998e-02
  -2.7070399e-02   7.1157498e-02
  -6.3436298e-02   4.3395199e-02
  -7.7319998e-02  -1.1500600e-03
  -6.2240398e-02  -4.6053299e-02
  -2.3136999e-02  -7.3519898e-02
   2.4696099e-02  -7.2131098e-02
   6.1790898e-02  -4.2398799e-02
   7.3153498e-02   3.0450999e-03
   5.5048198e-02   4.5093399e-02
   1.6381000e-02   6.6890698e-02
  -2.5944399e-02   6.1165598e-02
  -5.5057198e-02   3.2570399e-02
  -6.1266798e-02  -5.6745698e-03
  -4.4979599e-02  -3.8460399e-02
  -1.4733600e-02  -5.5046898e-02
   1.7655199e-02  -5.2094398e-02
   4.1856199e-02  -3.3012899e-02
   5.1689698e-02  -5.1979898e-03
   4.5567199e-02   2.2799599e-02
   2.5861099e-02   4.3134499e-02
  -1.7585599e-03   4.9876798e-02
  -2.9043599e-02   4.0353599e-02
  -4.6781499e-02   1.6666299e-02
  -4.7781299e-02  -1.3698900e-02
  -3.0368599e-02  -3.9532999e-02
  -3.5053399e-04  -5.0093198e-02
   3.0404599e-02  -4.0193399e-02
   4.8860298e-02  -1.3375600e-02
   4.6985799e-02   1.9071299e-02
   2.5837699e-02   4.3217699e-02
  -4.9011998e-03   4.9163698e-02
  -3.1803499e-02   3.5625599e-02
  -4.4271399e-02   9.9586197e-03
  -3.9158399e-02  -1.6156099e-02
  -2.1139899e-02  -3.2647599e-02
   8.0420397e-04  -3.5236799e-02
   1.8248299e-02  -2.5947399e-02
   2.6634599e-02  -1.0486700e-02
   2.5685399e-02   5.2309198e-03
   1.7673599e-02   1.7199899e-02
   5.4792698e-03   2.3406599e-02
  -8.1283597e-03   2.2895299e-02
  -2.0064699e-02   1.5356800e-02
  -2.6639899e-02   1.8638299e-03
  -2.4551299e-02  -1.4092600e-02
  -1.2978000e-02  -2.6788199e-02
   4.7656298e-03  -3.0428299e-02
   2.1730899e-02  -2.2383099e-02
   3.0374899e-02  -5.3640598e-03
   2.6615399e-02   1.3270400e-02
   1.2351100e-02   2.5112799e-02
  -5.3567598e-03   2.5205499e-02
  -1.8133999e-02   1.4657800e-02
  -2.0844299e-02  -2.8029499e-04
  -1.4026800e-02  -1.2056100e-02
  -2.8306799e-03  -1.6053299e-02
   6.6068898e-03  -1.2578800e-02
   1.0788100e-02  -5.5997398e-03
   1.0161600e-02   5.2532098e-04
   7.5973598e-03   3.8470899e-03
   5.5501198e-03   5.2949298e-03
   4.2016699e-03   6.8463498e-03
   1.8969799e-03   9.1515497e-03
  -2.7159599e-03   1.0642300e-02
  -8.7730097e-03   8.8421697e-03
  -1.3209000e-02   2.7655099e-03
  -1.2819400e-02  -5.6233598e-03
  -6.8065898e-03  -1.2210600e-02
   2.2126999e-03  -1.3347300e-02
   9.6388597e-03  -8.3776297e-03
   1.1809000e-02  -1.7587499e-04
   8.3031597e-03   6.7525998e-03
   1.9707299e-03   9.2332897e-03
  -3.2883199e-03   7.2885198e-03
  -5.2806698e-03   3.5970599e-03
  -4.7425298e-03   1.0745700e-03
  -4.1737999e-03   5.2294498e-04
  -5.3013898e-03   2.0953299e-04
  -7.2722598e-03  -2.2991699e-03
  -7.1243198e-03  -7.5352198e-03
  -2.2942899e-03  -1.2927600e-02
   6.7444198e-03  -1.4167800e-02
   1.5872199e-02  -8.3433997e-03
   1.9492899e-02   3.4127899e-03
   1.4177200e-02   1.5829099e-02
   1.2856200e-03   2.2290199e-02
  -1.3334500e-02   1.8800599e-02
  -2.2519899e-02   6.5179498e-03
  -2.1822399e-02  -8.8126597e-03
  -1.1846300e-02  -2.0112199e-02
   2.4529299e-03  -2.2764299e-02
   1.4804400e-02  -1.6613999e-02
   2.0862899e-02  -5.2207098e-03
   1.9691399e-02   6.6843498e-03
   1.3012600e-02   1.5577299e-02
   3.3715599e-03   1.9916599e-02
  -7.1241598e-03   1.9380299e-02
  -1.6690899e-02   1.3861100e-02
  -2.3028299e-02   3.4964999e-03
  -2.3171799e-02  -1.0185200e-02
  -1.4872500e-02  -2.3248699e-02
   1.1507000e-03  -2.9981199e-02
   1.9907099e-02  -2.5555199e-02
   3.3372199e-02  -9.3661397e-03
   3.4232699e-02   1.3280800e-02
   2.0182099e-02   3.2779399e-02
  -3.9607699e-03   3.9736399e-02
  -2.7961299e-02   2.9980199e-02
  -4.1049799e-02   7.0940398e-03
  -3.7297799e-02  -1.9132299e-02
  -1.8462699e-02  -3.7501199e-02
   7.1808398e-03  -4.0725699e-02
   2.9108899e-02  -2.8397199e-02
   3.9344899e-02  -6.3382898e-03
   3.5284799e-02   1.6738299e-02
   1.9613699e-02   3.3043499e-02
  -1.8051599e-03   3.8079399e-02
  -2.2360899e-02   3.1055299e-02
  -3.6270299e-02   1.4175600e-02
  -3.9330499e-02  -8.1088197e-03
  -2.9622599e-02  -2.9577199e-02
  -8.5976197e-03  -4.3089199e-02
   1.8067499e-02  -4.2565299e-02
   4.1136099e-02  -2.5884999e-02
   5.0789098e-02   2.7983999e-03
   4.1136299e-02   3.3263899e-02
   1.3968000e-02   5.2809098e-02
  -2.0758999e-02   5.2005198e-02
  -4.8669598e-02   2.9707099e-02
  -5.7461998e-02  -5.6272098e-03
  -4.2842099e-02  -3.9391899e-02
  -1.0698000e-02  -5.7466998e-02
   2.5658399e-02  -5.2607298e-02
   5.1642498e-02  -2.7357499e-02
   5.7677198e-02   7.7053597e-03
   4.2598299e-02   3.9053099e-02
   1.3063100e-02   5.5775098e-02
  -1.9976899e-02   5.3109298e-02
  -4.5552698e-02   3.3019899e-02
  -5.5895098e-02   2.5514499e-03
  -4.8020898e-02  -2.8665599e-02
  -2.4101099e-02  -5.0854398e-02
   8.9108697e-03  -5.6384898e-02
   4.0512799e-02  -4.2076899e-02
   5.9249198e-02  -1.1094000e-02
   5.6663698e-02   2.6748899e-02
   3.1382399e-02   5.7427998e-02
  -8.8497497e-03   6.7855198e-02
  -4.9014498e-02   5.1845898e-02
  -7.2571997e-02   1.3890400e-02
  -6.8808998e-02  -3.1723399e-02
  -3.8145299e-02  -6.6627098e-02
   7.5282497e-03  -7.6434297e-02
   4.9907998e-02  -5.7190698e-02
   7.2295497e-02  -1.7001999e-02
   6.6631998e-02   2.7826899e-02
   3.6307599e-02   5.9994098e-02
  -6.1168698e-03   6.8147998e-02
  -4.4593298e-02   5.0587298e-02
  -6.5730898e-02   1.4755099e-02
  -6.2944598e-02  -2.6366299e-02
  -3.7694499e-02  -5.8916498e-02
   1.6891799e-03  -7.2208997e-02
   4.2614698e-02  -6.1473398e-02
   7.1598997e-02  -2.9215299e-02
   7.8087797e-02   1.4951999e-02
   5.8189098e-02   5.6447798e-02
   1.7097699e-02   8.0062297e-02
  -3.1376699e-02   7.5654097e-02
  -6.9043798e-02   4.3055198e-02
  -8.0380797e-02  -6.4693398e-03
  -5.9537598e-02  -5.3746198e-02
  -1.3778600e-02  -7.9339597e-02
   3.8826299e-02  -7.2047697e-02
   7.6834997e-02  -3.4134699e-02
   8.4635697e-02   1.9410799e-02
   5.9049598e-02   6.7321398e-02
   1.0301500e-02   9.1076497e-02
  -4.2783198e-02   8.2261197e-02
  -8.0734697e-02   4.5160398e-02
  -9.0804597e-02  -5.9351098e-03
  -7.0870297e-02  -5.2816498e-02
  -2.9065499e-02  -7.9922397e-02
   1.9815599e-02  -7.9048497e-02
   5.9315898e-02  -5.1247598e-02
   7.6191897e-02  -6.0995498e-03
   6.4268998e-02   4.1080398e-02
   2.6656299e-02   7.3592697e-02
  -2.4404299e-02   7.8628697e-02
  -7.0706897e-02   5.2207598e-02
  -9.4083197e-02   1.8360199e-03
  -8.3554597e-02  -5.4935198e-02
  -4.0679698e-02  -9.6469596e-02
   1.9809099e-02  -1.0567400e-01
   7.5168397e-02  -7.7613597e-02
   1.0385300e-01  -2.2341699e-02
   9.4722496e-02   3.8825099e-02
   5.1897398e-02   8.2143897e-02
  -7.0673997e-03   9.1367897e-02
  -5.8746898e-02   6.4205598e-02
  -8.3506897e-02   1.2601900e-02
  -7.2920397e-02  -4.2799598e-02
  -3.2095499e-02  -8.1078997e-02
   2.3308599e-02  -8.8615097e-02
   7.3394597e-02  -6.3138198e-02
   1.0089400e-01  -1.3541099e-02
   9.6396396e-02   4.3650998e-02
   6.0886298e-02   8.9601997e-02
   5.3937198e-03   1.0885800e-01
  -5.2075298e-02   9.4239496e-02
  -9.1905197e-02   4.9739098e-02
  -9.9484796e-02  -9.8060896e-03
  -7.1085097e-02  -6.2988698e-02
  -1.6468799e-02  -8.9353497e-02
   4.3645598e-02  -7.7667897e-02
   8.5116597e-02  -3.1351399e-02
   9.0207397e-02   3.1883099e-02
   5.5401798e-02   8.6693897e-02
  -6.5987197e-03   1.1049800e-01
  -7.1909897e-02   9.2961196e-02
  -1.1535600e-01   4.0243398e-02
  -1.2071500e-01  -2.7854199e-02
  -8.6808897e-02  -8.6278597e-02
  -2.7119299e-02  -1.1469000e-01
   3.6262499e-02  -1.0473900e-01
   8.1275597e-02  -6.2133498e-02
   9.3527296e-02  -3.5043799e-03
   7.0476997e-02   4.9984598e-02
   2.1475499e-02   7.9717297e-02
  -3.5663399e-02   7.5340697e-02
  -8.0302397e-02   3.7892799e-02
  -9.5455596e-02  -2.0258299e-02
  -7.3587997e-02  -7.8852697e-02
  -1.9988499e-02  -1.1610900e-01
   4.7930698e-02  -1.1649600e-01
   1.0604100e-01  -7.7247597e-02
   1.3233599e-01  -1.0646900e-02
   1.1596000e-01   5.9672298e-02
   6.2389198e-02   1.0762300e-01
  -8.0231597e-03   1.1530300e-01
  -6.8008397e-02   8.0643797e-02
  -9.4550296e-02   1.8462199e-02
  -7.8289097e-02  -4.5710298e-02
  -2.7002699e-02  -8.6192297e-02
   3.8124799e-02  -8.7364597e-02
   9.1405396e-02  -4.9222498e-02
   1.1260600e-01   1.3582999e-02
   9.3936496e-02   7.8090397e-02
   4.1881398e-02   1.2166700e-01
  -2.5970399e-02   1.2960099e-01
  -8.7284797e-02   9.9405896e-02
  -1.2223400e-01   4.1108598e-02
  -1.1967200e-01  -2.6087499e-02
  -8.0783597e-02  -7.9780197e-02
  -1.9202899e-02  -1.0158600e-01
   4.2882598e-02  -8.3702497e-02
   8.2052697e-02  -3.2533399e-02
   8.2363597e-02   3.2527799e-02
   4.2185298e-02   8.5594097e-02
  -2.4062799e-02   1.0416800e-01
  -9.0754696e-02   7.8538097e-02
  -1.3103699e-01   1.6421199e-02
  -1.2785399e-01  -5.9609498e-02
  -8.1119397e-02  -1.2112600e-01
  -7.7452697e-03  -1.4539599e-01
   6.5432697e-02  -1.2437400e-01
   1.1254500e-01  -6.7360197e-02
   1.1858200e-01   3.4486099e-03
   8.4332997e-02   6.2068398e-02
   2.4984599e-02   8.8447296e-02
  -3.6301199e-02   7.5087697e-02
  -7.6847797e-02   2.8707699e-02
  -8.1933597e-02  -3.2840899e-02
  -4.9216898e-02  -8.6814797e-02
   1.0729100e-02  -1.1295200e-01
   7.7689297e-02  -1.0004400e-01
   1.2812799e-01  -4.9996098e-02
   1.4306499e-01   2.2027899e-02
   1.1519300e-01   9.2028096e-02
   5.2528698e-02   1.3535799e-01
  -2.3465799e-02   1.3611599e-01
  -8.5383597e-02   9.4000196e-02
  -1.1050800e-01   2.5324099e-02
  -9.0223596e-02  -4.2893998e-02
  -3.3920799e-02  -8.3669097e-02
   3.4634099e-02  -8.1080297e-02
   8.7015496e-02  -3.6713399e-02
   1.0167000e-01   3.1285799e-02
   7.2248997e-02   9.5917496e-02
   9.4093896e-03   1.3218199e-01
  -6.4120297e-02   1.2640699e-01
  -1.2259899e-01   8.0544297e-02
  -1.4655799e-01   1.0438000e-02
  -1.2901899e-01  -6.0488598e-02
  -7.7054597e-02  -1.0941100e-01
  -8.8632396e-03  -1.2142700e-01
   5.2317398e-02  -9.4111696e-02
   8.5691496e-02  -3.8279498e-02
   7.9823397e-02   2.5257999e-02
   3.6989198e-02   7.2355197e-02
  -2.6772999e-02   8.3946097e-02
  -8.6632596e-02   5.3502198e-02
  -1.1786600e-01  -9.5228396e-03
  -1.0562100e-01  -8.2297097e-02
  -5.1494098e-02  -1.3695399e-01
   2.6317299e-02  -1.5163999e-01
   9.9843996e-02  -1.1959400e-01
   1.4251299e-01  -5.2142098e-02
   1.3983199e-01   2.5868999e-02
   9.4936996e-02   8.6195396e-02
   2.6765799e-02   1.0838300e-01
  -3.7995998e-02   8.7268296e-02
  -7.5431297e-02   3.4015799e-02
  -7.2995697e-02  -2.9080999e-02
  -3.3199699e-02  -7.7342597e-02
   2.8280099e-02  -9.2414796e-02
   8.8649496e-02  -6.8067097e-02
