   3.8364500e+00  -8.1749500e-03
   3.7527300e+00   5.3539100e-01
   3.5509400e+00   1.0048600e+00
   3.2989800e+00   1.3746700e+00
   3.0532500e+00   1.6756700e+00
   2.8200700e+00   1.9638700e+00
   2.5563200e+00   2.2710500e+00
   2.2085400e+00   2.5749200e+00
   1.7606200e+00   2.8113900e+00
   1.2537000e+00   2.9197800e+00
   7.6320500e-01   2.8866200e+00
   3.5016400e-01   2.7551700e+00
   2.3475800e-02   2.5933700e+00
  -2.5859000e-01   2.4446700e+00
  -5.4919400e-01   2.2988400e+00
  -8.6597700e-01   2.1046500e+00
  -1.1720800e+00   1.8145300e+00
  -1.3995400e+00   1.4272000e+00
  -1.4973800e+00   9.9575400e-01
  -1.4680400e+00   5.9503700e-01
  -1.3646000e+00   2.7285900e-01
  -1.2511900e+00   2.1710600e-02
  -1.1563800e+00  -2.0790000e-01
  -1.0548800e+00  -4.6292500e-01
  -8.9116400e-01  -7.4604100e-01
  -6.2678500e-01  -1.0084200e+00
  -2.7544700e-01  -1.1825200e+00
   1.0088700e-01  -1.2300400e+00
   4.3199900e-01  -1.1689000e+00
   6.8539200e-01  -1.0588300e+00
   8.8367200e-01  -9.5670200e-01
   1.0805100e+00  -8.7530600e-01
   1.3137000e+00  -7.7678700e-01
   1.5710100e+00  -6.0536000e-01
   1.7948800e+00  -3.3436100e-01
   1.9222800e+00   8.1697800e-03
   1.9296800e+00   3.5483700e-01
   1.8491700e+00   6.4364800e-01
   1.7435900e+00   8.5843700e-01
   1.6596500e+00   1.0346300e+00
   1.5944900e+00   1.2262700e+00
   1.5008700e+00   1.4596100e+00
   1.3267200e+00   1.7084500e+00
   1.0590700e+00   1.9100900e+00
   7.3880500e-01   2.0097000e+00
   4.3511000e-01   1.9996200e+00
   1.9880800e-01   1.9239100e+00
   2.9764900e-02   1.8448700e+00
  -1.1722800e-01   1.7968500e+00
  -2.9285100e-01   1.7624200e+00
  -5.1014700e-01   1.6885700e+00
  -7.3066600e-01   1.5306200e+00
  -8.9036800e-01   1.2903000e+00
  -9.4567300e-01   1.0191200e+00
  -9.0484400e-01   7.8443700e-01
  -8.2105800e-01   6.2372000e-01
  -7.5251400e-01   5.2159800e-01
  -7.1982800e-01   4.2665000e-01
  -6.9286500e-01   2.9504900e-01
  -6.1678100e-01   1.2777000e-01
  -4.5735800e-01  -2.6848800e-02
  -2.3113200e-01  -1.0715800e-01
   2.5466400e-03  -8.3058000e-02
   1.8158000e-01   2.2215400e-02
   2.8309000e-01   1.4977400e-01
   3.3570900e-01   2.4873500e-01
   3.9317600e-01   3.1280500e-01
   4.8946200e-01   3.8222900e-01
   6.0956000e-01   5.0982300e-01
   6.9809900e-01   7.1701400e-01
   6.9922700e-01   9.7329300e-01
   5.9760200e-01   1.2147000e+00
   4.2950800e-01   1.3873800e+00
   2.5580800e-01   1.4834100e+00
   1.1728400e-01   1.5419500e+00
   6.1274000e-03   1.6151200e+00
  -1.2498400e-01   1.7246900e+00
  -3.2330200e-01   1.8424400e+00
  -5.9607400e-01   1.9091400e+00
  -9.0058400e-01   1.8776400e+00
  -1.1717600e+00   1.7476300e+00
  -1.3665100e+00   1.5657000e+00
  -1.4913800e+00   1.3908700e+00
  -1.5928100e+00   1.2516200e+00
  -1.7176600e+00   1.1270200e+00
  -1.8740300e+00   9.6595000e-01
  -2.0221400e+00   7.2968900e-01
  -2.1022300e+00   4.2553700e-01
  -2.0781800e+00   1.0583400e-01
  -1.9640800e+00  -1.6684200e-01
  -1.8135500e+00  -3.6206700e-01
  -1.6801000e+00  -4.9962600e-01
  -1.5785400e+00  -6.2979900e-01
  -1.4765100e+00  -7.9105700e-01
  -1.3224400e+00  -9.7734100e-01
  -1.0884700e+00  -1.1397600e+00
  -7.9583400e-01  -1.2213700e+00
  -5.0331200e-01  -1.1987900e+00
  -2.6754500e-01  -1.0990700e+00
  -1.0510900e-01  -9.7929400e-01
   1.5118000e-02  -8.8433800e-01
   1.4376200e-01  -8.1483200e-01
   3.0850000e-01  -7.2939300e-01
   4.8961500e-01  -5.7929300e-01
   6.3208500e-01  -3.4913200e-01
   6.8504200e-01  -7.2615000e-02
   6.3873600e-01   1.8853900e-01
   5.3110800e-01   3.8663400e-01
   4.1909700e-01   5.1928300e-01
   3.3649200e-01   6.2644900e-01
   2.7018600e-01   7.5573600e-01
   1.7267400e-01   9.2239600e-01
   1.1584700e-03   1.0944200e+00
  -2.4650500e-01   1.2140100e+00
  -5.2629300e-01   1.2391700e+00
  -7.7713000e-01   1.1739200e+00
  -9.6265900e-01   1.0644300e+00
  -1.0941600e+00   9.6406800e-01
  -1.2174800e+00   8.9382700e-01
  -1.3741500e+00   8.2816800e-01
  -1.5661900e+00   7.1669100e-01
  -1.7514200e+00   5.2516200e-01
  -1.8727400e+00   2.6467300e-01
  -1.8992100e+00  -1.3164700e-02
  -1.8479700e+00  -2.5138300e-01
  -1.7703800e+00  -4.2660900e-01
  -1.7130900e+00  -5.6247000e-01
  -1.6835000e+00  -7.0753300e-01
  -1.6456700e+00  -8.9466700e-01
  -1.5496200e+00  -1.1127500e+00
  -1.3717300e+00  -1.3121300e+00
  -1.1355200e+00  -1.4397800e+00
  -8.9703800e-01  -1.4773800e+00
  -7.0603600e-01  -1.4537500e+00
  -5.7206900e-01  -1.4222200e+00
  -4.6116000e-01  -1.4201800e+00
  -3.2527500e-01  -1.4414700e+00
  -1.4212700e-01  -1.4424200e+00
   6.4917300e-02  -1.3767300e+00
   2.4191200e-01  -1.2327700e+00
   3.4294700e-01  -1.0449200e+00
   3.6309700e-01  -8.7042300e-01
   3.4084100e-01  -7.4923100e-01
   3.2825000e-01  -6.7713300e-01
   3.5157600e-01  -6.1240200e-01
   3.9206600e-01  -5.1065800e-01
   4.0140300e-01  -3.6144000e-01
   3.3994200e-01  -1.9872500e-01
   2.0869800e-01  -7.7455100e-02
   5.0837900e-02  -3.3847300e-02
  -7.8438700e-02  -5.9518300e-02
  -1.5084900e-01  -1.0889400e-01
  -1.8342300e-01  -1.3419500e-01
  -2.2260200e-01  -1.2144900e-01
  -3.0625300e-01  -1.0032800e-01
  -4.3248100e-01  -1.2047600e-01
  -5.5888400e-01  -2.1239000e-01
  -6.3276700e-01  -3.6253400e-01
  -6.2945000e-01  -5.2153500e-01
  -5.6969900e-01  -6.3923000e-01
  -5.0320900e-01  -7.0007800e-01
  -4.7073100e-01  -7.3223100e-01
  -4.7354400e-01  -7.8358100e-01
  -4.7331600e-01  -8.8307800e-01
  -4.2232300e-01  -1.0166900e+00
  -3.0103600e-01  -1.1362000e+00
  -1.3457700e-01  -1.1941500e+00
   2.4397500e-02  -1.1784400e+00
   1.3341400e-01  -1.1205200e+00
   1.8998900e-01  -1.0710400e+00
   2.3109600e-01  -1.0614200e+00
   3.0285600e-01  -1.0805800e+00
   4.2354700e-01  -1.0842000e+00
   5.6797400e-01  -1.0294500e+00
   6.8502000e-01  -9.0881000e-01
   7.3504000e-01  -7.5731900e-01
   7.1880600e-01  -6.2780700e-01
   6.7616400e-01  -5.5289700e-01
   6.5552600e-01  -5.2243800e-01
   6.7735400e-01  -4.9335300e-01
   7.1925400e-01  -4.2425700e-01
   7.3385100e-01  -3.0855600e-01
   6.8580200e-01  -1.8092900e-01
   5.7984800e-01  -9.2340100e-02
   4.5867100e-01  -7.2529900e-02
   3.7222100e-01  -1.0835800e-01
   3.4172700e-01  -1.5430400e-01
   3.4556100e-01  -1.6708700e-01
   3.3751700e-01  -1.3814800e-01
   2.8351400e-01  -9.9464100e-02
   1.8887700e-01  -9.8410300e-02
   9.5535000e-02  -1.6080200e-01
   5.1315800e-02  -2.7014500e-01
   7.4616700e-02  -3.7878500e-01
   1.4114700e-01  -4.4246600e-01
   2.0269600e-01  -4.5216500e-01
   2.2362500e-01  -4.3918100e-01
   2.0745700e-01  -4.4977900e-01
   1.9349800e-01  -5.0869800e-01
   2.2617300e-01  -5.9920300e-01
   3.2037700e-01  -6.7474100e-01
   4.4909500e-01  -6.9333000e-01
   5.6262900e-01  -6.4862400e-01
   6.2483200e-01  -5.7419400e-01
   6.3896300e-01  -5.1787400e-01
   6.4367700e-01  -5.0566400e-01
   6.8233800e-01  -5.2250000e-01
   7.6896900e-01  -5.2436000e-01
   8.7663900e-01  -4.7242800e-01
   9.5703200e-01  -3.6337800e-01
   9.7631400e-01  -2.3286500e-01
   9.4016200e-01  -1.2961300e-01
   8.8905600e-01  -7.9758100e-02
   8.6750000e-01  -6.8383300e-02
   8.9050800e-01  -5.2120600e-02
   9.3270500e-01   6.8474600e-03
   9.4817100e-01   1.1119500e-01
   9.0592500e-01   2.2565800e-01
   8.1411700e-01   3.0309400e-01
   7.1465900e-01   3.1961100e-01
   6.5239900e-01   2.9219200e-01
   6.4219000e-01   2.6554500e-01
   6.5873600e-01   2.7821400e-01
   6.5677700e-01   3.3362600e-01
   6.0623200e-01   3.9794400e-01
   5.1565400e-01   4.2623300e-01
   4.2627900e-01   3.9705100e-01
   3.8124900e-01   3.2925200e-01
   3.9333700e-01   2.6832000e-01
   4.3559700e-01   2.5264500e-01
   4.6191900e-01   2.8525600e-01
   4.4187700e-01   3.3235500e-01
   3.8347800e-01   3.4964600e-01
   3.2667600e-01   3.1643700e-01
   3.1265100e-01   2.5170300e-01
   3.5220400e-01   1.9999100e-01
   4.1716600e-01   1.9792800e-01
   4.6128600e-01   2.4670400e-01
   4.5473100e-01   3.1131900e-01
   4.0608900e-01   3.4709600e-01
   3.5530100e-01   3.3332900e-01
   3.4297000e-01   2.8861800e-01
   3.7934700e-01   2.5638100e-01
   4.3644600e-01   2.7159400e-01
   4.6918200e-01   3.3400200e-01
   4.4946800e-01   4.0804700e-01
   3.8743300e-01   4.4950400e-01
   3.2375700e-01   4.3862400e-01
   2.9899500e-01   3.9471500e-01
   3.2314500e-01   3.6120600e-01
   3.6844900e-01   3.7259200e-01
   3.9078100e-01   4.2831500e-01
   3.6334400e-01   4.9329700e-01
   2.9713700e-01   5.2465900e-01
   2.3275100e-01   5.0430700e-01
   2.0975800e-01   4.5273600e-01
   2.3691000e-01   4.1365300e-01
   2.8566800e-01   4.2112500e-01
   3.1186500e-01   4.7412100e-01
   2.8905400e-01   5.3766900e-01
   2.2827000e-01   5.6964000e-01
   1.6933600e-01   5.5281700e-01
   1.5037100e-01   5.0796800e-01
   1.7864200e-01   4.7808700e-01
   2.2481700e-01   4.9579900e-01
   2.4490000e-01   5.5861700e-01
   2.1320300e-01   6.3074800e-01
   1.4140400e-01   6.6998500e-01
   6.9348500e-02   6.5928900e-01
   3.4650400e-02   6.1918200e-01
   4.4161900e-02   5.9164200e-01
   6.8888800e-02   6.0780400e-01
   6.6129700e-02   6.6393800e-01
   1.2018200e-02   7.2388100e-01
  -8.0172200e-02   7.4601300e-01
  -1.6976100e-01   7.1433400e-01
  -2.1899500e-01   6.5014200e-01
  -2.2100000e-01   5.9557100e-01
  -2.0423600e-01   5.8154100e-01
  -2.1019500e-01   6.0440600e-01
  -2.6129400e-01   6.2894500e-01
  -3.4331600e-01   6.1535200e-01
  -4.1564500e-01   5.4973900e-01
  -4.4149600e-01   4.5507300e-01
  -4.1525000e-01   3.7432400e-01
  -3.6625200e-01   3.3863200e-01
  -3.3629900e-01   3.4459400e-01
  -3.4792600e-01   3.5778600e-01
  -3.8752100e-01   3.3974500e-01
  -4.1598300e-01   2.7790800e-01
  -3.9877900e-01   1.9582900e-01
  -3.3260600e-01   1.3598100e-01
  -2.4849500e-01   1.2820100e-01
  -1.8906100e-01   1.6765900e-01
  -1.7715800e-01   2.1895300e-01
  -1.9964400e-01   2.4313600e-01
  -2.1843900e-01   2.2715300e-01
  -2.0040100e-01   1.9342400e-01
  -1.4334400e-01   1.8237600e-01
  -7.8480300e-02   2.2124200e-01
  -4.7505700e-02   3.0275900e-01
  -7.1681700e-02   3.8987500e-01
  -1.3630100e-01   4.4283800e-01
  -2.0220600e-01   4.4816200e-01
  -2.3555500e-01   4.2757700e-01
  -2.3325400e-01   4.2032600e-01
  -2.2484900e-01   4.5228400e-01
  -2.4951900e-01   5.1536800e-01
  -3.2565100e-01   5.7277400e-01
  -4.3606600e-01   5.8607700e-01
  -5.4001900e-01   5.4363000e-01
  -6.0287100e-01   4.6884300e-01
  -6.2096400e-01   4.0215000e-01
  -6.2296100e-01   3.7039600e-01
  -6.4674800e-01   3.6684600e-01
  -7.0948600e-01   3.5688400e-01
  -7.9352500e-01   3.0501000e-01
  -8.5882300e-01   2.0263200e-01
  -8.7243600e-01   7.5613700e-02
  -8.3275300e-01  -3.4106500e-02
  -7.7021300e-01  -9.8875000e-02
  -7.2403500e-01  -1.2472300e-01
  -7.1265600e-01  -1.4521300e-01
  -7.2024500e-01  -1.9452400e-01
  -7.0943000e-01  -2.8022700e-01
  -6.5052800e-01  -3.7639800e-01
  -5.4508100e-01  -4.4224800e-01
  -4.2590600e-01  -4.5215000e-01
  -3.3364200e-01  -4.1434800e-01
  -2.8756200e-01  -3.6427400e-01
  -2.7267700e-01  -3.3761400e-01
  -2.5279400e-01  -3.4356400e-01
  -1.9950100e-01  -3.5849200e-01
  -1.1507100e-01  -3.4472300e-01
  -3.1937900e-02  -2.8014200e-01
   1.0849000e-02  -1.7616700e-01
  -3.6653300e-03  -7.0498300e-02
  -5.8141400e-02  -1.5993400e-04
  -1.1441200e-01   2.4773400e-02
  -1.4233600e-01   2.6959500e-02
  -1.4217500e-01   4.2829600e-02
  -1.4359100e-01   9.3359000e-02
  -1.8213100e-01   1.6675800e-01
  -2.7105900e-01   2.2618600e-01
  -3.8989900e-01   2.3662400e-01
  -4.9833900e-01   1.9056900e-01
  -5.6496200e-01   1.1315800e-01
  -5.8908200e-01   4.2928800e-02
  -5.9927200e-01   2.8595000e-03
  -6.2982400e-01  -1.6393900e-02
  -6.9306800e-01  -4.8433300e-02
  -7.6856900e-01  -1.2442800e-01
  -8.1735600e-01  -2.4807400e-01
  -8.1039700e-01  -3.9116700e-01
  -7.4979700e-01  -5.1313900e-01
  -6.6672900e-01  -5.8975500e-01
  -5.9776000e-01  -6.2931600e-01
  -5.5755400e-01  -6.6422600e-01
  -5.2858400e-01  -7.2443500e-01
  -4.7557500e-01  -8.1296800e-01
  -3.7363800e-01  -9.0210200e-01
  -2.2875600e-01  -9.5306100e-01
  -7.5083300e-02  -9.4432700e-01
   4.8861200e-02  -8.8716600e-01
   1.2712400e-01  -8.1669400e-01
   1.7605900e-01  -7.6534600e-01
   2.2964100e-01  -7.3885000e-01
   3.1161300e-01  -7.1286500e-01
   4.1562400e-01  -6.5274100e-01
   5.0842800e-01  -5.4134100e-01
   5.5370700e-01  -3.9383100e-01
   5.3848400e-01  -2.4823200e-01
   4.8219800e-01  -1.3889100e-01
   4.2165000e-01  -7.2914400e-02
   3.8329900e-01  -2.7297900e-02
   3.6388800e-01   3.1220400e-02
   3.3402500e-01   1.1873800e-01
   2.6189000e-01   2.2003300e-01
   1.3906500e-01   2.9840000e-01
  -1.1122600e-02   3.2202400e-01
  -1.4903900e-01   2.8695800e-01
  -2.4630300e-01   2.1936500e-01
  -3.0465000e-01   1.5543200e-01
  -3.5196000e-01   1.1422300e-01
  -4.1858500e-01   8.4012600e-02
  -5.1204200e-01   3.2378100e-02
  -6.0925700e-01  -6.7682300e-02
  -6.7226600e-01  -2.1545400e-01
  -6.7547300e-01  -3.8093000e-01
  -6.2386800e-01  -5.2514400e-01
  -5.4851100e-01  -6.2705100e-01
  -4.8277300e-01  -6.9668000e-01
  -4.3738900e-01  -7.6475000e-01
  -3.9316500e-01  -8.5674600e-01
  -3.1680000e-01  -9.7120400e-01
  -1.8773200e-01  -1.0786700e+00
  -1.5646600e-02  -1.1421300e+00
   1.6462900e-01  -1.1434800e+00
   3.1698400e-01  -1.0960200e+00
   4.2861000e-01  -1.0336200e+00
   5.1680200e-01  -9.8486700e-01
   6.1298400e-01  -9.5174800e-01
   7.3618200e-01  -9.0903200e-01
   8.7613100e-01  -8.2466600e-01
   9.9882700e-01  -6.8570400e-01
   1.0703300e+00  -5.1008600e-01
   1.0808300e+00  -3.3533800e-01
   1.0508300e+00  -1.9274400e-01
   1.0148400e+00  -8.6486000e-02
   9.9502900e-01   6.5815000e-03
   9.8482200e-01   1.1649700e-01
   9.5470700e-01   2.5470300e-01
   8.7589000e-01   4.0288000e-01
   7.4373100e-01   5.2456700e-01
   5.8323300e-01   5.9080000e-01
   4.3240000e-01   6.0038000e-01
   3.1607500e-01   5.7953100e-01
   2.2995200e-01   5.6129100e-01
   1.4676700e-01   5.6030700e-01
   3.9805800e-02   5.6212100e-01
  -9.4173500e-02   5.3497200e-01
  -2.3002600e-01   4.5511900e-01
  -3.3104300e-01   3.2642900e-01
  -3.7480400e-01   1.7940800e-01
  -3.6853000e-01   5.0390800e-02
  -3.4241800e-01  -4.3378900e-02
  -3.2610000e-01  -1.1400900e-01
  -3.2608100e-01  -1.9092900e-01
  -3.2124200e-01  -2.9582800e-01
  -2.7970800e-01  -4.2363500e-01
  -1.8426100e-01  -5.4398400e-01
  -4.6986000e-02  -6.2207400e-01
   9.7917600e-02  -6.4315400e-01
   2.1774600e-01  -6.2216400e-01
   3.0347700e-01  -5.9133800e-01
   3.7385400e-01  -5.7523800e-01
   4.5841200e-01  -5.7214800e-01
   5.7244800e-01  -5.5588000e-01
   7.0295000e-01  -4.9655000e-01
   8.1619500e-01  -3.8450900e-01
   8.8125300e-01  -2.3930000e-01
   8.9166000e-01  -9.6844500e-02
   8.6892000e-01   1.5447300e-02
   8.4529000e-01   9.6863400e-02
   8.3895600e-01   1.7122400e-01
   8.4040100e-01   2.6614900e-01
   8.2024000e-01   3.8958500e-01
   7.5250400e-01   5.2142300e-01
   6.3568300e-01   6.2658500e-01
   4.9559200e-01   6.7968100e-01
   3.6786700e-01   6.8262700e-01
   2.7334100e-01   6.6196400e-01
   2.0484900e-01   6.4801600e-01
   1.3533100e-01   6.5171900e-01
   4.0941300e-02   6.5665300e-01
  -7.8427100e-02   6.3225300e-01
  -1.9680700e-01   5.5811500e-01
  -2.7979100e-01   4.4093900e-01
  -3.0880900e-01   3.1129200e-01
  -2.9372900e-01   2.0260900e-01
  -2.6434100e-01   1.2832000e-01
  -2.4725600e-01   7.4307700e-02
  -2.4575400e-01   1.2270800e-02
  -2.3781100e-01  -7.6259600e-02
  -1.9372700e-01  -1.8353300e-01
  -9.9936700e-02  -2.7926500e-01
   2.9065800e-02  -3.3162800e-01
   1.5971400e-01  -3.2967700e-01
   2.6248300e-01  -2.9031900e-01
   3.3167600e-01  -2.4463500e-01
   3.8702400e-01  -2.1400200e-01
   4.5602000e-01  -1.9410400e-01
   5.5050500e-01  -1.5890400e-01
   6.5530500e-01  -8.1493100e-02
   7.3755700e-01   4.4043100e-02
   7.6967900e-01   1.9630600e-01
   7.4864400e-01   3.4061900e-01
   6.9704700e-01   4.5279300e-01
   6.4525000e-01   5.3471900e-01
   6.0820700e-01   6.1008900e-01
   5.7449600e-01   7.0364700e-01
   5.1583100e-01   8.1979000e-01
   4.0976000e-01   9.3678700e-01
   2.5831600e-01   1.0210300e+00
   8.8485200e-02   1.0505300e+00
  -6.5876700e-02   1.0299800e+00
  -1.8701100e-01   9.8596700e-01
  -2.8381300e-01   9.4621700e-01
  -3.8212000e-01   9.1847100e-01
  -5.0223100e-01   8.8509100e-01
  -6.4077800e-01   8.1736400e-01
  -7.7074100e-01   6.9862200e-01
  -8.5961200e-01   5.3861600e-01
  -8.9199400e-01   3.6827000e-01
  -8.7960600e-01   2.1875600e-01
  -8.5119900e-01   1.0070300e-01
  -8.3014100e-01  -8.3077000e-04
  -8.1664400e-01  -1.1196600e-01
  -7.8809600e-01  -2.4721100e-01
  -7.1715900e-01  -3.9563300e-01
  -5.9387400e-01  -5.2650700e-01
  -4.3501200e-01  -6.1018900e-01
  -2.7357800e-01  -6.3846100e-01
  -1.3640200e-01  -6.2903100e-01
  -2.6719900e-02  -6.1089000e-01
   7.5179200e-02  -6.0168000e-01
   1.9388900e-01  -5.9426100e-01
   3.3719900e-01  -5.6257600e-01
   4.8729100e-01  -4.8233900e-01
   6.1152900e-01  -3.5081000e-01
   6.8469600e-01  -1.9067600e-01
   7.0591400e-01  -3.5099000e-02
   6.9752800e-01   9.4784800e-02
   6.8691200e-01   2.0293700e-01
   6.8503200e-01   3.1231100e-01
   6.7802400e-01   4.4431700e-01
   6.3810700e-01   5.9954600e-01
   5.4550800e-01   7.5438900e-01
   4.0477000e-01   8.7617500e-01
   2.4307600e-01   9.4538400e-01
   9.1864500e-02   9.6820800e-01
  -3.4381100e-02   9.7004600e-01
  -1.4619900e-01   9.7497300e-01
  -2.6810300e-01   9.8677400e-01
  -4.1692000e-01   9.8591000e-01
  -5.8602300e-01   9.4466400e-01
  -7.4744900e-01   8.4893800e-01
  -8.7033500e-01   7.1018600e-01
  -9.4176700e-01   5.5843700e-01
  -9.7433300e-01   4.2169300e-01
  -9.9478900e-01   3.0725600e-01
  -1.0225000e+00   1.9901800e-01
  -1.0540500e+00   7.2622600e-02
  -1.0656100e+00  -8.3095500e-02
  -1.0312900e+00  -2.5473200e-01
  -9.4346000e-01  -4.1164600e-01
  -8.1973900e-01  -5.2648800e-01
  -6.9123900e-01  -5.9345100e-01
  -5.8108700e-01  -6.3050500e-01
  -4.8934200e-01  -6.6405600e-01
  -3.9565200e-01  -7.0771500e-01
  -2.7748900e-01  -7.5129600e-01
  -1.3005300e-01  -7.6833200e-01
   2.7315600e-02  -7.3639000e-01
   1.6309300e-01  -6.5475500e-01
   2.5489500e-01  -5.4610200e-01
   3.0408700e-01  -4.4089400e-01
   3.3272000e-01  -3.5631200e-01
   3.6522900e-01  -2.8558300e-01
   4.0881900e-01  -2.0568800e-01
   4.4740900e-01  -9.7466600e-02
   4.5367700e-01   3.7197500e-02
   4.1005400e-01   1.7418400e-01
   3.2274200e-01   2.8287200e-01
   2.1815500e-01   3.4693400e-01
   1.2448200e-01   3.7452100e-01
   5.2304700e-02   3.9024100e-01
  -1.1129700e-02   4.1509700e-01
  -8.9781000e-02   4.4964400e-01
  -1.9812500e-01   4.7310700e-01
  -3.2766200e-01   4.5909800e-01
  -4.5088100e-01   3.9598300e-01
  -5.3971500e-01   2.9648300e-01
  -5.8455800e-01   1.8923600e-01
  -5.9953400e-01   9.8722900e-02
  -6.1014700e-01   2.8715200e-02
  -6.3273600e-01  -3.8323500e-02
  -6.6135200e-01  -1.2554400e-01
  -6.7196500e-01  -2.4172600e-01
  -6.4078300e-01  -3.7220800e-01
  -5.6277300e-01  -4.8763000e-01
  -4.5637400e-01  -5.6391200e-01
  -3.5082800e-01  -5.9838700e-01
  -2.6573500e-01  -6.0998300e-01
  -1.9825000e-01  -6.2341100e-01
  -1.2750700e-01  -6.4941400e-01
  -3.2808500e-02  -6.7606300e-01
   8.8297200e-02  -6.7764900e-01
   2.1580500e-01  -6.3441800e-01
   3.2012000e-01  -5.4816700e-01
   3.8229300e-01  -4.4190600e-01
   4.0638900e-01  -3.4385600e-01
   4.1469800e-01  -2.6787900e-01
   4.2954300e-01  -2.0509000e-01
   4.5550000e-01  -1.3289800e-01
   4.7552100e-01  -3.4499300e-02
   4.6384700e-01   8.6013200e-02
   4.0590900e-01   2.0442200e-01
   3.1012400e-01   2.9248100e-01
   2.0267400e-01   3.3718400e-01
   1.0922500e-01   3.4870800e-01
   3.7403200e-02   3.5110700e-01
  -2.6790800e-02   3.6290400e-01
  -1.0602400e-01   3.8232700e-01
  -2.1205400e-01   3.8835300e-01
  -3.3444000e-01   3.5675100e-01
  -4.4611500e-01   2.7892300e-01
  -5.2164700e-01   1.6929000e-01
  -5.5440100e-01   5.5636900e-02
  -5.5969700e-01  -4.0270300e-02
  -5.6168600e-01  -1.1715900e-01
  -5.7395300e-01  -1.9295400e-01
  -5.8857700e-01  -2.8879900e-01
  -5.8191400e-01  -4.1061400e-01
  -5.3268600e-01  -5.4219800e-01
  -4.3865500e-01  -6.5515200e-01
  -3.1926300e-01  -7.2812500e-01
  -2.0225800e-01  -7.6088700e-01
  -1.0441300e-01  -7.7265600e-01
  -2.0897500e-02  -7.8606300e-01
   6.8760700e-02  -8.0894800e-01
   1.8275400e-01  -8.2782000e-01
   3.2077000e-01  -8.1787800e-01
   4.6180600e-01  -7.6200200e-01
   5.7770500e-01  -6.6429600e-01
   6.5220600e-01  -5.4795100e-01
   6.9115500e-01  -4.3906700e-01
   7.1624400e-01  -3.4865100e-01
   7.4712100e-01  -2.6636600e-01
   7.8547400e-01  -1.7065900e-01
   8.1315200e-01  -4.7475200e-02
   8.0571400e-01   9.6667100e-02
   7.5112300e-01   2.3721100e-01
   6.5942600e-01   3.4779500e-01
   5.5610400e-01   4.1794800e-01
   4.6414500e-01   4.5893100e-01
   3.8838700e-01   4.9340400e-01
   3.1389600e-01   5.3682600e-01
   2.1951900e-01   5.8473600e-01
   9.6231600e-02   6.1552700e-01
  -4.3663900e-02   6.0658900e-01
  -1.7350600e-01   5.5158300e-01
  -2.7014200e-01   4.6577200e-01
  -3.2924300e-01   3.7538100e-01
  -3.6653400e-01   2.9907400e-01
  -4.0413900e-01   2.3551200e-01
  -4.5244000e-01   1.6633800e-01
  -5.0122700e-01   7.2224400e-02
  -5.2683600e-01  -5.0261900e-02
  -5.0983200e-01  -1.8379600e-01
  -4.4984600e-01  -3.0114800e-01
  -3.6634600e-01  -3.8356400e-01
  -2.8477900e-01  -4.3282000e-01
  -2.1857800e-01  -4.6792100e-01
  -1.6061500e-01  -5.0903900e-01
  -9.0470700e-02  -5.6092300e-01
   8.0742100e-03  -6.0837000e-01
   1.3265000e-01  -6.2715600e-01
   2.6194700e-01  -6.0214200e-01
   3.6969500e-01  -5.3883600e-01
   4.4241800e-01  -4.5968800e-01
   4.8759700e-01  -3.8793300e-01
   5.2616000e-01  -3.3122500e-01
   5.7506700e-01  -2.7738200e-01
   6.3325100e-01  -2.0537500e-01
   6.8154900e-01  -1.0315500e-01
   6.9667100e-01   2.1250000e-02
   6.6860500e-01   1.4379900e-01
   6.0829400e-01   2.4060500e-01
   5.3979400e-01   3.0400400e-01
   4.8288100e-01   3.4644600e-01
   4.3924600e-01   3.8934700e-01
   3.9267700e-01   4.4543500e-01
   3.2298900e-01   5.0799600e-01
   2.2308100e-01   5.5516300e-01
   1.0615100e-01   5.6597800e-01
  -2.4117100e-03   5.3605600e-01
  -8.2342300e-02   4.8101300e-01
  -1.3196000e-01   4.2508600e-01
  -1.6766100e-01   3.8358600e-01
  -2.0993200e-01   3.5243400e-01
  -2.6652900e-01   3.1263200e-01
  -3.2561000e-01   2.4620200e-01
  -3.6399100e-01   1.5144800e-01
  -3.6426300e-01   4.5954400e-02
  -3.2781200e-01  -4.4967500e-02
  -2.7390500e-01  -1.0565800e-01
  -2.2556300e-01  -1.4021000e-01
  -1.9293400e-01  -1.6773600e-01
  -1.6670500e-01  -2.0646000e-01
  -1.2647800e-01  -2.5875400e-01
  -5.7671700e-02  -3.0845700e-01
   3.5886300e-02  -3.3248700e-01
   1.3325300e-01  -3.1794900e-01
   2.1057100e-01  -2.7178300e-01
   2.5745200e-01  -2.1568100e-01
   2.8321000e-01  -1.7015900e-01
   3.0829500e-01  -1.3983100e-01
   3.4751100e-01  -1.1098700e-01
   3.9775900e-01  -6.3247600e-02
   4.3959900e-01   1.3621100e-02
   4.5142000e-01   1.1049800e-01
   4.2548500e-01   2.0428900e-01
   3.7372200e-01   2.7384300e-01
   3.1890300e-01   3.1437700e-01
   2.7791900e-01   3.3956300e-01
   2.4980700e-01   3.6977300e-01
   2.1752900e-01   4.1546900e-01
   1.6209000e-01   4.6832900e-01
   7.8239300e-02   5.0683800e-01
  -2.0166700e-02   5.1208400e-01
  -1.0920600e-01   4.8179900e-01
  -1.7150000e-01   4.3203300e-01
  -2.0786500e-01   3.8524300e-01
  -2.3524000e-01   3.5381900e-01
  -2.7255800e-01   3.3150700e-01
  -3.2531500e-01   2.9916200e-01
  -3.8053100e-01   2.4039900e-01
  -4.1592200e-01   1.5525000e-01
  -4.1630800e-01   6.1452900e-02
  -3.8485000e-01  -1.7592900e-02
  -3.4063100e-01  -6.9110400e-02
  -3.0445500e-01  -9.9179499e-02
  -2.8362400e-01  -1.2676600e-01
  -2.6718800e-01  -1.6814500e-01
  -2.3520000e-01  -2.2355400e-01
  -1.7490900e-01  -2.7620300e-01
  -9.1584900e-02  -3.0436100e-01
  -5.7722500e-03  -2.9736700e-01
   6.0950100e-02  -2.6345100e-01
   1.0093900e-01  -2.2348400e-01
   1.2491000e-01  -1.9542200e-01
   1.5253600e-01  -1.8122000e-01
   1.9641600e-01  -1.6609300e-01
   2.5158500e-01  -1.3061000e-01
   2.9850300e-01  -6.6421300e-02
   3.1725500e-01   1.6332000e-02
   3.0219100e-01   9.5524699e-02
   2.6595600e-01   1.5255300e-01
   2.2989600e-01   1.8512200e-01
   2.0812600e-01   2.0769300e-01
   1.9733200e-01   2.3932900e-01
   1.7996000e-01   2.8819900e-01
   1.3834400e-01   3.4450300e-01
   6.9004600e-02   3.8716200e-01
  -1.3703400e-02   3.9919400e-01
  -8.7368300e-02   3.8013600e-01
  -1.3731100e-01   3.4614500e-01
  -1.6647300e-01   3.1773100e-01
  -1.9197900e-01   3.0444400e-01
  -2.3104200e-01   2.9808500e-01
  -2.8694700e-01   2.7954000e-01
  -3.4572200e-01   2.3400000e-01
  -3.8601900e-01   1.6301600e-01
  -3.9470300e-01   8.4245900e-02
  -3.7635700e-01   1.9105300e-02
  -3.4955800e-01  -2.2344400e-02
  -3.3276200e-01  -4.7864700e-02
  -3.3051900e-01  -7.6034000e-02
  -3.3042400e-01  -1.2113900e-01
  -3.1306300e-01  -1.8144100e-01
  -2.6737400e-01  -2.3970500e-01
  -1.9977400e-01  -2.7557500e-01
  -1.3013600e-01  -2.8042100e-01
  -7.7686200e-02  -2.6343800e-01
  -4.7468700e-02  -2.4441400e-01
  -2.7594900e-02  -2.3869500e-01
   7.1449400e-04  -2.4572300e-01
   4.7953900e-02  -2.4980000e-01
   1.0754300e-01  -2.3245900e-01
   1.6006900e-01  -1.8701800e-01
   1.8734200e-01  -1.2430600e-01
   1.8561100e-01  -6.5218100e-02
   1.6797300e-01  -2.5759900e-02
   1.5419300e-01  -5.8751700e-03
   1.5567000e-01   9.5289299e-03
   1.6694300e-01   3.8202200e-02
   1.7011400e-01   8.6239899e-02
   1.4881500e-01   1.4269100e-01
   1.0109800e-01   1.8715900e-01
   4.1490100e-02   2.0462400e-01
  -9.3148799e-03   1.9627700e-01
  -3.9335700e-02   1.7819500e-01
  -5.3499500e-02   1.6891100e-01
  -6.9010300e-02   1.7530600e-01
  -1.0145500e-01   1.8750900e-01
  -1.5220600e-01   1.8661600e-01
  -2.0666600e-01   1.5934700e-01
  -2.4466700e-01   1.0853100e-01
  -2.5514200e-01   5.1477600e-02
  -2.4398000e-01   7.4925900e-03
  -2.2915100e-01  -1.6006600e-02
  -2.2685200e-01  -2.8301900e-02
  -2.3915700e-01  -4.7520500e-02
  -2.5252800e-01  -8.6118699e-02
  -2.4826200e-01  -1.4072300e-01
  -2.1693600e-01  -1.9401400e-01
  -1.6590000e-01  -2.2722100e-01
  -1.1416500e-01  -2.3374600e-01
  -7.8580000e-02  -2.2364600e-01
  -6.1739700e-02  -2.1561300e-01
  -5.0766500e-02  -2.2257000e-01
  -2.7812400e-02  -2.4178800e-01
   1.5706200e-02  -2.5700200e-01
   7.1940600e-02  -2.5086700e-01
   1.2192500e-01  -2.1831400e-01
   1.4933300e-01  -1.7067900e-01
   1.5227200e-01  -1.2752200e-01
   1.4420100e-01  -1.0232400e-01
   1.4334900e-01  -9.2896099e-02
   1.5864900e-01  -8.3710799e-02
   1.8287000e-01  -5.8343900e-02
   1.9809300e-01  -1.2561400e-02
   1.8936800e-01   4.1857800e-02
   1.5619300e-01   8.5447399e-02
   1.1312600e-01   1.0520900e-01
   7.9105999e-02   1.0389300e-01
   6.3568600e-02   9.7416299e-02
   5.9859200e-02   1.0241600e-01
   5.0879500e-02   1.2339200e-01
   2.2647300e-02   1.4916900e-01
  -2.4527700e-02   1.6131800e-01
  -7.5709800e-02   1.4814600e-01
  -1.1208300e-01   1.1364200e-01
  -1.2462800e-01   7.4639700e-02
  -1.2040500e-01   4.8356700e-02
  -1.1671100e-01   3.9765400e-02
  -1.2759900e-01   3.8324200e-02
  -1.5296800e-01   2.6501700e-02
  -1.7848100e-01  -6.4037100e-03
  -1.8633800e-01  -5.5630500e-02
  -1.6873400e-01  -1.0403300e-01
  -1.3380200e-01  -1.3452500e-01
  -9.9581399e-02  -1.4246300e-01
  -8.0601199e-02  -1.3862100e-01
  -7.7228699e-02  -1.4055100e-01
  -7.5829299e-02  -1.5890800e-01
  -5.9565900e-02  -1.8910400e-01
  -2.1626900e-02  -2.1459000e-01
   2.9140400e-02  -2.1926100e-01
   7.4439599e-02  -1.9957000e-01
   9.9861599e-02  -1.6719100e-01
   1.0525500e-01  -1.4025900e-01
   1.0430900e-01  -1.2982300e-01
   1.1371900e-01  -1.3178400e-01
   1.4015800e-01  -1.3036800e-01
   1.7493100e-01  -1.1047600e-01
   2.0033900e-01  -6.9538100e-02
   2.0289500e-01  -1.9874800e-02
   1.8340800e-01   2.0171700e-02
   1.5629000e-01   3.9632200e-02
   1.3867200e-01   4.2691300e-02
   1.3757100e-01   4.5003000e-02
   1.4481700e-01   6.1376600e-02
   1.4354800e-01   9.4180299e-02
   1.2131500e-01   1.3123900e-01
   7.9857399e-02   1.5479400e-01
   3.4162800e-02   1.5472300e-01
   1.5371300e-03   1.3601500e-01
  -1.1025500e-02   1.1487000e-01
  -1.1632900e-02   1.0641000e-01
  -1.6858600e-02   1.1331900e-01
  -3.8745400e-02   1.2399300e-01
  -7.5305999e-02   1.2156800e-01
  -1.1170200e-01   9.6958499e-02
  -1.3118700e-01   5.6026400e-02
  -1.2751300e-01   1.5472200e-02
  -1.0942700e-01  -9.4226999e-03
  -9.3881799e-02  -1.5916700e-02
  -9.3133499e-02  -1.5399400e-02
  -1.0550500e-01  -2.4291900e-02
  -1.1678100e-01  -5.1180300e-02
  -1.1115300e-01  -8.9935299e-02
  -8.3388799e-02  -1.2401000e-01
  -4.3034700e-02  -1.3864400e-01
  -7.4746099e-03  -1.3172400e-01
   1.0871400e-02  -1.1511000e-01
   1.3523000e-02  -1.0544900e-01
   1.4325900e-02  -1.1146800e-01
   2.8512500e-02  -1.2736500e-01
   6.0748700e-02  -1.3727300e-01
   1.0121900e-01  -1.2739200e-01
   1.3269600e-01  -9.6585399e-02
   1.4322500e-01  -5.7430400e-02
   1.3482200e-01  -2.6950400e-02
   1.2163400e-01  -1.4064600e-02
   1.1899100e-01  -1.3243500e-02
   1.3165500e-01  -9.1391099e-03
   1.5017100e-01   1.1356000e-02
   1.5804700e-01   4.8772900e-02
   1.4429500e-01   9.0275199e-02
   1.1185200e-01   1.1899100e-01
   7.5502899e-02   1.2639300e-01
   5.0913300e-02   1.1836300e-01
   4.3091200e-02   1.1039300e-01
   4.2984400e-02   1.1557800e-01
   3.4760200e-02   1.3453300e-01
   8.2169099e-03   1.5482900e-01
  -3.3085300e-02   1.6037500e-01
  -7.4117999e-02   1.4360300e-01
  -9.9348999e-02   1.1124700e-01
  -1.0407100e-01   7.9359399e-02
  -9.7539499e-02   6.1361400e-02
  -9.5581899e-02   5.8185300e-02
  -1.0831200e-01   5.7942700e-02
  -1.3226000e-01   4.5334400e-02
  -1.5286300e-01   1.3644700e-02
  -1.5540300e-01  -2.9766000e-02
  -1.3610800e-01  -6.8616699e-02
  -1.0501000e-01  -8.9587999e-02
  -7.8434899e-02  -9.1940199e-02
  -6.6830699e-02  -8.7612699e-02
  -6.7143099e-02  -9.1771599e-02
  -6.5487999e-02  -1.1099400e-01
  -4.8056300e-02  -1.3804000e-01
  -1.1971900e-02  -1.5715200e-01
   3.2118500e-02  -1.5584900e-01
   6.7668099e-02  -1.3428400e-01
   8.4282199e-02  -1.0509900e-01
   8.5086599e-02  -8.3910799e-02
   8.3868499e-02  -7.7666599e-02
   9.4197999e-02  -7.9655299e-02
   1.1879100e-01  -7.4936499e-02
   1.4716600e-01  -5.2032500e-02
   1.6335900e-01  -1.2017900e-02
   1.5782000e-01   3.1871300e-02
   1.3451700e-01   6.3795399e-02
   1.0786500e-01   7.6793699e-02
   9.1862999e-02   7.7518299e-02
   8.9655399e-02   8.0675199e-02
   9.1417899e-02   9.7422199e-02
   8.2131199e-02   1.2652800e-01
   5.3325800e-02   1.5498300e-01
   9.8953099e-03   1.6757700e-01
  -3.3168500e-02   1.5819000e-01
  -6.1632999e-02   1.3425400e-01
  -7.2254299e-02   1.1104200e-01
  -7.4663099e-02   1.0014000e-01
  -8.3520799e-02   1.0082800e-01
  -1.0692300e-01   1.0088500e-01
  -1.3984700e-01   8.6167099e-02
  -1.6759100e-01   5.1686400e-02
  -1.7659300e-01   5.7945999e-03
  -1.6442700e-01  -3.5677700e-02
  -1.4143900e-01  -6.0880599e-02
  -1.2281100e-01  -7.0334499e-02
  -1.1709000e-01  -7.5932499e-02
  -1.1986500e-01  -9.1355499e-02
  -1.1736000e-01  -1.2119100e-01
  -9.7178999e-02  -1.5700300e-01
  -5.8062299e-02  -1.8331700e-01
  -1.1258200e-02  -1.8897900e-01
   2.7506400e-02  -1.7529200e-01
   4.9372900e-02  -1.5480100e-01
   5.8441199e-02  -1.4167700e-01
   6.8031999e-02  -1.4100500e-01
   8.9994899e-02  -1.4507800e-01
   1.2518800e-01  -1.3947400e-01
   1.6233800e-01  -1.1429000e-01
   1.8613500e-01  -7.2007399e-02
   1.8842700e-01  -2.6049200e-02
   1.7405100e-01   8.8698299e-03
   1.5691900e-01   2.7289900e-02
   1.4936200e-01   3.6490800e-02
   1.5280200e-01   5.0319700e-02
   1.5681900e-01   7.8078099e-02
   1.4727600e-01   1.1690400e-01
   1.1733100e-01   1.5341800e-01
   7.2995699e-02   1.7337700e-01
   2.9033900e-02   1.7202000e-01
  -1.6700800e-03   1.5731200e-01
  -1.7240800e-02   1.4364200e-01
  -2.7552500e-02   1.4080300e-01
  -4.6068100e-02   1.4658400e-01
  -7.8995299e-02   1.4858500e-01
  -1.1998700e-01   1.3383900e-01
  -1.5439200e-01   9.8933899e-02
  -1.6983900e-01   5.2989600e-02
  -1.6513400e-01   1.1223700e-02
  -1.5077800e-01  -1.5993100e-02
  -1.4074000e-01  -3.0329700e-02
  -1.4174900e-01  -4.3524600e-02
  -1.4821100e-01  -6.7791799e-02
  -1.4657800e-01  -1.0590200e-01
  -1.2583700e-01  -1.4845700e-01
  -8.6161099e-02  -1.8042600e-01
  -3.9175200e-02  -1.9197500e-01
   3.4145000e-04  -1.8542100e-01
   2.5041300e-02  -1.7307300e-01
   3.9881900e-02  -1.6762900e-01
   5.7642599e-02  -1.7243300e-01
   8.8523699e-02  -1.7894900e-01
   1.3173200e-01  -1.7336100e-01
   1.7543300e-01  -1.4725600e-01
   2.0509600e-01  -1.0431300e-01
   2.1392000e-01  -5.7929099e-02
   2.0746700e-01  -2.1602200e-02
   1.9903400e-01   6.5534999e-04
   1.9930000e-01   1.6641800e-02
   2.0811100e-01   3.9313800e-02
   2.1460700e-01   7.6237699e-02
   2.0556800e-01   1.2315400e-01
   1.7565300e-01   1.6653200e-01
   1.3176000e-01   1.9317500e-01
   8.8233799e-02   1.9961000e-01
   5.6552499e-02   1.9418700e-01
   3.7293200e-02   1.9033600e-01
   2.0426700e-02   1.9611400e-01
  -6.3305899e-03   2.0797900e-01
  -4.7468600e-02   2.1348200e-01
  -9.5566699e-02   2.0081600e-01
  -1.3622400e-01   1.6797900e-01
  -1.5830200e-01   1.2461800e-01
  -1.6174400e-01   8.5167399e-02
  -1.5707600e-01   5.8493199e-02
  -1.5701800e-01   4.1852500e-02
  -1.6658200e-01   2.3716400e-02
  -1.7915300e-01  -6.7371399e-03
  -1.8151100e-01  -5.0677299e-02
  -1.6396400e-01  -9.8008999e-02
  -1.2791200e-01  -1.3431500e-01
  -8.5125399e-02  -1.5109600e-01
  -4.9296099e-02  -1.5158100e-01
  -2.6261100e-02  -1.4774400e-01
  -1.0276000e-02  -1.5082500e-01
   1.0883200e-02  -1.6255800e-01
   4.5897100e-02  -1.7375000e-01
   9.2575899e-02  -1.7125200e-01
   1.3878400e-01  -1.4804200e-01
   1.7091700e-01  -1.0877600e-01
   1.8351400e-01  -6.6611999e-02
   1.8276600e-01  -3.3731900e-02
   1.8129100e-01  -1.2728400e-02
   1.8818700e-01   4.6525200e-03
   2.0189200e-01   3.0503400e-02
   2.1126500e-01   7.0831799e-02
   2.0404100e-01   1.2025600e-01
   1.7624800e-01   1.6534000e-01
   1.3545400e-01   1.9404600e-01
   9.5403699e-02   2.0415500e-01
   6.6117999e-02   2.0431900e-01
   4.6931300e-02   2.0698800e-01
   2.7712700e-02   2.1860100e-01
  -2.7039700e-03   2.3447600e-01
  -4.7299599e-02   2.4226300e-01
  -9.7856999e-02   2.3131900e-01
  -1.4043900e-01   2.0089900e-01
  -1.6521100e-01   1.6097400e-01
  -1.7319500e-01   1.2506500e-01
  -1.7487200e-01   1.0052800e-01
  -1.8173900e-01   8.3626399e-02
  -1.9723700e-01   6.3083099e-02
  -2.1393100e-01   2.9375700e-02
  -2.1905300e-01  -1.7289400e-02
  -2.0419600e-01  -6.6378299e-02
  -1.7182400e-01  -1.0425700e-01
  -1.3367200e-01  -1.2378200e-01
  -1.0226000e-01  -1.2901400e-01
  -8.1958399e-02  -1.3153400e-01
  -6.6329499e-02  -1.4118000e-01
  -4.3731000e-02  -1.5825200e-01
  -6.8845599e-03  -1.7308300e-01
   4.0852100e-02  -1.7327700e-01
   8.7270999e-02  -1.5313000e-01
   1.1980400e-01  -1.1810000e-01
   1.3430000e-01  -8.0953699e-02
   1.3748000e-01  -5.2518599e-02
   1.4124300e-01  -3.4046000e-02
   1.5318200e-01  -1.6925200e-02
   1.7050400e-01   1.0068800e-02
   1.8194700e-01   5.1522999e-02
   1.7623400e-01   1.0115500e-01
   1.5064700e-01   1.4580700e-01
   1.1324300e-01   1.7465200e-01
   7.7042499e-02   1.8664400e-01
   5.0609899e-02   1.9062500e-01
   3.2136200e-02   1.9803400e-01
   1.1477800e-02   2.1378400e-01
  -2.1439300e-02   2.3221800e-01
  -6.8243599e-02   2.4119800e-01
  -1.2012700e-01   2.3121700e-01
  -1.6375100e-01   2.0263300e-01
  -1.9057700e-01   1.6555400e-01
  -2.0258500e-01   1.3248400e-01
  -2.1009000e-01   1.0929700e-01
  -2.2334300e-01   9.1367099e-02
  -2.4431700e-01   6.7728199e-02
  -2.6489000e-01   3.0095700e-02
  -2.7279900e-01  -2.0124900e-02
  -2.6083400e-01  -7.2149199e-02
  -2.3232500e-01  -1.1321400e-01
  -1.9877700e-01  -1.3747300e-01
  -1.7145100e-01  -1.4967400e-01
  -1.5328800e-01  -1.6088800e-01
  -1.3724200e-01  -1.7954700e-01
  -1.1226900e-01  -2.0461400e-01
  -7.2378799e-02  -2.2604600e-01
  -2.1898300e-02  -2.3219100e-01
   2.7068600e-02  -2.1851300e-01
   6.3042399e-02  -1.9104000e-01
   8.3095299e-02  -1.6194400e-01
   9.4329199e-02  -1.4062600e-01
   1.0783000e-01  -1.2702600e-01
   1.2971200e-01  -1.1222300e-01
   1.5604700e-01  -8.5816099e-02
   1.7551900e-01  -4.4467599e-02
   1.7777600e-01   4.8674399e-03
   1.6115400e-01   4.9483499e-02
   1.3394700e-01   7.9794299e-02
   1.0825900e-01   9.5836399e-02
   9.1133799e-02   1.0651800e-01
   7.9637699e-02   1.2222300e-01
   6.3614599e-02   1.4640400e-01
   3.3972500e-02   1.7253700e-01
  -9.7909899e-03   1.8874100e-01
  -5.8533999e-02   1.8654800e-01
  -9.9685799e-02   1.6719600e-01
  -1.2603100e-01   1.4068300e-01
  -1.4043400e-01   1.1833300e-01
  -1.5296800e-01   1.0449500e-01
  -1.7266200e-01   9.3660399e-02
  -2.0013600e-01   7.5135099e-02
  -2.2671400e-01   4.1703699e-02
  -2.4067600e-01  -4.2977899e-03
  -2.3589800e-01  -5.2104899e-02
  -2.1636100e-01  -8.9990499e-02
  -1.9312800e-01  -1.1343100e-01
  -1.7609000e-01  -1.2781700e-01
  -1.6674700e-01  -1.4369500e-01
  -1.5745800e-01  -1.6818600e-01
  -1.3770200e-01  -1.9908900e-01
  -1.0257700e-01  -2.2614500e-01
  -5.7086599e-02  -2.3848900e-01
  -1.2970600e-02  -2.3264500e-01
   1.9526700e-02  -2.1502800e-01
   3.8723600e-02  -1.9707400e-01
   5.2088899e-02  -1.8670400e-01
   6.9945099e-02  -1.8258800e-01
   9.7087099e-02  -1.7552000e-01
   1.2867800e-01  -1.5583500e-01
   1.5352500e-01  -1.2123000e-01
   1.6224800e-01  -7.9052099e-02
   1.5415800e-01  -4.1326399e-02
   1.3765100e-01  -1.6286600e-02
   1.2384800e-01  -2.8026300e-03
   1.1830100e-01   8.1102199e-03
   1.1704800e-01   2.5881900e-02
   1.0996600e-01   5.2717499e-02
   8.8861999e-02   8.1482699e-02
   5.4156399e-02   1.0073900e-01
   1.5083200e-02   1.0311200e-01
  -1.6727200e-02   9.0661099e-02
  -3.5438800e-02   7.3207399e-02
  -4.4788799e-02   6.0905999e-02
  -5.4632899e-02   5.6696399e-02
  -7.2909699e-02   5.4334699e-02
  -9.9129899e-02   4.3470199e-02
  -1.2432700e-01   1.7894700e-02
  -1.3749500e-01  -1.9295400e-02
  -1.3364500e-01  -5.7533399e-02
  -1.1737500e-01  -8.6220599e-02
  -9.9298899e-02  -1.0214500e-01
  -8.8026799e-02  -1.1128900e-01
  -8.3802999e-02  -1.2369800e-01
  -7.8581199e-02  -1.4532200e-01
  -6.2461799e-02  -1.7303800e-01
  -3.1591400e-02  -1.9660400e-01
   8.4658299e-03  -2.0607900e-01
   4.6435199e-02  -1.9907300e-01
   7.3307099e-02  -1.8236500e-01
   8.8556099e-02  -1.6668600e-01
   9.9923799e-02  -1.5863200e-01
   1.1696800e-01  -1.5582900e-01
   1.4329400e-01  -1.4899900e-01
   1.7335900e-01  -1.2931900e-01
   1.9626900e-01  -9.5502999e-02
   2.0369200e-01  -5.5223799e-02
   1.9588800e-01  -1.9809100e-02
   1.8132900e-01   3.7705299e-03
   1.7020300e-01   1.7577100e-02
   1.6675000e-01   3.0534000e-02
   1.6621400e-01   5.1089999e-02
   1.5870700e-01   8.0299099e-02
   1.3702500e-01   1.1056200e-01
   1.0249700e-01   1.3097700e-01
   6.4420099e-02   1.3525300e-01
   3.3532800e-02   1.2619100e-01
   1.4450400e-02   1.1337500e-01
   2.7749300e-03   1.0584400e-01
  -1.0968100e-02   1.0529200e-01
  -3.3583000e-02   1.0495200e-01
  -6.3531399e-02   9.4968799e-02
  -9.1634799e-02   7.0183899e-02
  -1.0761300e-01   3.4421400e-02
  -1.0751200e-01  -1.9637400e-03
  -9.6406499e-02  -2.9414200e-02
  -8.4367999e-02  -4.5835799e-02
  -7.8757199e-02  -5.7577199e-02
  -7.8696699e-02  -7.4019299e-02
  -7.5886599e-02  -9.9902299e-02
  -6.1126599e-02  -1.3121500e-01
  -3.1586700e-02  -1.5776000e-01
   6.6810599e-03  -1.7045100e-01
   4.2886599e-02  -1.6781500e-01
   6.9160399e-02  -1.5680900e-01
   8.5939999e-02  -1.4734100e-01
   1.0103500e-01  -1.4468700e-01
   1.2311600e-01  -1.4552200e-01
   1.5458000e-01  -1.4057100e-01
   1.8921200e-01  -1.2184800e-01
   2.1640700e-01  -8.8980799e-02
   2.2875700e-01  -4.9847099e-02
   2.2726300e-01  -1.5035600e-02
   2.2026100e-01   9.6672199e-03
   2.1688600e-01   2.7092900e-02
   2.2005300e-01   4.5953699e-02
   2.2426200e-01   7.3656999e-02
   2.1986200e-01   1.1013600e-01
   2.0054800e-01   1.4737600e-01
   1.6838000e-01   1.7498600e-01
   1.3255800e-01   1.8761300e-01
   1.0285600e-01   1.8857900e-01
   8.2719399e-02   1.8703300e-01
   6.7196599e-02   1.9078800e-01
   4.7267599e-02   2.0028700e-01
   1.7240800e-02   2.0825100e-01
  -2.0390100e-02   2.0526400e-01
  -5.6314599e-02   1.8705500e-01
  -8.0958499e-02   1.5794800e-01
  -9.1265299e-02   1.2789000e-01
  -9.2591399e-02   1.0530500e-01
  -9.4307299e-02   9.1181799e-02
  -1.0246000e-01   7.8850799e-02
  -1.1506000e-01   5.9579199e-02
  -1.2355100e-01   2.9728600e-02
  -1.1933700e-01  -5.9648999e-03
  -1.0040500e-01  -3.7467099e-02
  -7.3041799e-02  -5.6550599e-02
  -4.7348399e-02  -6.2556599e-02
  -2.9954900e-02  -6.2473499e-02
  -1.9444400e-02  -6.5303699e-02
  -7.9214999e-03  -7.5002099e-02
   1.2491600e-02  -8.7338899e-02
   4.3175199e-02  -9.3049299e-02
   7.7462799e-02  -8.4870599e-02
   1.0519300e-01  -6.3132099e-02
   1.1991700e-01  -3.5673099e-02
   1.2332000e-01  -1.2160600e-02
   1.2352900e-01   2.8856200e-03
   1.2862500e-01   1.3095000e-02
   1.4027900e-01   2.7029400e-02
   1.5234100e-01   5.1212299e-02
   1.5542800e-01   8.4701899e-02
   1.4403000e-01   1.1932000e-01
   1.2075300e-01   1.4536400e-01
   9.4491399e-02   1.5847200e-01
   7.3933099e-02   1.6247600e-01
   6.1305399e-02   1.6609100e-01
   5.1087899e-02   1.7598900e-01
   3.4633899e-02   1.9151100e-01
   7.1763399e-03   2.0501000e-01
  -2.8101200e-02   2.0756300e-01
  -6.2010299e-02   1.9571100e-01
  -8.5846199e-02   1.7413100e-01
  -9.7510898e-02   1.5222600e-01
  -1.0265800e-01   1.3722700e-01
  -1.1001700e-01   1.2903200e-01
  -1.2446900e-01   1.2065600e-01
  -1.4311400e-01   1.0393600e-01
  -1.5731600e-01   7.6143699e-02
  -1.5914400e-01   4.2488899e-02
  -1.4735600e-01   1.2621300e-02
  -1.2837200e-01  -6.2188899e-03
  -1.1153600e-01  -1.4226500e-02
  -1.0225700e-01  -1.8452000e-02
  -9.8201998e-02  -2.7083600e-02
  -9.1427599e-02  -4.2942399e-02
  -7.4779299e-02  -6.1118599e-02
  -4.7718999e-02  -7.2531099e-02
  -1.7150000e-02  -7.0704599e-02
   7.3763399e-03  -5.6632299e-02
   2.0445700e-02  -3.8054499e-02
   2.4433200e-02  -2.3712800e-02
   2.7284800e-02  -1.6936700e-02
   3.6134399e-02  -1.3407000e-02
   5.1607399e-02  -4.7666699e-03
   6.7122399e-02   1.4680700e-02
   7.3712999e-02   4.3268899e-02
   6.6708799e-02   7.2825599e-02
   4.9222499e-02   9.4434598e-02
   2.9816900e-02   1.0474500e-01
   1.6131700e-02   1.0806700e-01
   9.2980198e-03   1.1269600e-01
   3.3561399e-03   1.2427500e-01
  -9.9078698e-03   1.4123100e-01
  -3.4388899e-02   1.5573900e-01
  -6.6339699e-02   1.5947600e-01
  -9.6811798e-02   1.4980400e-01
  -1.1800900e-01   1.3170700e-01
  -1.2875100e-01   1.1403000e-01
  -1.3492900e-01   1.0288800e-01
  -1.4463600e-01   9.7224998e-02
  -1.6169100e-01   8.9872898e-02
  -1.8245200e-01   7.3286099e-02
  -1.9834200e-01   4.5590199e-02
  -2.0215900e-01   1.2360800e-02
  -1.9339200e-01  -1.7209800e-02
  -1.7853500e-01  -3.6854199e-02
  -1.6617500e-01  -4.7537899e-02
  -1.6058200e-01  -5.6295099e-02
  -1.5865200e-01  -7.0501599e-02
  -1.5250200e-01  -9.1940798e-02
  -1.3572100e-01  -1.1516100e-01
  -1.0854200e-01  -1.3136000e-01
  -7.8008199e-02  -1.3485000e-01
  -5.3021199e-02  -1.2721700e-01
  -3.8012799e-02  -1.1602900e-01
  -3.0021599e-02  -1.0910200e-01
  -2.1361300e-02  -1.0866400e-01
  -5.8329899e-03  -1.0983200e-01
   1.6237200e-02  -1.0452800e-01
   3.7950799e-02  -8.7863898e-02
   5.0809299e-02  -6.2136799e-02
   5.0938299e-02  -3.5421199e-02
   4.1858899e-02  -1.5827000e-02
   3.1726099e-02  -5.7657899e-03
   2.7141300e-02  -5.5063299e-04
   2.8228100e-02   7.6380499e-03
   2.8688800e-02   2.3447900e-02
   2.0779300e-02   4.4496099e-02
   1.4189900e-03   6.2878199e-02
  -2.5194300e-02   7.0893699e-02
  -5.0439899e-02   6.6656599e-02
  -6.7434499e-02   5.5352599e-02
  -7.5838899e-02   4.5211799e-02
  -8.1694099e-02   4.1260799e-02
  -9.2436298e-02   4.1584699e-02
  -1.1088800e-01   3.8917699e-02
  -1.3278500e-01   2.6336900e-02
  -1.4970000e-01   2.7381000e-03
  -1.5516100e-01  -2.6054500e-02
  -1.4931500e-01  -5.1378299e-02
  -1.3864300e-01  -6.7923099e-02
  -1.3094500e-01  -7.7345699e-02
  -1.2941700e-01  -8.6595698e-02
  -1.3029100e-01  -1.0224600e-01
  -1.2582100e-01  -1.2513800e-01
  -1.1032900e-01  -1.4940500e-01
  -8.4729298e-02  -1.6660300e-01
  -5.6103299e-02  -1.7182400e-01
  -3.2662099e-02  -1.6716900e-01
  -1.7900800e-02  -1.5997300e-01
  -8.3621098e-03  -1.5714100e-01
   3.3243999e-03  -1.5989700e-01
   2.2453400e-02  -1.6291200e-01
   4.7855399e-02  -1.5846600e-01
   7.2432599e-02  -1.4245900e-01
   8.8210698e-02  -1.1773800e-01
   9.2081198e-02  -9.2209298e-02
   8.7900598e-02  -7.3180599e-02
   8.3376898e-02  -6.2207199e-02
   8.4120098e-02  -5.4332399e-02
   8.9367098e-02  -4.2266599e-02
   9.2610398e-02  -2.2319400e-02
   8.6638998e-02   2.4181600e-03
   6.9163499e-02   2.4051500e-02
   4.4766499e-02   3.5519499e-02
   2.1707500e-02   3.5628299e-02
   6.0075199e-03   2.9686099e-02
  -2.7166999e-03   2.5281500e-02
  -1.0533900e-02   2.6418100e-02
  -2.4167000e-02   3.0449599e-02
  -4.5478099e-02   3.0126299e-02
  -6.9655199e-02   1.9189700e-02
  -8.8471398e-02  -2.7287499e-03
  -9.6149198e-02  -2.9610899e-02
  -9.3398198e-02  -5.3324199e-02
  -8.6588998e-02  -6.9427499e-02
  -8.2712498e-02  -8.0123999e-02
  -8.3954198e-02  -9.2149498e-02
  -8.5993298e-02  -1.1122100e-01
  -8.1302898e-02  -1.3726300e-01
  -6.4941099e-02  -1.6404200e-01
  -3.8444299e-02  -1.8346600e-01
  -8.8811298e-03  -1.9131900e-01
   1.6208300e-02  -1.9008300e-01
   3.4156999e-02  -1.8674300e-01
   4.8767299e-02  -1.8725800e-01
   6.6973499e-02  -1.9189400e-01
   9.3124398e-02  -1.9495600e-01
   1.2522700e-01  -1.8910000e-01
   1.5600100e-01  -1.7096900e-01
   1.7794300e-01  -1.4386500e-01
   1.8857300e-01  -1.1546100e-01
   1.9191300e-01  -9.2280798e-02
   1.9508900e-01  -7.5129299e-02
   2.0267000e-01  -5.8909999e-02
   2.1302200e-01  -3.6949899e-02
   2.1944600e-01  -6.5286199e-03
   2.1522300e-01   2.8582699e-02
   1.9873600e-01   6.0497599e-02
   1.7481100e-01   8.2708198e-02
   1.5125100e-01   9.4545698e-02
   1.3321200e-01   1.0125200e-01
   1.1965800e-01   1.0963600e-01
   1.0457200e-01   1.2261400e-01
   8.1967798e-02   1.3679400e-01
   5.0903899e-02   1.4490200e-01
   1.6679600e-02   1.4122900e-01
  -1.2681500e-02   1.2595800e-01
  -3.2008099e-02   1.0510500e-01
  -4.2405999e-02   8.6140798e-02
  -4.9963499e-02   7.2592499e-02
  -6.0742499e-02   6.1722799e-02
  -7.5866399e-02   4.7008999e-02
  -9.0426998e-02   2.3528600e-02
  -9.7033198e-02  -7.8464298e-03
  -9.1308498e-02  -4.0624799e-02
  -7.5177399e-02  -6.7110899e-02
  -5.5463199e-02  -8.3721098e-02
  -3.8869999e-02  -9.3194698e-02
  -2.7149899e-02  -1.0205000e-01
  -1.6101400e-02  -1.1523800e-01
   8.6328098e-04  -1.3205600e-01
   2.7305599e-02  -1.4641700e-01
   6.0612999e-02  -1.5126200e-01
   9.3502498e-02  -1.4378200e-01
   1.1903800e-01  -1.2748700e-01
   1.3537300e-01  -1.0958000e-01
   1.4664300e-01  -9.5630798e-02
   1.5936900e-01  -8.5580498e-02
   1.7710500e-01  -7.4086099e-02
   1.9740400e-01  -5.4925699e-02
   2.1340000e-01  -2.6107099e-02
   2.1879100e-01   8.1956298e-03
   2.1246800e-01   4.0345499e-02
   1.9927900e-01   6.4541699e-02
   1.8637400e-01   8.0713298e-02
   1.7790300e-01   9.4082898e-02
   1.7207200e-01   1.1075700e-01
   1.6278400e-01   1.3270500e-01
   1.4458200e-01   1.5593000e-01
   1.1715000e-01   1.7322500e-01
   8.5957398e-02   1.7941500e-01
   5.8548399e-02   1.7512300e-01
   3.9293899e-02   1.6622000e-01
   2.6557499e-02   1.5939200e-01
   1.4399200e-02   1.5718100e-01
  -2.4994599e-03   1.5625100e-01
  -2.4435799e-02   1.5017600e-01
  -4.6147899e-02   1.3461000e-01
  -6.0542599e-02   1.1092800e-01
  -6.3864699e-02   8.5559398e-02
  -5.8400599e-02   6.5533599e-02
  -5.0682199e-02   5.3598199e-02
  -4.6564699e-02   4.6586399e-02
  -4.6907099e-02   3.8247999e-02
  -4.7116899e-02   2.4374499e-02
  -4.0882299e-02   6.3238899e-03
  -2.5251499e-02  -9.7263998e-03
  -3.2008399e-03  -1.7227700e-02
   1.8250900e-02  -1.4043700e-02
   3.2957399e-02  -3.9548199e-03
   3.9874799e-02   6.2400299e-03
   4.3425499e-02   1.1819500e-02
   4.9745599e-02   1.3576000e-02
   6.1679499e-02   1.7002500e-02
   7.6321498e-02   2.7866999e-02
   8.6965998e-02   4.7538799e-02
   8.7986698e-02   7.1612898e-02
   7.8952598e-02   9.2874198e-02
   6.4875499e-02   1.0635900e-01
   5.2416399e-02   1.1269300e-01
   4.4931199e-02   1.1720300e-01
   4.0102499e-02   1.2549900e-01
   3.1934699e-02   1.3888900e-01
   1.5583300e-02   1.5310900e-01
  -8.6516298e-03   1.6132800e-01
  -3.5195299e-02   1.5914400e-01
  -5.7030299e-02   1.4780300e-01
  -7.0593298e-02   1.3321000e-01
  -7.8045398e-02   1.2149500e-01
  -8.5219998e-02   1.1449900e-01
  -9.6827698e-02   1.0859000e-01
  -1.1256500e-01   9.7679898e-02
  -1.2707500e-01   7.8155098e-02
  -1.3379300e-01   5.1962099e-02
  -1.2975700e-01   2.5518399e-02
  -1.1775700e-01   5.2689799e-03
  -1.0420200e-01  -6.7533399e-03
  -9.4337798e-02  -1.4021500e-02
  -8.8433598e-02  -2.2459100e-02
  -8.1818098e-02  -3.5572599e-02
  -6.8714598e-02  -5.1469999e-02
  -4.6958699e-02  -6.4025699e-02
  -2.0017200e-02  -6.7306499e-02
   5.2231199e-03  -5.9910499e-02
   2.3221999e-02  -4.5943399e-02
   3.3512099e-02  -3.1907999e-02
   4.0583799e-02  -2.1871200e-02
   5.0041599e-02  -1.4567900e-02
   6.3964399e-02  -4.6190499e-03
   7.8992698e-02   1.3075100e-02
   8.8591398e-02   3.9108399e-02
   8.7774298e-02   6.8713798e-02
   7.6717698e-02   9.4929298e-02
   6.0539799e-02   1.1339100e-01
   4.5427699e-02   1.2514000e-01
   3.4052199e-02   1.3533600e-01
   2.3737199e-02   1.4888900e-01
   8.7552898e-03   1.6632300e-01
  -1.5006900e-02   1.8301700e-01
  -4.6557099e-02   1.9240300e-01
  -8.0127398e-02   1.9068800e-01
  -1.0907600e-01   1.7954700e-01
  -1.3041400e-01   1.6475300e-01
  -1.4654800e-01   1.5179400e-01
  -1.6293900e-01   1.4181600e-01
  -1.8348500e-01   1.3093200e-01
  -2.0712900e-01   1.1343100e-01
  -2.2827499e-01   8.6421698e-02
  -2.4069199e-01   5.2392299e-02
  -2.4195499e-01   1.7752100e-02
  -2.3507299e-01  -1.1550300e-02
  -2.2608299e-01  -3.4019899e-02
  -2.1945399e-01  -5.3215899e-02
  -2.1476800e-01  -7.4532098e-02
  -2.0720200e-01  -1.0061800e-01
  -1.9141500e-01  -1.2892000e-01
  -1.6588600e-01  -1.5321200e-01
  -1.3442100e-01  -1.6795100e-01
  -1.0367700e-01  -1.7217400e-01
  -7.8585298e-02  -1.6998900e-01
  -5.9117699e-02  -1.6732000e-01
  -4.0831499e-02  -1.6736200e-01
  -1.8748900e-02  -1.6821300e-01
   8.3852498e-03  -1.6443600e-01
   3.6701699e-02  -1.5138600e-01
   5.9726099e-02  -1.2898400e-01
   7.2912798e-02  -1.0209900e-01
   7.6769798e-02  -7.7245698e-02
   7.6224098e-02  -5.8085299e-02
   7.6725398e-02  -4.3132899e-02
   8.0048098e-02  -2.7379199e-02
   8.2967898e-02  -6.5746498e-03
   7.9803498e-02   1.9085500e-02
   6.6886098e-02   4.4673199e-02
   4.5564899e-02   6.3856598e-02
   2.1473899e-02   7.3328598e-02
   6.1516499e-04   7.4993898e-02
  -1.4779900e-02   7.4274998e-02
  -2.7494799e-02   7.5836798e-02
  -4.2757499e-02   7.9974098e-02
  -6.3826398e-02   8.2392198e-02
  -8.9086898e-02   7.7536798e-02
  -1.1286400e-01   6.2937998e-02
  -1.2933800e-01   4.1278899e-02
  -1.3659700e-01   1.8621200e-02
  -1.3778500e-01   1.3493300e-04
  -1.3847600e-01  -1.3443000e-02
  -1.4229600e-01  -2.5957299e-02
  -1.4809500e-01  -4.2500299e-02
  -1.5081800e-01  -6.5140198e-02
  -1.4539400e-01  -9.0957098e-02
  -1.3069700e-01  -1.1387700e-01
  -1.1057100e-01  -1.2891400e-01
  -9.1157198e-02  -1.3562500e-01
  -7.6534498e-02  -1.3815800e-01
  -6.5975998e-02  -1.4189800e-01
  -5.4873199e-02  -1.4924600e-01
  -3.8608399e-02  -1.5773100e-01
  -1.6425600e-02  -1.6188700e-01
   7.6385098e-03  -1.5744700e-01
   2.7470099e-02  -1.4468600e-01
   3.9185599e-02  -1.2837800e-01
   4.3779499e-02  -1.1439800e-01
   4.6123399e-02  -1.0555400e-01
   5.1090699e-02  -9.9776298e-02
   5.9752099e-02  -9.2032898e-02
   6.8520098e-02  -7.8484298e-02
   7.1880798e-02  -5.9729199e-02
   6.6635598e-02  -4.0672999e-02
   5.4437899e-02  -2.7120099e-02
   4.0705599e-02  -2.1666699e-02
   3.0738699e-02  -2.1992799e-02
   2.5976199e-02  -2.2830499e-02
   2.3213899e-02  -2.0101700e-02
   1.7355000e-02  -1.4087100e-02
   5.5919999e-03  -9.2300498e-03
  -1.0157300e-02  -1.0734600e-02
  -2.4406799e-02  -2.0541099e-02
  -3.1975799e-02  -3.5727599e-02
  -3.1651599e-02  -5.0544099e-02
  -2.6880299e-02  -6.0535498e-02
  -2.2979599e-02  -6.5638898e-02
  -2.2997399e-02  -6.9923798e-02
  -2.5355399e-02  -7.8194198e-02
  -2.5054799e-02  -9.2039798e-02
  -1.7522300e-02  -1.0833600e-01
  -2.1774799e-03  -1.2132600e-01
   1.6978900e-02  -1.2671700e-01
   3.4195799e-02  -1.2468300e-01
   4.6078099e-02  -1.1952800e-01
   5.3867799e-02  -1.1627400e-01
   6.2188998e-02  -1.1676500e-01
   7.5227898e-02  -1.1825100e-01
   9.3253398e-02  -1.1549500e-01
   1.1211800e-01  -1.0482100e-01
   1.2611900e-01  -8.7015098e-02
   1.3205000e-01  -6.6899698e-02
   1.3139300e-01  -4.9896399e-02
   1.2899800e-01  -3.8187499e-02
   1.2926900e-01  -2.9366799e-02
   1.3275500e-01  -1.8584000e-02
   1.3572000e-01  -2.5409299e-03
   1.3301300e-01   1.7698000e-02
   1.2205300e-01   3.7212499e-02
   1.0491500e-01   5.0666299e-02
   8.6935798e-02   5.6079899e-02
   7.2902098e-02   5.6089299e-02
   6.3704198e-02   5.5756299e-02
   5.5973399e-02   5.8599598e-02
   4.4960299e-02   6.3860498e-02
   2.8457999e-02   6.7066498e-02
   8.7889598e-03   6.3459598e-02
  -8.6481698e-03   5.1684899e-02
  -1.9174399e-02   3.4948999e-02
  -2.2098599e-02   1.8774600e-02
  -2.0997799e-02   7.0544598e-03
  -2.0813399e-02  -6.1322998e-04
  -2.3974999e-02  -8.3061698e-03
  -2.8489199e-02  -2.0362499e-02
  -2.9435399e-02  -3.7769899e-02
  -2.2726899e-02  -5.7099498e-02
  -8.2863998e-03  -7.2793298e-02
   9.7672197e-03  -8.1073298e-02
   2.6055599e-02  -8.2522198e-02
   3.7777499e-02  -8.1394698e-02
   4.6548799e-02  -8.2198598e-02
   5.6867598e-02  -8.6144298e-02
   7.2386298e-02  -9.0151498e-02
   9.2824498e-02  -8.9159598e-02
   1.1386500e-01  -7.9983498e-02
   1.3011200e-01  -6.3795898e-02
   1.3887300e-01  -4.5358299e-02
   1.4191600e-01  -2.9591199e-02
   1.4387800e-01  -1.8076500e-02
   1.4855700e-01  -8.1326298e-03
   1.5589500e-01   4.8559199e-03
   1.6193700e-01   2.3633999e-02
   1.6179200e-01   4.6686999e-02
   1.5334600e-01   6.9079198e-02
   1.3891900e-01   8.5883698e-02
   1.2361500e-01   9.5613297e-02
   1.1161800e-01   1.0106400e-01
   1.0324100e-01   1.0695300e-01
   9.4945197e-02   1.1614800e-01
   8.2296398e-02   1.2735600e-01
   6.3615798e-02   1.3600900e-01
   4.1540999e-02   1.3768300e-01
   2.1323399e-02   1.3144000e-01
   7.1465998e-03   1.2058100e-01
  -7.5158698e-04   1.1024200e-01
  -5.9883898e-03   1.0365100e-01
  -1.3062200e-02   9.9883397e-02
  -2.3758699e-02   9.4796397e-02
  -3.5662499e-02   8.4423398e-02
  -4.3895099e-02   6.8241098e-02
  -4.4758999e-02   4.9835499e-02
  -3.8526599e-02   3.4460399e-02
  -2.9266599e-02   2.5336299e-02
  -2.1847599e-02   2.1484299e-02
  -1.8388999e-02   1.8719699e-02
  -1.6839100e-02   1.3037000e-02
  -1.2744900e-02   3.8150199e-03
  -2.8561699e-03  -5.5876998e-03
   1.2172400e-02  -1.0290700e-02
   2.8029999e-02  -7.5380198e-03
   3.9760799e-02   1.2273600e-03
   4.5257699e-02   1.1425400e-02
   4.6606599e-02   1.8726299e-02
   4.8275199e-02   2.2198299e-02
   5.3534599e-02   2.4841199e-02
   6.1829098e-02   3.1115699e-02
   6.9084898e-02   4.3353099e-02
   7.0717498e-02   5.9769098e-02
   6.5058398e-02   7.5587898e-02
   5.4608198e-02   8.6421998e-02
   4.4175699e-02   9.1354797e-02
   3.7316499e-02   9.3401697e-02
   3.3767999e-02   9.7016397e-02
   2.9810199e-02   1.0454300e-01
   2.1267499e-02   1.1430600e-01
   6.8658598e-03   1.2177800e-01
  -1.0599600e-02   1.2293800e-01
  -2.6170099e-02   1.1727800e-01
  -3.6257999e-02   1.0817700e-01
  -4.1139999e-02   1.0038100e-01
  -4.4533199e-02   9.6486197e-02
  -5.0590599e-02   9.5097797e-02
  -6.0599998e-02   9.2037797e-02
  -7.1888398e-02   8.3679298e-02
  -7.9757198e-02   6.9871698e-02
  -8.0976898e-02   5.4240698e-02
  -7.6196398e-02   4.1638799e-02
  -6.9448498e-02   3.4675599e-02
  -6.5132798e-02   3.1948299e-02
  -6.4765098e-02   2.9299099e-02
  -6.5946398e-02   2.3134299e-02
  -6.4322598e-02   1.3282800e-02
  -5.7036798e-02   3.2315099e-03
  -4.5056499e-02  -2.4356699e-03
  -3.2611399e-02  -1.4526200e-03
  -2.4172299e-02   4.4445099e-03
  -2.1255799e-02   1.0831100e-02
  -2.1466299e-02   1.3904200e-02
  -2.0486499e-02   1.3282400e-02
  -1.5498600e-02   1.2182000e-02
  -7.4383598e-03   1.4849400e-02
  -3.8031899e-04   2.3202599e-02
   1.4769300e-03   3.5229799e-02
  -3.0613299e-03   4.6354499e-02
  -1.1308500e-02   5.2732098e-02
  -1.8726399e-02   5.3983498e-02
  -2.2319599e-02   5.3306698e-02
  -2.2824999e-02   5.4894498e-02
  -2.4047999e-02   6.0624798e-02
  -2.9859099e-02   6.8529998e-02
  -4.1134099e-02   7.4202898e-02
  -5.4953998e-02   7.4067098e-02
  -6.6669798e-02   6.8036698e-02
  -7.3264398e-02   5.9555098e-02
  -7.5472398e-02   5.2992798e-02
  -7.7061698e-02   5.0379299e-02
  -8.1834998e-02   4.9938899e-02
  -9.0628297e-02   4.7531399e-02
  -1.0058000e-01   3.9894499e-02
  -1.0721800e-01   2.7227999e-02
  -1.0778300e-01   1.3164200e-02
  -1.0326400e-01   2.1495199e-03
  -9.7627297e-02  -3.7771399e-03
  -9.4812297e-02  -6.3772898e-03
  -9.5785297e-02  -9.7329297e-03
  -9.7871097e-02  -1.7025699e-02
  -9.6860097e-02  -2.8019699e-02
  -9.0285097e-02  -3.9151299e-02
  -7.9385398e-02  -4.6152999e-02
  -6.8271798e-02  -4.7220799e-02
  -6.0929698e-02  -4.4329799e-02
  -5.8330498e-02  -4.1709699e-02
  -5.7828798e-02  -4.2641099e-02
  -5.5293398e-02  -4.7000599e-02
  -4.8346499e-02  -5.1405498e-02
  -3.8257099e-02  -5.1840598e-02
  -2.9057899e-02  -4.6768599e-02
  -2.4560299e-02  -3.8370599e-02
  -2.5529299e-02  -3.0979499e-02
  -2.9153699e-02  -2.7897899e-02
  -3.1202899e-02  -2.9007899e-02
  -2.9233399e-02  -3.0974499e-02
  -2.4415999e-02  -2.9877899e-02
  -2.0608499e-02  -2.4273499e-02
  -2.1385199e-02  -1.6362999e-02
  -2.7277199e-02  -1.0393800e-02
  -3.5311799e-02  -9.5048797e-03
  -4.1194799e-02  -1.3406700e-02
  -4.2478999e-02  -1.8646899e-02
  -4.0323999e-02  -2.1251599e-02
  -3.8521899e-02  -1.9737599e-02
  -4.0538299e-02  -1.6218899e-02
  -4.6813499e-02  -1.4774800e-02
  -5.4365398e-02  -1.8326499e-02
  -5.8989898e-02  -2.6387699e-02
  -5.8387398e-02  -3.5389299e-02
  -5.3849898e-02  -4.1328099e-02
  -4.9238698e-02  -4.2728699e-02
  -4.8034199e-02  -4.1682999e-02
  -5.0693998e-02  -4.2186999e-02
  -5.4317198e-02  -4.7044199e-02
  -5.4859398e-02  -5.5683098e-02
  -5.0214998e-02  -6.4536598e-02
  -4.1833899e-02  -6.9691698e-02
  -3.3651399e-02  -6.9798298e-02
  -2.9149399e-02  -6.7038698e-02
  -2.8774199e-02  -6.5431798e-02
  -2.9661299e-02  -6.7761898e-02
  -2.7866899e-02  -7.3459798e-02
  -2.1408099e-02  -7.9035098e-02
  -1.1811900e-02  -8.0723597e-02
  -3.0018599e-03  -7.7342398e-02
   1.6251099e-03  -7.1190898e-02
   1.7194899e-03  -6.6323198e-02
   1.9200599e-04  -6.5504898e-02
   9.6605797e-04  -6.8158898e-02
   5.9773198e-03  -7.0848598e-02
   1.3691700e-02  -6.9925798e-02
   2.0257899e-02  -6.4331498e-02
   2.2414499e-02  -5.6432598e-02
   1.9948699e-02  -5.0264798e-02
   1.5847799e-02  -4.8520198e-02
   1.4037200e-02  -5.0558198e-02
   1.6421499e-02  -5.2940998e-02
   2.1467899e-02  -5.2079898e-02
   2.5398599e-02  -4.6984298e-02
   2.5080699e-02  -4.0033899e-02
   2.0423699e-02  -3.5196399e-02
   1.4472300e-02  -3.5044799e-02
   1.1131300e-02  -3.8834499e-02
   1.2249300e-02  -4.3089299e-02
   1.6267799e-02  -4.4245099e-02
   1.9451699e-02  -4.1346799e-02
   1.8761499e-02  -3.6757299e-02
   1.4190200e-02  -3.4350499e-02
   8.7981397e-03  -3.6560899e-02
   6.4266698e-03  -4.2525399e-02
   8.8251097e-03  -4.8718498e-02
   1.4364800e-02  -5.1593698e-02
   1.9306399e-02  -5.0227498e-02
   2.0654099e-02  -4.6967598e-02
   1.8432199e-02  -4.5602699e-02
   1.5664299e-02  -4.8445498e-02
   1.6077899e-02  -5.4539398e-02
   2.1275799e-02  -6.0342198e-02
   2.9515399e-02  -6.2363598e-02
   3.7013499e-02  -5.9756298e-02
   4.0781799e-02  -5.4904498e-02
   4.0845699e-02  -5.1571198e-02
   4.0169899e-02  -5.2014198e-02
   4.2356999e-02  -5.5256798e-02
   4.8864498e-02  -5.7816398e-02
   5.7850198e-02  -5.6335398e-02
   6.5512898e-02  -5.0118298e-02
   6.8909598e-02  -4.1657999e-02
   6.8115798e-02  -3.4760499e-02
   6.6099098e-02  -3.1692299e-02
   6.6411398e-02  -3.1511599e-02
   7.0451698e-02  -3.0838799e-02
   7.6373897e-02  -2.6477699e-02
   8.0459997e-02  -1.7895599e-02
   7.9915997e-02  -7.6885597e-03
   7.4970597e-02   3.1706899e-04
   6.8695498e-02   3.8851199e-03
   6.4688398e-02   3.9790199e-03
   6.4379198e-02   3.9491299e-03
   6.5995598e-02   6.9222698e-03
   6.5965798e-02   1.3375200e-02
   6.1687498e-02   2.0727999e-02
   5.3564798e-02   2.5260999e-02
   4.4773198e-02   2.4898899e-02
   3.8934799e-02   2.0757699e-02
   3.7466899e-02   1.6287199e-02
   3.8605499e-02   1.4667800e-02
   3.8836099e-02   1.6433799e-02
   3.5638299e-02   1.9120299e-02
   2.9462299e-02   1.9192899e-02
   2.3444199e-02   1.4793099e-02
   2.1077899e-02   7.2187898e-03
   2.3610499e-02   2.2791599e-05
   2.9128599e-02  -3.5842299e-03
   3.4019799e-02  -3.0603499e-03
   3.5697299e-02  -8.3296597e-04
   3.4522299e-02  -3.5565499e-04
   3.3474199e-02  -3.4006599e-03
   3.5825599e-02  -8.6396997e-03
   4.2588399e-02  -1.2584900e-02
   5.1663998e-02  -1.2173800e-02
   5.9338098e-02  -7.0406598e-03
   6.2984898e-02   2.4007799e-04
   6.2935198e-02   6.1149498e-03
   6.2102698e-02   8.7265997e-03
   6.3661398e-02   9.2778597e-03
   6.8539198e-02   1.1058000e-02
   7.4627897e-02   1.6876099e-02
   7.8304297e-02   2.6848299e-02
   7.7107697e-02   3.8214599e-02
   7.1549098e-02   4.7318198e-02
   6.4687298e-02   5.2249498e-02
   5.9803198e-02   5.4155398e-02
   5.7934798e-02   5.6232898e-02
   5.7139198e-02   6.1179298e-02
   5.4032998e-02   6.9034798e-02
   4.6437398e-02   7.7052897e-02
   3.5123199e-02   8.1692297e-02
   2.3335799e-02   8.1221897e-02
   1.4464099e-02   7.6969697e-02
   9.6165697e-03   7.2277497e-02
   6.9347498e-03   6.9960898e-02
   3.1526599e-03   7.0200598e-02
  -3.7880499e-03   7.0457198e-02
  -1.3052500e-02   6.7468598e-02
  -2.1432399e-02   5.9809398e-02
  -2.5674899e-02   4.9075198e-02
  -2.4858599e-02   3.8796299e-02
  -2.1021199e-02   3.1905999e-02
  -1.7574599e-02   2.8678599e-02
  -1.6711599e-02   2.6689899e-02
  -1.7771499e-02   2.2818499e-02
  -1.7795799e-02   1.5764399e-02
  -1.3846500e-02   7.1732497e-03
  -5.3274198e-03   5.1620198e-04
   5.4500498e-03  -1.4249699e-03
   1.4881699e-02   1.4343899e-03
   2.0641899e-02   6.4944998e-03
   2.3269399e-02   1.0485800e-02
   2.5575899e-02   1.1953800e-02
   3.0336999e-02   1.2333900e-02
   3.8021499e-02   1.4806599e-02
   4.6282598e-02   2.1807399e-02
   5.1592998e-02   3.3080599e-02
   5.1787698e-02   4.5748398e-02
   4.7591798e-02   5.6341198e-02
   4.1985798e-02   6.3251598e-02
   3.7897399e-02   6.7760698e-02
   3.5971999e-02   7.2869097e-02
   3.4109099e-02   8.0830897e-02
   2.9109499e-02   9.1263097e-02
   1.9179099e-02   1.0126500e-01
   5.3937898e-03   1.0745600e-01
  -8.9844797e-03   1.0839100e-01
  -2.0817799e-02   1.0552700e-01
  -2.9283099e-02   1.0202400e-01
  -3.6291499e-02   1.0029200e-01
  -4.4830998e-02   1.0014700e-01
  -5.6497398e-02   9.8968396e-02
  -7.0089197e-02   9.3733297e-02
  -8.2331797e-02   8.3383997e-02
  -9.0181897e-02   6.9732497e-02
  -9.2970497e-02   5.6221698e-02
  -9.2769597e-02   4.5483598e-02
  -9.2714197e-02   3.7537999e-02
  -9.4559297e-02   2.9987399e-02
  -9.7322296e-02   2.0048999e-02
  -9.8036096e-02   6.8744497e-03
  -9.4036597e-02  -7.6025897e-03
  -8.5049697e-02  -1.9934599e-02
  -7.3497397e-02  -2.7583599e-02
  -6.2795898e-02  -3.0670399e-02
  -5.4932698e-02  -3.1732899e-02
  -4.9154298e-02  -3.3687999e-02
  -4.2746598e-02  -3.7546099e-02
  -3.3305099e-02  -4.1610198e-02
  -2.0769199e-02  -4.2760898e-02
  -7.6748097e-03  -3.8850599e-02
   2.5654899e-03  -3.0390799e-02
   8.0541897e-03  -2.0258399e-02
   9.6681896e-03  -1.1645000e-02
   1.0241700e-02  -5.8020798e-03
   1.2301800e-02  -1.2822100e-03
   1.6075899e-02   4.7594998e-03
   1.9280699e-02   1.4200999e-02
   1.8846099e-02   2.6322599e-02
   1.3266300e-02   3.8148099e-02
   3.7967299e-03   4.6498698e-02
  -6.4068998e-03   5.0208798e-02
  -1.4552199e-02   5.0832998e-02
  -2.0165399e-02   5.1318898e-02
  -2.5265299e-02   5.3660898e-02
  -3.2635699e-02   5.7315198e-02
  -4.3514098e-02   5.9573598e-02
  -5.6453498e-02   5.7609598e-02
  -6.8219497e-02   5.0643998e-02
  -7.6045097e-02   4.0591198e-02
  -7.9540197e-02   3.0700099e-02
  -8.0818697e-02   2.3219899e-02
  -8.2756697e-02   1.7855799e-02
  -8.6710597e-02   1.2173000e-02
  -9.1423897e-02   3.6333599e-03
  -9.3947696e-02  -8.2876297e-03
  -9.1874496e-02  -2.1509899e-02
  -8.5191497e-02  -3.2733299e-02
  -7.6351397e-02  -3.9750198e-02
  -6.8511497e-02  -4.2941098e-02
  -6.3273898e-02  -4.4830298e-02
  -5.9632898e-02  -4.8048398e-02
  -5.4916498e-02  -5.3251098e-02
  -4.6998398e-02  -5.8571698e-02
  -3.6096799e-02  -6.1016398e-02
  -2.4795799e-02  -5.8744498e-02
  -1.6271799e-02  -5.2504198e-02
  -1.2065300e-02  -4.5139798e-02
  -1.1077700e-02  -3.9547298e-02
  -1.0544400e-02  -3.6623299e-02
  -8.2348497e-03  -3.4754899e-02
  -4.2113798e-03  -3.1225799e-02
  -8.1350597e-04  -2.4461899e-02
  -8.8507997e-04  -1.5412099e-02
  -5.5893398e-03  -7.0130297e-03
  -1.3466299e-02  -2.1449399e-03
  -2.1443399e-02  -1.6205799e-03
  -2.7032499e-02  -3.7226699e-03
  -3.0051899e-02  -5.6293598e-03
  -3.2579699e-02  -5.6396298e-03
  -3.7182499e-02  -4.5099798e-03
  -4.4773598e-02  -4.8923498e-03
  -5.3725598e-02  -9.3029996e-03
  -6.0912698e-02  -1.8162899e-02
  -6.3894997e-02  -2.9392599e-02
  -6.2596098e-02  -3.9865198e-02
  -5.9212998e-02  -4.7617398e-02
  -5.6436998e-02  -5.3148498e-02
  -5.5341198e-02  -5.8834398e-02
  -5.4534998e-02  -6.6911097e-02
  -5.1223698e-02  -7.7564997e-02
  -4.3366498e-02  -8.8579296e-02
  -3.1297699e-02  -9.6807596e-02
  -1.7584299e-02  -1.0036100e-01
  -5.2308998e-03  -9.9859796e-02
   4.4099098e-03  -9.7812396e-02
   1.2446800e-02  -9.6601896e-02
   2.1376099e-02  -9.6612196e-02
   3.2950399e-02  -9.5911596e-02
   4.6611298e-02  -9.1732096e-02
   5.9677698e-02  -8.2619097e-02
   6.9148997e-02  -6.9623997e-02
   7.3762097e-02  -5.5638798e-02
   7.4753997e-02  -4.3377898e-02
   7.4762497e-02  -3.3532299e-02
   7.5708597e-02  -2.4486399e-02
   7.7268597e-02  -1.3799299e-02
   7.7092897e-02  -3.1709699e-04
   7.2602097e-02   1.4689099e-02
   6.2997897e-02   2.8226999e-02
   4.9966998e-02   3.7597798e-02
   3.6546699e-02   4.2202298e-02
   2.5012699e-02   4.3781198e-02
   1.5383499e-02   4.4919198e-02
   5.6646898e-03   4.6955498e-02
  -6.3647597e-03   4.8886098e-02
  -2.1186799e-02   4.8089498e-02
  -3.6895098e-02   4.2321698e-02
  -5.0357098e-02   3.1469599e-02
  -5.9311598e-02   1.7736199e-02
  -6.3821997e-02   4.1203198e-03
  -6.5994697e-02  -7.6590997e-03
  -6.8189197e-02  -1.8227099e-02
  -7.1083897e-02  -2.9811099e-02
  -7.3064297e-02  -4.4266898e-02
  -7.1396597e-02  -6.1377197e-02
  -6.4295297e-02  -7.8716397e-02
  -5.2318998e-02  -9.3188496e-02
  -3.8040098e-02  -1.0307900e-01
  -2.4241799e-02  -1.0907300e-01
  -1.2004400e-02  -1.1349100e-01
  -1.2533099e-04  -1.1831500e-01
   1.3701799e-02  -1.2352799e-01
   3.0851299e-02  -1.2701399e-01
   5.0425398e-02  -1.2608999e-01
   6.9627097e-02  -1.1952200e-01
   8.5570796e-02  -1.0848800e-01
   9.7163196e-02  -9.5763996e-02
   1.0564300e-01  -8.3759797e-02
   1.1338200e-01  -7.2875997e-02
   1.2186899e-01  -6.1430697e-02
   1.3040599e-01  -4.7191698e-02
   1.3651099e-01  -2.9347499e-02
   1.3771499e-01  -9.4143796e-03
   1.3339799e-01   9.6095396e-03
   1.2526999e-01   2.5208499e-02
