   2.1535800e+00   7.0214600e-02
   1.9645300e+00   7.4360300e-01
   1.5450000e+00   1.2641000e+00
   1.0060500e+00   1.5611600e+00
   4.6176900e-01   1.6410100e+00
  -1.8060500e-02   1.5593600e+00
  -4.1690200e-01   1.3723300e+00
  -7.4132900e-01   1.1034900e+00
  -9.8046500e-01   7.4980100e-01
  -1.0902900e+00   3.1842000e-01
  -1.0175100e+00  -1.3876400e-01
  -7.4558300e-01  -5.2462800e-01
  -3.2679200e-01  -7.3612700e-01
   1.2716600e-01  -7.1816200e-01
   4.9335900e-01  -4.9425100e-01
   6.9339400e-01  -1.5198000e-01
   7.1986100e-01   2.0655800e-01
   6.1804100e-01   5.1453800e-01
   4.3996300e-01   7.5693800e-01
   2.0695300e-01   9.4639200e-01
  -9.1616300e-02   1.0817900e+00
  -4.6492300e-01   1.1253600e+00
  -8.8176300e-01   1.0186500e+00
  -1.2601400e+00   7.2679200e-01
  -1.4979200e+00   2.7711800e-01
  -1.5255200e+00  -2.3891100e-01
  -1.3438900e+00  -7.0523200e-01
  -1.0208200e+00  -1.0363200e+00
  -6.4861300e-01  -1.2107200e+00
  -2.9353900e-01  -1.2616700e+00
   2.7476600e-02  -1.2354600e+00
   3.2927300e-01  -1.1506700e+00
   6.1753100e-01  -9.8969300e-01
   8.5942700e-01  -7.2750500e-01
   9.9115100e-01  -3.7338900e-01
   9.5844300e-01   9.3995800e-03
   7.5996700e-01   3.2460400e-01
   4.5986300e-01   4.9225600e-01
   1.5800700e-01   4.9194300e-01
  -6.2392200e-02   3.6937000e-01
  -1.7359100e-01   2.0210400e-01
  -2.0260400e-01   4.9982700e-02
  -1.9452600e-01  -7.3991100e-02
  -1.6972600e-01  -1.9293800e-01
  -1.0817500e-01  -3.2687300e-01
   2.7644600e-02  -4.5783600e-01
   2.5010000e-01  -5.2845400e-01
   5.1860400e-01  -4.7688200e-01
   7.5039300e-01  -2.8257300e-01
   8.6448700e-01   1.1890600e-02
   8.2805100e-01   3.2044700e-01
   6.7204600e-01   5.6167500e-01
   4.6547800e-01   7.0136700e-01
   2.6792900e-01   7.6003200e-01
   9.5461700e-02   7.8218000e-01
  -7.6037000e-02   7.9263800e-01
  -2.7489900e-01   7.7410600e-01
  -4.9480400e-01   6.8310000e-01
  -6.8467100e-01   4.9149700e-01
  -7.7671200e-01   2.2080000e-01
  -7.3252300e-01  -5.8673300e-02
  -5.7270000e-01  -2.6511900e-01
  -3.6725700e-01  -3.5287300e-01
  -1.9309200e-01  -3.3607400e-01
  -8.9113700e-02  -2.7177800e-01
  -4.1049700e-02  -2.1594600e-01
  -5.3588500e-03  -1.8547500e-01
   4.7638500e-02  -1.5407200e-01
   1.0532600e-01  -8.3583700e-02
   1.2112800e-01   3.4724200e-02
   5.3152200e-02   1.6199000e-01
  -9.6855400e-02   2.3194700e-01
  -2.7489200e-01   1.9533300e-01
  -4.0437200e-01   5.5550900e-02
  -4.3318600e-01  -1.3126200e-01
  -3.6403800e-01  -2.9222300e-01
  -2.4640800e-01  -3.8343400e-01
  -1.3709100e-01  -4.1222200e-01
  -5.9445800e-02  -4.2068700e-01
   8.1854500e-03  -4.4458300e-01
   1.0708400e-01  -4.7994000e-01
   2.5634300e-01  -4.8346500e-01
   4.2772300e-01  -4.0662500e-01
   5.5757400e-01  -2.3733100e-01
   5.8793300e-01  -1.6959900e-02
   5.0652700e-01   1.8116300e-01
   3.5587300e-01   2.9677200e-01
   2.0462000e-01   3.1843800e-01
   1.0236500e-01   2.8434000e-01
   5.1178300e-02   2.4852600e-01
   1.4109300e-02   2.3881700e-01
  -4.7234400e-02   2.3827600e-01
  -1.3577600e-01   2.0375800e-01
  -2.1165200e-01   1.0656900e-01
  -2.2056300e-01  -3.6726100e-02
  -1.3642600e-01  -1.6786900e-01
   1.4263200e-02  -2.2331000e-01
   1.6542800e-01  -1.7685900e-01
   2.5288400e-01  -5.7036200e-02
   2.5405400e-01   7.3632200e-02
   1.9714900e-01   1.6178200e-01
   1.3405500e-01   1.9674200e-01
   9.8317400e-02   2.1007800e-01
   8.0432500e-02   2.4277100e-01
   3.8980100e-02   3.0620000e-01
  -6.1438100e-02   3.6755400e-01
  -2.1512300e-01   3.7148900e-01
  -3.7071400e-01   2.8202100e-01
  -4.6172100e-01   1.1291700e-01
  -4.5012100e-01  -7.6755500e-02
  -3.5092300e-01  -2.1928400e-01
  -2.1976600e-01  -2.8043200e-01
  -1.1315600e-01  -2.7639700e-01
  -5.1174900e-02  -2.5403400e-01
  -1.0122500e-02  -2.5040500e-01
   5.0490400e-02  -2.6295400e-01
   1.4830300e-01  -2.5305200e-01
   2.5703400e-01  -1.7990200e-01
   3.2089500e-01  -3.8445600e-02
   2.9419100e-01   1.2839300e-01
   1.7642600e-01   2.5344700e-01
   1.6261000e-02   2.8817600e-01
  -1.1911900e-01   2.3325500e-01
  -1.8684700e-01   1.3458500e-01
  -1.9209700e-01   4.8254300e-02
  -1.7600000e-01   1.0353100e-03
  -1.7807500e-01  -2.4167200e-02
  -2.0249700e-01  -6.7777700e-02
  -2.1418700e-01  -1.5461600e-01
  -1.6764800e-01  -2.6719700e-01
  -4.6296300e-02  -3.5250200e-01
   1.1819400e-01  -3.5784500e-01
   2.6206800e-01  -2.6919100e-01
   3.2992900e-01  -1.2307800e-01
   3.0984400e-01   1.7032000e-02
   2.3747600e-01   1.0259000e-01
   1.6679600e-01   1.2918500e-01
   1.2986100e-01   1.3210400e-01
   1.1593800e-01   1.5272400e-01
   8.5199900e-02   2.0210200e-01
   5.7385000e-03   2.4993500e-01
  -1.1509200e-01   2.4744800e-01
  -2.2964900e-01   1.6672900e-01
  -2.8082400e-01   2.6326300e-02
  -2.4195700e-01  -1.1688200e-01
  -1.3597500e-01  -2.0411800e-01
  -1.9374400e-02  -2.1269200e-01
   5.7011500e-02  -1.6763100e-01
   8.1284200e-02  -1.1887300e-01
   8.3357100e-02  -1.0177900e-01
   1.0615200e-01  -1.1096600e-01
   1.6774100e-01  -1.0703100e-01
   2.4369600e-01  -5.0571400e-02
   2.8335500e-01   6.2904400e-02
   2.4776200e-01   1.9423500e-01
   1.4046900e-01   2.8522400e-01
   7.6437200e-03   2.9846400e-01
  -9.2932900e-02   2.4263300e-01
  -1.3097500e-01   1.6440900e-01
  -1.2185900e-01   1.1324900e-01
  -1.1067700e-01   1.0562000e-01
  -1.3473500e-01   1.1542400e-01
  -1.9319900e-01   9.7415500e-02
  -2.4692400e-01   2.5373400e-02
  -2.4850000e-01  -8.4280100e-02
  -1.7956800e-01  -1.8158600e-01
  -6.6955200e-02  -2.1817600e-01
   3.4772100e-02  -1.8197600e-01
   8.1335000e-02  -1.0535100e-01
   6.8824800e-02  -4.0652200e-02
   3.3402400e-02  -2.1701100e-02
   2.1190800e-02  -4.0271000e-02
   5.1437000e-02  -5.5137300e-02
   1.0099500e-01  -2.6534100e-02
   1.2191900e-01   5.0375100e-02
   7.8812000e-02   1.3861200e-01
  -2.2386100e-02   1.8452700e-01
  -1.3604600e-01   1.5617700e-01
  -2.0779700e-01   6.6175100e-02
  -2.1162600e-01  -3.7985900e-02
  -1.6544000e-01  -1.0859700e-01
  -1.1388100e-01  -1.3109600e-01
  -9.1928900e-02  -1.3108000e-01
  -9.7293200e-02  -1.5008500e-01
  -9.2734200e-02  -2.0902100e-01
  -3.6577300e-02  -2.8754000e-01
   8.1830500e-02  -3.3551500e-01
   2.2887300e-01  -3.0844700e-01
   3.4611100e-01  -2.0041200e-01
   3.8832300e-01  -4.9914900e-02
   3.5210000e-01   8.5703600e-02
   2.7418700e-01   1.6813900e-01
   2.0155000e-01   2.0018300e-01
   1.5632200e-01   2.1614000e-01
   1.2223600e-01   2.4886600e-01
   6.2517400e-02   2.9938300e-01
  -4.5007200e-02   3.3283600e-01
  -1.8302900e-01   3.0436200e-01
  -2.9995700e-01   1.9542000e-01
  -3.4225800e-01   3.2924100e-02
  -2.9039100e-01  -1.2383500e-01
  -1.7187800e-01  -2.1939200e-01
  -4.2045400e-02  -2.3516300e-01
   5.2992100e-02  -1.9559600e-01
   1.0363700e-01  -1.4398900e-01
   1.3473300e-01  -1.0723900e-01
   1.7702700e-01  -7.6667600e-02
   2.3517700e-01  -1.9363700e-02
   2.7779400e-01   8.9165000e-02
   2.5799800e-01   2.3676700e-01
   1.4943800e-01   3.7349100e-01
  -2.9433500e-02   4.3975900e-01
  -2.2163600e-01   4.0388500e-01
  -3.6464000e-01   2.8170200e-01
  -4.2639400e-01   1.2423100e-01
  -4.1872600e-01  -1.7024900e-02
  -3.7957200e-01  -1.2126800e-01
  -3.3887800e-01  -2.0350300e-01
  -2.9483100e-01  -2.9116700e-01
  -2.1863500e-01  -3.9169500e-01
  -8.3764600e-02  -4.7721400e-01
   1.0345300e-01  -4.9928600e-01
   2.9647900e-01  -4.2342700e-01
   4.3160900e-01  -2.5759500e-01
   4.6562600e-01  -5.2857000e-02
   4.0104800e-01   1.2511500e-01
   2.8099600e-01   2.3347600e-01
   1.5810400e-01   2.7196700e-01
   6.0877600e-02   2.7190100e-01
  -1.7941300e-02   2.6437800e-01
  -1.0365100e-01   2.5299800e-01
  -2.0775100e-01   2.1222200e-01
  -3.0791400e-01   1.1243600e-01
  -3.5653600e-01  -4.8154900e-02
  -3.1253300e-01  -2.3027300e-01
  -1.7290000e-01  -3.7067900e-01
   1.9880800e-02  -4.1844200e-01
   2.0086600e-01  -3.6459000e-01
   3.1993000e-01  -2.4402500e-01
   3.6678700e-01  -1.0905400e-01
   3.6673300e-01   5.3557500e-03
   3.5215100e-01   9.9000500e-02
   3.3273500e-01   1.9468900e-01
   2.8773200e-01   3.0800500e-01
   1.8606000e-01   4.2335700e-01
   1.8387900e-02   4.9614500e-01
  -1.8435300e-01   4.8072700e-01
  -3.6163500e-01   3.6376700e-01
  -4.5686300e-01   1.7787900e-01
  -4.5010500e-01  -1.5238400e-02
  -3.6668100e-01  -1.6050600e-01
  -2.5607400e-01  -2.3855600e-01
  -1.5739800e-01  -2.6804400e-01
  -7.7089500e-02  -2.8126200e-01
   5.4462400e-03  -2.9300700e-01
   1.1014400e-01  -2.8716100e-01
   2.2930300e-01  -2.3134000e-01
   3.2345000e-01  -1.0801700e-01
   3.4451400e-01   6.2485200e-02
   2.6963100e-01   2.2598200e-01
   1.2029900e-01   3.2399100e-01
  -4.7942000e-02   3.2812900e-01
  -1.7833800e-01   2.5472300e-01
  -2.4480400e-01   1.4959300e-01
  -2.6038000e-01   5.4940100e-02
  -2.5759200e-01  -1.6875600e-02
  -2.5704000e-01  -8.3749500e-02
  -2.4894200e-01  -1.6954800e-01
  -2.0192300e-01  -2.7514500e-01
  -9.2059700e-02  -3.6827500e-01
   7.0661100e-02  -4.0119400e-01
   2.3973000e-01  -3.4363600e-01
   3.5676100e-01  -2.0651400e-01
   3.8621100e-01  -3.8265400e-02
   3.3521500e-01   1.0404900e-01
   2.4454100e-01   1.8814500e-01
   1.5801900e-01   2.2058100e-01
   9.3483300e-02   2.3238100e-01
   3.6536500e-02   2.4847800e-01
  -3.9331200e-02   2.6506700e-01
  -1.4289600e-01   2.5242100e-01
  -2.4963500e-01   1.8088500e-01
  -3.1341100e-01   4.9728400e-02
  -2.9742000e-01  -1.0397300e-01
  -2.0141300e-01  -2.2432900e-01
  -6.4599300e-02  -2.7037700e-01
   5.8397700e-02  -2.4022200e-01
   1.3117300e-01  -1.6824700e-01
   1.5446300e-01  -9.8094300e-02
   1.5733300e-01  -5.1944700e-02
   1.6852700e-01  -1.8907800e-02
   1.9058500e-01   2.9569500e-02
   1.9680100e-01   1.1007200e-01
   1.5333400e-01   2.0696400e-01
   4.9322000e-02   2.7789200e-01
  -8.8505600e-02   2.8164200e-01
  -2.0867700e-01   2.0777300e-01
  -2.6655400e-01   8.5718400e-02
  -2.5172900e-01  -3.3698800e-02
  -1.9136700e-01  -1.1090500e-01
  -1.2760200e-01  -1.4048700e-01
  -8.6334800e-02  -1.4807000e-01
  -6.0887700e-02  -1.6455800e-01
  -2.2320200e-02  -1.9809800e-01
   5.2219600e-02  -2.2554100e-01
   1.5548300e-01  -2.1004600e-01
   2.4948400e-01  -1.3134500e-01
   2.8942300e-01  -5.3720700e-03
   2.5460500e-01   1.2218800e-01
   1.6324000e-01   2.0424700e-01
   6.0027300e-02   2.2187100e-01
  -1.4285000e-02   1.9344200e-01
  -4.8793800e-02   1.5717000e-01
  -6.4883300e-02   1.4062000e-01
  -9.4182700e-02   1.4046300e-01
  -1.4949400e-01   1.2757200e-01
  -2.1129700e-01   7.3167400e-02
  -2.4042000e-01  -2.4378900e-02
  -2.0741800e-01  -1.3299400e-01
  -1.1637300e-01  -2.0616900e-01
  -4.8970000e-03  -2.1399600e-01
   8.0032400e-02  -1.6295800e-01
   1.1259700e-01  -8.9844400e-02
   1.0256300e-01  -3.4574900e-02
   8.3344300e-02  -1.2423300e-02
   8.3356700e-02  -6.3412800e-03
   1.0276300e-01   1.5350200e-02
   1.1339400e-01   6.9928200e-02
   8.1847500e-02   1.4249400e-01
  -1.9647300e-03   1.9344400e-01
  -1.1280400e-01   1.8594600e-01
  -2.0417600e-01   1.1292500e-01
  -2.3837700e-01   3.2931800e-03
  -2.1038800e-01  -9.7282100e-02
  -1.4814100e-01  -1.5673900e-01
  -8.9503800e-02  -1.7558700e-01
  -5.3726700e-02  -1.8078500e-01
  -2.9025800e-02  -1.9992300e-01
   1.4549400e-02  -2.3595700e-01
   9.7179900e-02  -2.6219800e-01
   2.0804400e-01  -2.4168000e-01
   3.0754700e-01  -1.5638500e-01
   3.5200600e-01  -2.4117400e-02
   3.2277400e-01   1.1004700e-01
   2.3829400e-01   2.0175800e-01
   1.4036200e-01   2.3437900e-01
   6.5074400e-02   2.2538600e-01
   2.0212400e-02   2.0822000e-01
  -1.4424600e-02   2.0406600e-01
  -6.4838000e-02   2.0536200e-01
  -1.3654500e-01   1.8359900e-01
  -2.0498900e-01   1.1523100e-01
  -2.3062300e-01   5.5154700e-03
  -1.8774500e-01  -1.0855200e-01
  -8.5451300e-02  -1.7930700e-01
   3.5255900e-02  -1.7850500e-01
   1.2645600e-01  -1.1452900e-01
   1.6226300e-01  -2.4407000e-02
   1.5086500e-01   5.2939000e-02
   1.2168500e-01   1.0202100e-01
   9.8454000e-02   1.3604600e-01
   7.9350200e-02   1.7904300e-01
   3.9588600e-02   2.3953700e-01
  -4.5603900e-02   2.9687500e-01
  -1.7555500e-01   3.1161000e-01
  -3.1636300e-01   2.5286100e-01
  -4.1775200e-01   1.2238900e-01
  -4.4299600e-01  -4.2790800e-02
  -3.9045700e-01  -1.9164600e-01
  -2.9141800e-01  -2.8896800e-01
  -1.8648000e-01  -3.3243000e-01
  -9.8513900e-02  -3.4535100e-01
  -2.2161300e-02  -3.5199900e-01
   6.3114600e-02  -3.5519200e-01
   1.6763300e-01  -3.3376600e-01
   2.7439600e-01  -2.6186600e-01
   3.4455000e-01  -1.3499000e-01
   3.4232700e-01   1.7862600e-02
   2.6122300e-01   1.4635200e-01
   1.3178600e-01   2.0746900e-01
   4.7453800e-03   1.9041300e-01
  -7.8604400e-02   1.2004900e-01
  -1.0767200e-01   3.7137600e-02
  -1.0095100e-01  -2.9470900e-02
  -8.4295800e-02  -7.8041200e-02
  -6.6819600e-02  -1.2607400e-01
  -3.3407800e-02  -1.8674300e-01
   4.0344200e-02  -2.4910400e-01
   1.6257000e-01  -2.7857500e-01
   3.0931300e-01  -2.3855100e-01
   4.3180700e-01  -1.1755400e-01
   4.8294300e-01   5.8421000e-02
   4.4446700e-01   2.3810000e-01
   3.3568600e-01   3.7341100e-01
   1.9801600e-01   4.4415300e-01
   6.7357500e-02   4.6194600e-01
  -4.5247700e-02   4.5222800e-01
  -1.5113700e-01   4.2938800e-01
  -2.6323000e-01   3.8475600e-01
  -3.7448200e-01   2.9673900e-01
  -4.5363300e-01   1.5489100e-01
  -4.6289100e-01  -2.1419800e-02
  -3.8503000e-01  -1.8544900e-01
  -2.3964900e-01  -2.8655600e-01
  -7.5857400e-02  -2.9872400e-01
   5.4154600e-02  -2.3404900e-01
   1.2226000e-01  -1.3201600e-01
   1.3363200e-01  -3.2999600e-02
   1.1303000e-01   4.4406500e-02
   8.0112600e-02   1.0629700e-01
   3.3493600e-02   1.6616100e-01
  -4.4194200e-02   2.2249800e-01
  -1.6462200e-01   2.5022500e-01
  -3.1316200e-01   2.1393500e-01
  -4.4669800e-01   9.3932500e-02
  -5.1349800e-01  -9.4413700e-02
  -4.8207600e-01  -3.0314900e-01
  -3.5883900e-01  -4.7539300e-01
  -1.8231100e-01  -5.7405800e-01
   1.3808300e-03  -5.9603200e-01
   1.6367900e-01  -5.6324400e-01
   3.0174800e-01  -4.9918400e-01
   4.2537700e-01  -4.0980100e-01
   5.3481900e-01  -2.8352200e-01
   6.0853900e-01  -1.0977600e-01
   6.1190500e-01   9.9400400e-02
   5.2140200e-01   3.0296000e-01
   3.4634000e-01   4.4672000e-01
   1.3114500e-01   4.9169500e-01
  -6.4821300e-02   4.3532100e-01
  -1.9654400e-01   3.1079500e-01
  -2.5192500e-01   1.6550300e-01
  -2.4792900e-01   3.4396500e-02
  -2.0927100e-01  -7.2889300e-02
  -1.4711600e-01  -1.6350600e-01
  -5.4339100e-02  -2.4033700e-01
   7.9599200e-02  -2.8675900e-01
   2.4684500e-01  -2.7075700e-01
   4.1096300e-01  -1.6659300e-01
   5.1846000e-01   2.1914700e-02
   5.2569100e-01   2.5457100e-01
   4.2285500e-01   4.7089900e-01
   2.3840200e-01   6.1898100e-01
   2.1132900e-02   6.7767500e-01
  -1.8680800e-01   6.5793900e-01
  -3.6694300e-01   5.8452500e-01
  -5.2071400e-01   4.7346800e-01
  -6.5038200e-01   3.2306700e-01
  -7.4164700e-01   1.2476500e-01
  -7.6339400e-01  -1.1562100e-01
  -6.8632900e-01  -3.6448500e-01
  -5.0709600e-01  -5.6746000e-01
  -2.5936800e-01  -6.7412500e-01
  -2.3526000e-03  -6.6401600e-01
   2.0655100e-01  -5.5595900e-01
   3.3670500e-01  -3.9458100e-01
   3.9060100e-01  -2.2410300e-01
   3.8924800e-01  -6.8132300e-02
   3.4951800e-01   7.1222900e-02
   2.7150100e-01   1.9678800e-01
   1.4536800e-01   2.9752000e-01
  -2.8571900e-02   3.4412200e-01
  -2.2369100e-01   3.0419000e-01
  -3.8938900e-01   1.6640300e-01
  -4.7275900e-01  -4.4530400e-02
  -4.4559000e-01  -2.7438900e-01
  -3.1816500e-01  -4.6421600e-01
  -1.3058400e-01  -5.7693600e-01
   7.1627500e-02  -6.0829600e-01
   2.5997800e-01  -5.7635800e-01
   4.2825400e-01  -4.9954700e-01
   5.7894500e-01  -3.8106500e-01
   7.0375100e-01  -2.1169000e-01
   7.7540300e-01   1.1923100e-02
   7.5896700e-01   2.6893300e-01
   6.3532600e-01   5.1202700e-01
   4.1939700e-01   6.8537900e-01
   1.5876900e-01   7.5166600e-01
  -8.7619000e-02   7.0975000e-01
  -2.7665100e-01   5.9107300e-01
  -3.9595100e-01   4.3804100e-01
  -4.5771700e-01   2.8036100e-01
  -4.7829700e-01   1.2594800e-01
  -4.6042800e-01  -2.8741600e-02
  -3.9216600e-01  -1.7915200e-01
  -2.6297700e-01  -3.0102100e-01
  -8.3619700e-02  -3.5756300e-01
   1.0702900e-01  -3.2142300e-01
   2.5553700e-01  -1.9547600e-01
   3.1984300e-01  -1.6564300e-02
   2.8993300e-01   1.6156900e-01
   1.8919100e-01   2.9485900e-01
   5.6219600e-02   3.6695300e-01
  -7.9081600e-02   3.8730500e-01
  -2.0793800e-01   3.7282900e-01
  -3.3576800e-01   3.2858400e-01
  -4.6315200e-01   2.4294300e-01
  -5.7124800e-01   1.0094800e-01
  -6.2462100e-01  -9.5025700e-02
  -5.9085200e-01  -3.1428000e-01
  -4.6297900e-01  -5.0658800e-01
  -2.6798500e-01  -6.2606100e-01
  -5.4421000e-02  -6.5390100e-01
   1.3261600e-01  -6.0441400e-01
   2.7185000e-01  -5.1076500e-01
   3.6803200e-01  -4.0164800e-01
   4.3622300e-01  -2.8612800e-01
   4.8163800e-01  -1.5707800e-01
   4.9134800e-01  -9.0507300e-03
   4.4450300e-01   1.4470800e-01
   3.3303900e-01   2.7072800e-01
   1.7632700e-01   3.3188000e-01
   1.7376200e-02   3.1052400e-01
  -9.8070400e-02   2.2123400e-01
  -1.4533800e-01   1.0337900e-01
  -1.3096700e-01  -1.4482800e-03
  -8.2665000e-02  -7.1223700e-02
  -2.7274100e-02  -1.0946600e-01
   2.6533800e-02  -1.3247000e-01
   8.8341100e-02  -1.4890300e-01
   1.6984500e-01  -1.4829800e-01
   2.6606800e-01  -1.0772400e-01
   3.4956200e-01  -1.1636900e-02
   3.8328600e-01   1.3058200e-01
   3.4343700e-01   2.8352600e-01
   2.3559800e-01   4.0307200e-01
   9.2205700e-02   4.6028200e-01
  -4.7000100e-02   4.5508700e-01
  -1.5745800e-01   4.1050800e-01
  -2.3924100e-01   3.5254700e-01
  -3.0762000e-01   2.9128300e-01
  -3.7313500e-01   2.1727100e-01
  -4.2735200e-01   1.1530500e-01
  -4.4578500e-01  -1.5839700e-02
  -4.0610000e-01  -1.5375100e-01
  -3.0770300e-01  -2.6125000e-01
  -1.7742500e-01  -3.0803300e-01
  -5.6250000e-02  -2.8948400e-01
   2.3830000e-02  -2.2885000e-01
   5.6391400e-02  -1.6123000e-01
   5.9062500e-02  -1.1118600e-01
   5.5914900e-02  -8.0235700e-02
   5.7608000e-02  -5.2755300e-02
   5.4422500e-02  -1.4757900e-02
   2.7161000e-02   2.9646900e-02
  -3.2961000e-02   5.7350200e-02
  -1.1131500e-01   4.2054300e-02
  -1.7449700e-01  -2.5022600e-02
  -1.8997400e-01  -1.2538000e-01
  -1.4663600e-01  -2.2224200e-01
  -6.1277600e-02  -2.8221400e-01
   3.3593600e-02  -2.9404600e-01
   1.1142900e-01  -2.7124800e-01
   1.6678000e-01  -2.3744100e-01
   2.1314400e-01  -2.0617600e-01
   2.6605200e-01  -1.7083200e-01
   3.2511300e-01  -1.1218700e-01
   3.6943800e-01  -1.7563600e-02
   3.7051600e-01   1.0356400e-01
   3.1314400e-01   2.2009400e-01
   2.0865200e-01   2.9638600e-01
   9.0188500e-02   3.1378500e-01
  -6.8287400e-03   2.8101200e-01
  -6.5024900e-02   2.2605600e-01
  -9.1649400e-02   1.7591800e-01
  -1.0735500e-01   1.3940600e-01
  -1.2646400e-01   1.0551600e-01
  -1.4419500e-01   5.7866900e-02
  -1.4073000e-01  -6.6054900e-03
  -9.8900800e-02  -6.9735000e-02
  -2.1686800e-02  -1.0171000e-01
   6.4361700e-02  -8.1445100e-02
   1.2315000e-01  -1.2611500e-02
   1.3073200e-01   7.6809800e-02
   8.9067200e-02   1.5139200e-01
   2.2093700e-02   1.8936800e-01
  -4.2476800e-02   1.9281900e-01
  -9.1798300e-02   1.8016700e-01
  -1.3315200e-01   1.6757400e-01
  -1.8248000e-01   1.5402800e-01
  -2.4572500e-01   1.2182400e-01
  -3.0801500e-01   5.2145100e-02
  -3.3976000e-01  -5.6332300e-02
  -3.1574500e-01  -1.8042200e-01
  -2.3326100e-01  -2.8307600e-01
  -1.1575500e-01  -3.3452300e-01
   8.9579500e-04  -3.2882700e-01
   8.9545600e-02  -2.8419100e-01
   1.4514200e-01  -2.2741200e-01
   1.8115400e-01  -1.7456300e-01
   2.1280900e-01  -1.2241800e-01
   2.4073500e-01  -5.6622100e-02
   2.4806000e-01   3.0369800e-02
   2.1345200e-01   1.2613800e-01
   1.3018700e-01   2.0086100e-01
   1.6406800e-02   2.2456100e-01
  -9.1858500e-02   1.8668300e-01
  -1.6051900e-01   1.0363500e-01
  -1.7610300e-01   8.6740600e-03
  -1.5014600e-01  -6.8461100e-02
  -1.0683900e-01  -1.1742000e-01
  -6.3820600e-02  -1.4753200e-01
  -2.0810000e-02  -1.7339200e-01
   3.5600900e-02  -1.9771700e-01
   1.1528500e-01  -2.0529900e-01
   2.0956800e-01  -1.7319100e-01
   2.9025100e-01  -8.9588400e-02
   3.2443500e-01   3.3078100e-02
   2.9479100e-01   1.6125400e-01
   2.1060800e-01   2.5803800e-01
   1.0160300e-01   3.0317000e-01
  -8.7843300e-04   3.0118500e-01
  -8.1477300e-02   2.7258600e-01
  -1.4475100e-01   2.3549300e-01
  -2.0349700e-01   1.9208000e-01
  -2.6143800e-01   1.3002900e-01
  -3.0440500e-01   3.7473800e-02
  -3.0745000e-01  -8.0652300e-02
  -2.5296200e-01  -1.9819600e-01
  -1.4614800e-01  -2.7968700e-01
  -1.5885600e-02  -3.0055900e-01
   1.0029200e-01  -2.6123300e-01
   1.7660800e-01  -1.8502000e-01
   2.1044300e-01  -1.0167400e-01
   2.1720100e-01  -2.8891800e-02
   2.1348100e-01   3.4799300e-02
   2.0196600e-01   1.0126000e-01
   1.6976600e-01   1.7577100e-01
   1.0132700e-01   2.4577600e-01
  -4.3172200e-03   2.8477200e-01
  -1.2578000e-01   2.6907700e-01
  -2.2781400e-01   1.9516000e-01
  -2.8060900e-01   8.4454100e-02
  -2.7623900e-01  -2.8268600e-02
  -2.3058300e-01  -1.1475600e-01
  -1.6980800e-01  -1.6720200e-01
  -1.1183500e-01  -1.9669100e-01
  -5.6598400e-02  -2.1834000e-01
   8.0767500e-03  -2.3522700e-01
   9.0245400e-02  -2.3381500e-01
   1.8047300e-01  -1.9456300e-01
   2.5235300e-01  -1.0956500e-01
   2.7731000e-01   6.5392100e-03
   2.4309100e-01   1.2126000e-01
   1.6229400e-01   2.0180000e-01
   6.4590600e-02   2.3301700e-01
  -2.1711900e-02   2.2307300e-01
  -8.5309900e-02   1.9322800e-01
  -1.3366200e-01   1.5999900e-01
  -1.8041400e-01   1.2337900e-01
  -2.2886900e-01   6.9888400e-02
  -2.6475400e-01  -1.2291400e-02
  -2.6426700e-01  -1.1818900e-01
  -2.1157500e-01  -2.2310800e-01
  -1.1253700e-01  -2.9487900e-01
   5.9553700e-03  -3.1272100e-01
   1.1094700e-01  -2.7908200e-01
   1.8199200e-01  -2.1592200e-01
   2.2001500e-01  -1.4850000e-01
   2.4055100e-01  -8.8861200e-02
   2.5720700e-01  -3.1203700e-02
   2.6840100e-01   3.7956800e-02
   2.5772000e-01   1.2321300e-01
   2.0765900e-01   2.1057600e-01
   1.1614300e-01   2.7268300e-01
   2.9337200e-03   2.8554400e-01
  -9.9463400e-02   2.4456000e-01
  -1.6416100e-01   1.6795800e-01
  -1.8433500e-01   8.5052600e-02
  -1.7352600e-01   1.8027100e-02
  -1.5218400e-01  -2.9452700e-02
  -1.3104400e-01  -6.8823100e-02
  -1.0406400e-01  -1.1176300e-01
  -5.6139300e-02  -1.5589600e-01
   2.0644600e-02  -1.8253300e-01
   1.1508000e-01  -1.6863600e-01
   1.9893800e-01  -1.0422300e-01
   2.4225300e-01  -2.0790800e-03
   2.3092800e-01   1.0774700e-01
   1.7401300e-01   1.9493500e-01
   9.5619200e-02   2.4513100e-01
   1.7855200e-02   2.6397500e-01
  -5.2366900e-02   2.6671200e-01
  -1.2304900e-01   2.6207400e-01
  -2.0421000e-01   2.4323300e-01
  -2.9295600e-01   1.9300600e-01
  -3.6869700e-01   9.9423000e-02
  -4.0295800e-01  -3.0400600e-02
  -3.7706800e-01  -1.6908700e-01
  -2.9484900e-01  -2.8213600e-01
  -1.8096000e-01  -3.4630600e-01
  -6.6083200e-02  -3.6028100e-01
   3.0229600e-02  -3.4043400e-01
   1.0679100e-01  -3.0561800e-01
   1.7356900e-01  -2.6288800e-01
   2.3653800e-01  -2.0499600e-01
   2.8702200e-01  -1.2118600e-01
   3.0438300e-01  -1.2434900e-02
   2.7049300e-01   1.0128000e-01
   1.8518800e-01   1.8821000e-01
   7.0805200e-02   2.2207800e-01
  -3.8157300e-02   1.9716500e-01
  -1.1325900e-01   1.3051100e-01
  -1.4545900e-01   4.9879000e-02
  -1.4460100e-01  -2.3437200e-02
  -1.2647500e-01  -8.4449800e-02
  -9.8041200e-02  -1.4034900e-01
  -5.2415400e-02  -1.9662100e-01
   2.2598200e-02  -2.4507700e-01
   1.2931500e-01  -2.6391000e-01
   2.5058200e-01  -2.3057400e-01
   3.5405400e-01  -1.3824100e-01
   4.0821800e-01  -3.5313100e-03
   3.9915200e-01   1.4060000e-01
   3.3631000e-01   2.6208200e-01
   2.4365000e-01   3.4497800e-01
   1.4311700e-01   3.9243200e-01
   4.2812400e-02   4.1628300e-01
  -6.1814800e-02   4.2230700e-01
  -1.7563200e-01   4.0300200e-01
  -2.9085100e-01   3.4374200e-01
  -3.8444000e-01   2.3751700e-01
  -4.2893900e-01   9.6612699e-02
  -4.0931200e-01  -4.8465200e-02
  -3.3355100e-01  -1.6306400e-01
  -2.2908300e-01  -2.2598100e-01
  -1.2734300e-01  -2.3839400e-01
  -4.7458900e-02  -2.1832000e-01
   9.6811299e-03  -1.8538600e-01
   5.3677800e-02  -1.4762800e-01
   9.0246800e-02  -9.9976699e-02
   1.1205600e-01  -3.4874800e-02
   1.0232200e-01   4.4029100e-02
   4.8634700e-02   1.1660600e-01
  -4.3666800e-02   1.5448800e-01
  -1.4928500e-01   1.3754000e-01
  -2.3445700e-01   6.6752800e-02
  -2.7451600e-01  -3.5847500e-02
  -2.6534000e-01  -1.4029800e-01
  -2.2105200e-01  -2.2535800e-01
  -1.6049600e-01  -2.8696200e-01
  -9.3117899e-02  -3.3314000e-01
  -1.4924100e-02  -3.7038900e-01
   8.2896900e-02  -3.9283500e-01
   1.9998800e-01  -3.8315200e-01
   3.1904600e-01  -3.2496400e-01
   4.1117500e-01  -2.1737100e-01
   4.5129500e-01  -8.0297100e-02
   4.3272100e-01   5.4016600e-02
   3.7042400e-01   1.5779600e-01
   2.9067500e-01   2.2108600e-01
   2.1473300e-01   2.5256800e-01
   1.4837700e-01   2.6809300e-01
   8.4352900e-02   2.7618900e-01
   1.4932500e-02   2.7174000e-01
  -5.5910500e-02   2.4245100e-01
  -1.1071100e-01   1.8272400e-01
  -1.2902200e-01   1.0369600e-01
  -1.0251300e-01   3.1025200e-02
  -4.3173200e-02  -8.7775599e-03
   2.1936800e-02  -3.8833400e-03
   6.5995200e-02   3.6607100e-02
   7.6980700e-02   9.0075699e-02
   6.1312200e-02   1.3580500e-01
   3.4626200e-02   1.6701300e-01
   7.3089600e-03   1.9096800e-01
  -2.3902400e-02   2.1785200e-01
  -7.1848200e-02   2.4763000e-01
  -1.4574400e-01   2.6561200e-01
  -2.3933200e-01   2.5065200e-01
  -3.3000300e-01   1.9014900e-01
  -3.9025700e-01   9.0619099e-02
  -4.0355900e-01  -2.4284100e-02
  -3.7319200e-01  -1.2715900e-01
  -3.1790600e-01  -2.0207700e-01
  -2.5788100e-01  -2.5083200e-01
  -2.0159700e-01  -2.8621600e-01
  -1.4322800e-01  -3.1811300e-01
  -7.1996300e-02  -3.4340900e-01
   1.4265300e-02  -3.4762400e-01
   1.0229300e-01  -3.1700600e-01
   1.6908000e-01  -2.5170800e-01
   1.9625900e-01  -1.6965000e-01
   1.8258900e-01  -9.7611999e-02
   1.4522200e-01  -5.5690000e-02
   1.0869500e-01  -4.6260300e-02
   8.9654299e-02  -5.5255100e-02
   8.8385299e-02  -6.4369400e-02
   9.2916099e-02  -6.4773400e-02
   9.1946699e-02  -6.2018700e-02
   8.6243799e-02  -6.8730900e-02
   8.9477799e-02  -9.1107399e-02
   1.1767800e-01  -1.2002100e-01
   1.7530800e-01  -1.3405200e-01
   2.4871800e-01  -1.1271000e-01
   3.1231100e-01  -5.0262200e-02
   3.4327000e-01   3.9978500e-02
   3.3431500e-01   1.3405000e-01
   2.9546200e-01   2.1218400e-01
   2.4402800e-01   2.6921700e-01
   1.9083400e-01   3.1323900e-01
   1.3323100e-01   3.5418600e-01
   6.0107200e-02   3.9168700e-01
  -3.5239400e-02   4.1196900e-01
  -1.4463300e-01   3.9658300e-01
  -2.4550700e-01   3.3658300e-01
  -3.1264800e-01   2.4143000e-01
  -3.3295200e-01   1.3566400e-01
  -3.1257200e-01   4.5444900e-02
  -2.7144700e-01  -1.5488100e-02
  -2.2947300e-01  -5.0532900e-02
  -1.9465600e-01  -7.2828600e-02
  -1.6175700e-01  -9.2002199e-02
  -1.2180600e-01  -1.0554700e-01
  -7.4497600e-02  -1.0153000e-01
  -3.3283400e-02  -7.0446200e-02
  -1.8646300e-02  -1.6858400e-02
  -4.4124300e-02   3.8614700e-02
  -1.0541000e-01   6.9209100e-02
  -1.8078700e-01   5.7150000e-02
  -2.4287700e-01   3.3421900e-03
  -2.7341100e-01  -7.5068399e-02
  -2.7066400e-01  -1.5701700e-01
  -2.4487600e-01  -2.3034100e-01
  -2.0605200e-01  -2.9571300e-01
  -1.5411200e-01  -3.5936000e-01
  -7.9300899e-02  -4.2098000e-01
   2.7365900e-02  -4.6699500e-01
   1.6180800e-01  -4.7523500e-01
   3.0265400e-01  -4.2830200e-01
   4.1914900e-01  -3.2608600e-01
   4.8625300e-01  -1.8817600e-01
   4.9658300e-01  -4.4193200e-02
   4.6116200e-01   8.1188199e-02
   3.9914300e-01   1.7811300e-01
   3.2464600e-01   2.4998100e-01
   2.4057200e-01   3.0286300e-01
   1.4350500e-01   3.3501500e-01
   3.5055100e-02   3.3524800e-01
  -7.0133400e-02   2.9181400e-01
  -1.4701200e-01   2.0503100e-01
  -1.7257800e-01   9.3618199e-02
  -1.3964400e-01  -1.0934800e-02
  -6.2064900e-02  -7.8871199e-02
   3.2419200e-02  -9.5885299e-02
   1.1670800e-01  -6.6979400e-02
   1.7611000e-01  -8.6308799e-03
   2.0969500e-01   6.4108700e-02
   2.2164900e-01   1.4564400e-01
   2.1058900e-01   2.3731000e-01
   1.6608700e-01   3.3710200e-01
   7.5798599e-02   4.3070800e-01
  -6.1978700e-02   4.9208900e-01
  -2.3011800e-01   4.9463900e-01
  -3.9587400e-01   4.2572900e-01
  -5.2429300e-01   2.9454700e-01
  -5.9319900e-01   1.2768500e-01
  -5.9998900e-01  -4.4348700e-02
  -5.5655100e-01  -2.0027200e-01
  -4.7721500e-01  -3.3215400e-01
  -3.6937300e-01  -4.3900300e-01
  -2.3373700e-01  -5.1638200e-01
  -7.3300399e-02  -5.5141800e-01
   9.7057699e-02  -5.2815200e-01
   2.4916400e-01  -4.3975800e-01
   3.5111400e-01  -2.9840100e-01
   3.8215900e-01  -1.3463100e-01
   3.4291500e-01   1.4369800e-02
   2.5394800e-01   1.2036200e-01
   1.4396400e-01   1.7341200e-01
   3.6015900e-02   1.7967200e-01
  -5.8964500e-02   1.5067600e-01
  -1.3800500e-01   9.3121699e-02
  -1.9626900e-01   7.0955499e-03
  -2.2075600e-01  -1.0639000e-01
  -1.9374000e-01  -2.3535200e-01
  -1.0428400e-01  -3.5342800e-01
   4.0578100e-02  -4.2743800e-01
   2.1379500e-01  -4.3198200e-01
   3.7791400e-01  -3.6153900e-01
   5.0055500e-01  -2.3200100e-01
   5.6581400e-01  -7.0949099e-02
   5.7483600e-01   9.6189799e-02
   5.3676900e-01   2.5455700e-01
   4.5813800e-01   3.9794400e-01
   3.3923000e-01   5.1981500e-01
   1.8006700e-01   6.0594600e-01
  -9.4141699e-03   6.3591699e-01
  -2.0405200e-01   5.9358100e-01
  -3.6877400e-01   4.7920500e-01
  -4.7235100e-01   3.1411200e-01
  -5.0088800e-01   1.3359800e-01
  -4.6219300e-01  -2.7746700e-02
  -3.7852800e-01  -1.4888700e-01
  -2.7334100e-01  -2.2549400e-01
  -1.6145600e-01  -2.6278400e-01
  -4.8937800e-02  -2.6489200e-01
   5.8906100e-02  -2.2968000e-01
   1.4925200e-01  -1.5308200e-01
   2.0121400e-01  -3.9205900e-02
   1.9484100e-01   9.2554199e-02
   1.2374200e-01   2.1027400e-01
   2.0737100e-03   2.8176200e-01
  -1.3974500e-01   2.8873600e-01
  -2.6829900e-01   2.3363900e-01
  -3.6079600e-01   1.3493600e-01
  -4.1042300e-01   1.4862700e-02
  -4.2110600e-01  -1.1137100e-01
  -3.9712700e-01  -2.3763100e-01
  -3.3649300e-01  -3.5999200e-01
  -2.3350100e-01  -4.6777500e-01
  -8.8369399e-02  -5.4094700e-01
   8.4151099e-02  -5.5727100e-01
   2.5492300e-01  -5.0484900e-01
   3.9072900e-01  -3.9108000e-01
   4.6851400e-01  -2.4119900e-01
   4.8423700e-01  -8.6882199e-02
   4.5074000e-01   4.7561100e-02
   3.8688900e-01   1.5240000e-01
   3.0623500e-01   2.2919300e-01
   2.1324600e-01   2.8094000e-01
   1.0891800e-01   3.0423700e-01
   1.7534100e-04   2.9000900e-01
  -9.5504499e-02   2.3234000e-01
  -1.5508900e-01   1.3827200e-01
  -1.6188400e-01   3.0271900e-02
  -1.1598900e-01  -6.1686999e-02
  -3.5564900e-02  -1.1376200e-01
   5.2330600e-02  -1.1855700e-01
   1.2518100e-01  -8.5393699e-02
   1.7363600e-01  -3.1038600e-02
   2.0008400e-01   3.1845100e-02
   2.0949900e-01   1.0005100e-01
   2.0054300e-01   1.7564000e-01
   1.6432900e-01   2.5641100e-01
   9.2012199e-02   3.2941500e-01
  -1.4730200e-02   3.7356900e-01
  -1.3888000e-01   3.7035400e-01
  -2.5343300e-01   3.1516900e-01
  -3.3392600e-01   2.2105000e-01
  -3.6973200e-01   1.1185300e-01
  -3.6653600e-01   9.5789699e-03
  -3.3882700e-01  -7.5351699e-02
  -2.9844900e-01  -1.4451700e-01
  -2.4783300e-01  -2.0332100e-01
  -1.8258800e-01  -2.5134100e-01
  -1.0078000e-01  -2.7916200e-01
  -1.0973200e-02  -2.7443600e-01
   6.7962599e-02  -2.3254900e-01
   1.1594100e-01  -1.6349900e-01
   1.2339300e-01  -8.9189899e-02
   9.7124799e-02  -3.2446300e-02
   5.5935599e-02  -5.2425400e-03
   1.9090500e-02  -4.2857100e-03
  -4.1355100e-03  -1.6660300e-02
  -1.6614400e-02  -3.0877700e-02
  -2.6369100e-02  -4.4882300e-02
  -3.6444800e-02  -6.5171499e-02
  -3.9879200e-02  -9.8162599e-02
  -2.3907900e-02  -1.4095800e-01
   1.9707400e-02  -1.7916600e-01
   8.6209299e-02  -1.9404600e-01
   1.5801000e-01  -1.7406900e-01
   2.1386400e-01  -1.2248500e-01
   2.4069500e-01  -5.5299999e-02
   2.3971100e-01   8.8837999e-03
   2.2269500e-01   5.9777699e-02
   2.0164900e-01   9.9268999e-02
   1.7977600e-01   1.3588300e-01
   1.5055100e-01   1.7459600e-01
   1.0530000e-01   2.1018400e-01
   4.3147900e-02   2.2945200e-01
  -2.4683500e-02   2.2079300e-01
  -7.9928899e-02   1.8380200e-01
  -1.0827500e-01   1.3147800e-01
  -1.0828000e-01   8.3056199e-02
  -9.1658799e-02   5.2502599e-02
  -7.4751999e-02   4.0954500e-02
  -6.7522699e-02   3.8425100e-02
  -6.8140399e-02   3.3141700e-02
  -6.6882499e-02   2.1256200e-02
  -5.5998399e-02   9.5417199e-03
  -3.7701400e-02   9.1562199e-03
  -2.3966700e-02   2.5429200e-02
  -2.8127200e-02   5.1702499e-02
  -5.4586199e-02   7.2201799e-02
  -9.4491499e-02   7.2064599e-02
  -1.3079500e-01   4.7194500e-02
  -1.4909100e-01   6.6796299e-03
  -1.4632800e-01  -3.3944000e-02
  -1.3110000e-01  -6.3490799e-02
  -1.1560500e-01  -8.1938899e-02
  -1.0557400e-01  -9.8332699e-02
  -9.5891499e-02  -1.2165700e-01
  -7.5228599e-02  -1.5188700e-01
  -3.6047200e-02  -1.7824900e-01
   1.7765700e-02  -1.8620000e-01
   7.1642699e-02  -1.6795400e-01
   1.0913300e-01  -1.2864300e-01
   1.2234200e-01  -8.3413899e-02
   1.1634000e-01  -4.7556200e-02
   1.0440000e-01  -2.6940600e-02
   9.7771899e-02  -1.5755700e-02
   9.7750599e-02  -2.9697900e-03
   9.5927999e-02   1.7634500e-02
   8.2249499e-02   4.1643900e-02
   5.4535999e-02   5.6923499e-02
   2.2016200e-02   5.3061099e-02
  -2.9240300e-05   3.0132700e-02
  -6.4747399e-04   2.9653400e-05
   1.9095400e-02  -2.0835100e-02
   4.6846700e-02  -2.2141100e-02
   6.7561099e-02  -5.8125599e-03
   7.3541299e-02   1.6698700e-02
   6.8511499e-02   3.3737000e-02
   6.2900599e-02   4.2199300e-02
   6.4189399e-02   4.9094199e-02
   6.9886499e-02   6.4826699e-02
   6.8645299e-02   9.3482499e-02
   4.8785599e-02   1.2770100e-01
   7.8000199e-03   1.5226700e-01
  -4.4403200e-02   1.5396100e-01
  -9.1104599e-02   1.3041900e-01
  -1.1918900e-01   9.1504599e-02
  -1.2676400e-01   5.2229199e-02
  -1.2251700e-01   2.2598200e-02
  -1.1760400e-01   1.9218800e-03
  -1.1641400e-01  -1.8332800e-02
  -1.1333100e-01  -4.5620400e-02
  -9.7917099e-02  -7.8398299e-02
  -6.4463799e-02  -1.0549000e-01
  -1.8480900e-02  -1.1343000e-01
   2.5067900e-02  -9.6354799e-02
   5.0733499e-02  -6.1004899e-02
   5.2268599e-02  -2.2978200e-02
   3.5969600e-02   3.0841000e-03
   1.5349800e-02   1.2218000e-02
   1.2652100e-03   1.0494100e-02
  -5.0772599e-03   8.3376799e-03
  -1.1123900e-02   1.1173200e-02
  -2.5030700e-02   1.4683000e-02
  -4.7124599e-02   8.3456799e-03
  -6.7562699e-02  -1.5475100e-02
  -7.2246499e-02  -5.3932299e-02
  -5.2720199e-02  -9.3580499e-02
  -1.2679200e-02  -1.1812900e-01
   3.3828000e-02  -1.1851700e-01
   7.1249099e-02  -9.8011099e-02
   9.1954699e-02  -6.8727699e-02
   9.9428699e-02  -4.2389000e-02
   1.0317600e-01  -2.2337100e-02
   1.0955400e-01  -2.7318100e-03
   1.1574700e-01   2.4704300e-02
   1.1158800e-01   6.1823899e-02
   8.7883399e-02   1.0012600e-01
   4.4838600e-02   1.2505700e-01
  -5.9906799e-03   1.2554200e-01
  -4.7956399e-02   1.0171900e-01
  -6.9370599e-02   6.5101099e-02
  -7.0074499e-02   3.1019800e-02
  -5.9861499e-02   8.9029099e-03
  -5.0178799e-02  -2.5105400e-03
  -4.5498499e-02  -1.1742200e-02
  -4.0855900e-02  -2.5879700e-02
  -2.7250200e-02  -4.3500100e-02
  -5.6122499e-04  -5.4773699e-02
   3.3071900e-02  -4.8763499e-02
   5.9781299e-02  -2.2372000e-02
   6.6761399e-02   1.5950300e-02
   5.0876699e-02   5.0734199e-02
   2.0705800e-02   6.9085699e-02
  -9.4844999e-03   6.8369099e-02
  -2.9344700e-02   5.6458699e-02
  -3.8537100e-02   4.4612399e-02
  -4.4969399e-02   3.8518700e-02
  -5.6804999e-02   3.4328500e-02
  -7.4573999e-02   2.2592800e-02
  -8.9570999e-02  -3.0507000e-03
  -8.9874799e-02  -3.9241600e-02
  -6.9470599e-02  -7.3574399e-02
  -3.3528000e-02  -9.2300799e-02
   4.2659000e-03  -8.9422799e-02
   3.0463600e-02  -7.0445299e-02
   4.0283500e-02  -4.8037199e-02
   3.9561800e-02  -3.2893800e-02
   3.8970700e-02  -2.6632500e-02
   4.5048499e-02  -2.1937300e-02
   5.4913499e-02  -9.6311799e-03
   5.8656799e-02   1.2888500e-02
   4.7519999e-02   3.8415300e-02
   2.1541600e-02   5.4469899e-02
  -9.2596599e-03   5.2241499e-02
  -3.1203300e-02   3.3186900e-02
  -3.6125700e-02   8.2751799e-03
  -2.6597700e-02  -9.6087899e-03
  -1.3340600e-02  -1.4450600e-02
  -6.8599399e-03  -1.0566600e-02
  -9.6362399e-03  -8.2696499e-03
  -1.4730400e-02  -1.5156200e-02
  -1.1759400e-02  -2.9704500e-02
   4.3943799e-03  -4.2069599e-02
   2.8836700e-02  -4.1470199e-02
   4.9549399e-02  -2.4546400e-02
   5.5787399e-02   1.6763200e-03
   4.5678999e-02   2.4500100e-02
   2.7322300e-02   3.4430800e-02
   1.2584500e-02   3.1565900e-02
   8.3070399e-03   2.4746000e-02
   1.1550700e-02   2.4198000e-02
   1.2421600e-02   3.3307700e-02
   2.2658600e-03   4.5785299e-02
  -1.9040100e-02   5.0377499e-02
  -4.2279499e-02   3.9547300e-02
  -5.5224699e-02   1.5538400e-02
  -5.1362399e-02  -1.0780000e-02
  -3.4466700e-02  -2.7439700e-02
  -1.5617900e-02  -2.9622300e-02
  -4.9675199e-03  -2.2469400e-02
  -4.4913699e-03  -1.6431200e-02
  -7.1764799e-03  -1.8777600e-02
  -3.1783300e-03  -2.7777400e-02
   1.1812600e-02  -3.3991400e-02
   3.2429500e-02  -2.7703900e-02
   4.6940599e-02  -6.8417899e-03
   4.5588299e-02   2.0658200e-02
   2.7718300e-02   4.1894099e-02
   2.3622200e-03   4.7731499e-02
  -1.8141700e-02   3.8742000e-02
  -2.6683400e-02   2.3992100e-02
  -2.5700400e-02   1.3732800e-02
  -2.4153900e-02   1.1609100e-02
  -2.9617200e-02   1.2306300e-02
  -4.1627199e-02   6.3656599e-03
  -5.1454399e-02  -1.1580500e-02
  -4.8541999e-02  -3.7522700e-02
  -2.8767700e-02  -5.9887899e-02
   1.7438200e-03  -6.7227999e-02
   3.0208800e-02  -5.6108799e-02
   4.5572599e-02  -3.3348400e-02
   4.5513299e-02  -1.0992200e-02
   3.6956300e-02   2.1634000e-03
   2.9904600e-02   6.1538499e-03
   2.9404100e-02   8.4641599e-03
   3.1801600e-02   1.6927700e-02
   2.8113100e-02   3.2493200e-02
   1.1862200e-02   4.7516299e-02
  -1.4692000e-02   5.1001499e-02
  -4.0826299e-02   3.6896500e-02
  -5.4107899e-02   9.1712799e-03
  -4.8704899e-02  -2.0214100e-02
  -2.9126500e-02  -3.9032599e-02
  -6.6789899e-03  -4.2536499e-02
   8.6359099e-03  -3.5585500e-02
   1.4703500e-02  -2.7774800e-02
   1.7520800e-02  -2.5442700e-02
   2.5106600e-02  -2.6719600e-02
   3.9941599e-02  -2.3384200e-02
   5.5876699e-02  -8.0459199e-03
   6.2014099e-02   1.8925700e-02
   5.0723599e-02   4.8156399e-02
   2.3758600e-02   6.6854199e-02
  -8.1975099e-03   6.7202699e-02
  -3.2318800e-02   5.1395699e-02
  -4.1797999e-02   2.9640100e-02
  -3.9430699e-02   1.2704200e-02
  -3.4151300e-02   4.6194099e-03
  -3.3353700e-02   9.2636399e-04
  -3.6946199e-02  -6.4125399e-03
  -3.7679699e-02  -2.1394300e-02
  -2.7441500e-02  -3.9643999e-02
  -4.6170899e-03  -5.0828599e-02
   2.3236300e-02  -4.6103699e-02
   4.3631199e-02  -2.4997500e-02
   4.7302899e-02   3.5043300e-03
   3.4289900e-02   2.6594400e-02
   1.3486000e-02   3.5897400e-02
  -3.9227399e-03   3.2313300e-02
  -1.2186000e-02   2.4019300e-02
  -1.4149400e-02   1.9357400e-02
  -1.7649400e-02   2.0134400e-02
  -2.8105800e-02   2.0458100e-02
  -4.3143899e-02   1.1942000e-02
  -5.3499599e-02  -8.7867099e-03
  -4.9637199e-02  -3.6132499e-02
  -2.9118800e-02  -5.8322899e-02
   8.7478799e-04  -6.5029399e-02
   2.7868000e-02  -5.4233299e-02
   4.2137399e-02  -3.3282300e-02
   4.2592399e-02  -1.3420100e-02
   3.6264099e-02  -1.9240900e-03
   3.1998200e-02   2.2959600e-03
   3.3275800e-02   6.4837799e-03
   3.5657499e-02   1.7103700e-02
   3.0754000e-02   3.3655000e-02
   1.3606100e-02   4.8094599e-02
  -1.2271000e-02   5.0424999e-02
  -3.6180399e-02   3.6269499e-02
  -4.7079999e-02   1.0691800e-02
  -4.0959999e-02  -1.4702800e-02
  -2.3317500e-02  -2.9318800e-02
  -4.9446699e-03  -3.0236000e-02
   5.7701099e-03  -2.3151000e-02
   8.2717699e-03  -1.7078700e-02
   9.0403799e-03  -1.6978800e-02
   1.5365200e-02  -1.9960600e-02
   2.8607000e-02  -1.7928400e-02
   4.2220799e-02  -4.5774799e-03
   4.6155899e-02   1.8690700e-02
   3.4365099e-02   4.2571999e-02
   9.7452599e-03   5.5696999e-02
  -1.7276800e-02   5.2240899e-02
  -3.5540499e-02   3.5686999e-02
  -4.0332999e-02   1.5991500e-02
  -3.5701299e-02   2.3356600e-03
  -3.0330500e-02  -3.0882000e-03
  -3.0265500e-02  -5.6641899e-03
  -3.4079199e-02  -1.3034600e-02
  -3.4163599e-02  -2.8082300e-02
  -2.3117800e-02  -4.5690099e-02
  -2.9706900e-04  -5.5857399e-02
   2.6560100e-02  -5.0894399e-02
   4.5999099e-02  -3.1286600e-02
   5.0420299e-02  -5.7818699e-03
   4.0963799e-02   1.4416000e-02
   2.6127200e-02   2.3056600e-02
   1.5237600e-02   2.2389600e-02
   1.1733200e-02   2.0333100e-02
   1.1280500e-02   2.3565700e-02
   6.0399999e-03   3.1890700e-02
  -8.2952599e-03   3.8200399e-02
  -2.8162600e-02   3.4068099e-02
  -4.3905699e-02   1.6691400e-02
  -4.6421199e-02  -8.1476599e-03
  -3.3717699e-02  -2.9444300e-02
  -1.2466700e-02  -3.8229899e-02
   6.6231599e-03  -3.3365199e-02
   1.6151200e-02  -2.1619300e-02
   1.6625100e-02  -1.2089100e-02
   1.4973300e-02  -9.2539299e-03
   1.8250900e-02  -9.9306898e-03
   2.7446900e-02  -6.3815599e-03
   3.6185999e-02   6.8775599e-03
   3.5369499e-02   2.7843200e-02
   2.0259600e-02   4.7454399e-02
  -5.3729199e-03   5.5483899e-02
  -3.1229500e-02   4.7547599e-02
  -4.7180699e-02   2.8026000e-02
  -4.9736399e-02   6.7603099e-03
  -4.3545099e-02  -7.9536999e-03
  -3.6947599e-02  -1.4808400e-02
  -3.5087099e-02  -1.9347600e-02
  -3.5874299e-02  -2.8501900e-02
  -3.1881700e-02  -4.4098999e-02
  -1.6692700e-02  -6.0418199e-02
   9.1897899e-03  -6.7766799e-02
   3.7466599e-02  -5.9464299e-02
   5.7004599e-02  -3.6999099e-02
   6.1039699e-02  -9.4620799e-03
   5.1331299e-02   1.2361200e-02
   3.6267099e-02   2.2877800e-02
   2.4454100e-02   2.4505800e-02
   1.8671900e-02   2.4491300e-02
   1.4710800e-02   2.8332900e-02
   5.8407199e-03   3.4950999e-02
  -1.0651800e-02   3.7354399e-02
  -3.0005900e-02   2.8321700e-02
  -4.2414899e-02   6.7485999e-03
  -3.9665699e-02  -2.0251200e-02
  -2.1082200e-02  -4.1238399e-02
   5.6591299e-03  -4.7582799e-02
   2.9469100e-02  -3.8658599e-02
   4.2893499e-02  -2.1379400e-02
   4.6111199e-02  -4.5935499e-03
   4.5095299e-02   7.3292999e-03
   4.5588799e-02   1.6881200e-02
   4.7688599e-02   3.0083400e-02
   4.5306899e-02   5.0158499e-02
   3.0997899e-02   7.3243499e-02
   2.4842000e-03   8.9641199e-02
  -3.4156999e-02   8.9897899e-02
  -6.7235499e-02   7.1296799e-02
  -8.6280699e-02   3.9971399e-02
  -8.8071199e-02   7.0701099e-03
  -7.7579299e-02  -1.8204800e-02
  -6.3355299e-02  -3.3605299e-02
  -5.0995999e-02  -4.3378499e-02
  -3.9668399e-02  -5.3010899e-02
  -2.4217600e-02  -6.3460299e-02
  -1.0485900e-03  -6.9484299e-02
   2.6956800e-02  -6.3471699e-02
   5.0526799e-02  -4.1900699e-02
   5.9326599e-02  -9.4448798e-03
   4.8747099e-02   2.2573600e-02
   2.3190900e-02   4.2491099e-02
  -6.5719399e-03   4.4928499e-02
  -3.0044599e-02   3.3064899e-02
  -4.2820599e-02   1.5141500e-02
  -4.7490799e-02  -1.9568300e-03
  -4.9333799e-02  -1.7121500e-02
  -5.0428199e-02  -3.4192799e-02
  -4.6952599e-02  -5.6749699e-02
  -3.1909899e-02  -8.2795899e-02
  -1.2652300e-03  -1.0374900e-01
   4.1239699e-02  -1.0887200e-01
   8.4463699e-02  -9.2110898e-02
   1.1547800e-01  -5.6391499e-02
   1.2656400e-01  -1.2202400e-02
   1.1871900e-01   2.8520900e-02
   9.9385398e-02   5.8816599e-02
   7.6388599e-02   7.8926399e-02
   5.2765899e-02   9.3095498e-02
   2.6314900e-02   1.0382300e-01
  -6.0567499e-03   1.0829800e-01
  -4.2862399e-02   9.9983098e-02
  -7.6041399e-02   7.4227199e-02
  -9.4402998e-02   3.3581999e-02
  -9.0296998e-02  -1.1450000e-02
  -6.4742499e-02  -4.7178499e-02
  -2.7260800e-02  -6.3856999e-02
   9.5175898e-03  -6.0274699e-02
   3.6633899e-02  -4.2777299e-02
   5.2245099e-02  -1.9780100e-02
   5.9634699e-02   3.9314599e-03
   6.1829599e-02   2.8873199e-02
   5.7360199e-02   5.7517499e-02
   4.0695099e-02   8.8897898e-02
   7.1524999e-03   1.1577100e-01
  -4.1503099e-02   1.2701800e-01
  -9.5279698e-02   1.1393700e-01
  -1.3976400e-01   7.6014499e-02
  -1.6316600e-01   2.1970000e-02
  -1.6182900e-01  -3.4748399e-02
  -1.4057800e-01  -8.2867299e-02
  -1.0801600e-01  -1.1781000e-01
  -7.0545099e-02  -1.4099400e-01
  -2.9590799e-02  -1.5504000e-01
   1.6151600e-02  -1.5909300e-01
   6.5612699e-02  -1.4818200e-01
   1.1183900e-01  -1.1731200e-01
   1.4334900e-01  -6.7158099e-02
   1.4988800e-01  -6.7798699e-03
   1.2865500e-01   4.9127099e-02
   8.6525498e-02   8.6955398e-02
   3.6601499e-02   1.0042400e-01
  -8.5393798e-03   9.2215998e-02
  -4.2231399e-02   7.0255299e-02
  -6.4282499e-02   4.1714399e-02
  -7.6959599e-02   9.3058398e-03
  -8.0067899e-02  -2.7583199e-02
  -6.9337299e-02  -6.8240699e-02
  -3.9610099e-02  -1.0660100e-01
   9.5602198e-03  -1.3155700e-01
   7.0364199e-02  -1.3201000e-01
   1.2836900e-01  -1.0333400e-01
   1.6869200e-01  -5.0681899e-02
   1.8272600e-01   1.3309200e-02
   1.7099400e-01   7.4853099e-02
   1.4052700e-01   1.2504200e-01
   9.9112798e-02   1.6161500e-01
   5.0850999e-02   1.8585500e-01
  -3.8019199e-03   1.9765200e-01
  -6.3979799e-02   1.9304400e-01
  -1.2402800e-01   1.6646600e-01
  -1.7281800e-01   1.1609900e-01
  -1.9796500e-01   4.8114399e-02
  -1.9233100e-01  -2.3793300e-02
  -1.5829900e-01  -8.3815798e-02
  -1.0673400e-01  -1.2098200e-01
  -5.1319799e-02  -1.3309800e-01
  -2.1781300e-03  -1.2531300e-01
   3.6966899e-02  -1.0484600e-01
   6.6651999e-02  -7.6049099e-02
   8.6900998e-02  -3.9441199e-02
   9.4056798e-02   4.9056699e-03
   8.2058098e-02   5.2770799e-02
   4.7387399e-02   9.4132098e-02
  -6.1224999e-03   1.1640600e-01
  -6.6577899e-02   1.1075000e-01
  -1.1846600e-01   7.7113799e-02
  -1.4954100e-01   2.4467100e-02
  -1.5563800e-01  -3.3995399e-02
  -1.4043300e-01  -8.7309098e-02
  -1.1081300e-01  -1.3048000e-01
  -7.1650299e-02  -1.6333400e-01
  -2.3922100e-02  -1.8606100e-01
   3.2656999e-02  -1.9546500e-01
   9.4975798e-02  -1.8527000e-01
   1.5398600e-01  -1.5051900e-01
   1.9687700e-01  -9.2755598e-02
   2.1295400e-01  -2.1876300e-02
   1.9927000e-01   4.7197599e-02
   1.6207600e-01   1.0106900e-01
   1.1307400e-01   1.3334000e-01
   6.3155699e-02   1.4551100e-01
   1.7963400e-02   1.4315800e-01
  -2.1915800e-02   1.3062700e-01
  -5.6923699e-02   1.0837500e-01
  -8.4345098e-02   7.4816299e-02
  -9.7648998e-02   3.0920399e-02
  -9.0193098e-02  -1.6438000e-02
  -6.0610399e-02  -5.5504099e-02
  -1.5703200e-02  -7.4853099e-02
   3.1645299e-02  -6.9347199e-02
   6.8417399e-02  -4.2690299e-02
   8.7322398e-02  -4.8172199e-03
   8.8716498e-02   3.3956599e-02
   7.7646298e-02   6.7859999e-02
   5.8632099e-02   9.6375998e-02
   3.2318899e-02   1.2074300e-01
  -3.5084999e-03   1.3945800e-01
  -4.9557899e-02   1.4667600e-01
  -1.0101300e-01   1.3508100e-01
  -1.4739700e-01   1.0124200e-01
  -1.7693000e-01   4.9386899e-02
  -1.8256000e-01  -9.4210998e-03
  -1.6546100e-01  -6.2438699e-02
  -1.3359900e-01  -1.0125400e-01
  -9.6475798e-02  -1.2460600e-01
  -5.9914699e-02  -1.3635700e-01
  -2.4508400e-02  -1.4053300e-01
   1.1503600e-02  -1.3742600e-01
   4.7581999e-02  -1.2376800e-01
   7.8421998e-02  -9.6721498e-02
   9.5897198e-02  -5.8408199e-02
   9.4169998e-02  -1.7184500e-02
   7.4183998e-02   1.5711300e-02
   4.4073999e-02   3.1999599e-02
   1.4985100e-02   3.0617399e-02
  -4.8433299e-03   1.7423600e-02
  -1.3628700e-02   6.9500699e-04
  -1.4938100e-02  -1.4205100e-02
  -1.3110300e-02  -2.7126699e-02
  -8.9245698e-03  -4.0950099e-02
   1.0886100e-03  -5.6927099e-02
   2.1195700e-02  -7.1433599e-02
   5.1628699e-02  -7.6905698e-02
   8.6273898e-02  -6.6482499e-02
   1.1492800e-01  -3.8969599e-02
   1.2873200e-01  -3.8447799e-04
   1.2497500e-01   3.9178799e-02
   1.0787600e-01   7.1185899e-02
   8.4927698e-02   9.2804698e-02
   6.1603199e-02   1.0673100e-01
   3.8386499e-02   1.1713700e-01
   1.2176100e-02   1.2506400e-01
  -1.9240900e-02   1.2690900e-01
  -5.3317599e-02   1.1720100e-01
  -8.2682398e-02   9.3533098e-02
  -9.9156798e-02   5.9768099e-02
  -9.8982998e-02   2.4905499e-02
  -8.5393098e-02  -1.7680400e-03
  -6.6582299e-02  -1.5826300e-02
  -5.0538699e-02  -1.9489900e-02
  -4.0480999e-02  -1.8892400e-02
  -3.4133599e-02  -1.9016300e-02
  -2.7138699e-02  -2.0157000e-02
  -1.7786100e-02  -1.8521300e-02
  -9.2958498e-03  -1.0358300e-02
  -7.8123898e-03   3.7034399e-03
  -1.7596300e-02   1.7610600e-02
  -3.7092899e-02   2.3130400e-02
  -5.8957799e-02   1.5106700e-02
  -7.4176198e-02  -5.1157599e-03
  -7.7352498e-02  -3.0619299e-02
  -6.9380999e-02  -5.3485599e-02
  -5.5679599e-02  -6.9632199e-02
  -4.1488299e-02  -8.0401998e-02
  -2.7884999e-02  -8.9906898e-02
  -1.1542200e-02  -1.0035900e-01
   1.1661500e-02  -1.0912500e-01
   4.2047699e-02  -1.0990200e-01
   7.4217398e-02  -9.7212198e-02
   9.9455798e-02  -7.0863998e-02
   1.1084000e-01  -3.6964899e-02
   1.0736800e-01  -4.6262699e-03
   9.4121098e-02   1.9297700e-02
   7.8426798e-02   3.3657099e-02
   6.4925699e-02   4.2254499e-02
   5.3194299e-02   4.9676199e-02
   3.9565799e-02   5.7028099e-02
   2.1562900e-02   6.0897299e-02
   1.3635100e-03   5.6334099e-02
  -1.4529500e-02   4.1528699e-02
  -1.9331000e-02   2.0507200e-02
  -1.0779900e-02   1.6283200e-03
   6.8848498e-03  -7.1920698e-03
   2.5302399e-02  -3.1282799e-03
   3.7029099e-02   1.0352800e-02
   3.9603499e-02   2.6493399e-02
   3.5789599e-02   4.0102299e-02
   3.0061999e-02   5.0611199e-02
   2.4214599e-02   6.1130999e-02
   1.5578700e-02   7.4412698e-02
  -7.2333798e-04   8.9006298e-02
  -2.7208799e-02   9.8768498e-02
  -6.0703999e-02   9.6315098e-02
  -9.2943098e-02   7.7982398e-02
  -1.1486300e-01   4.6651299e-02
  -1.2159900e-01   1.0327200e-02
  -1.1465700e-01  -2.2515899e-02
  -9.9837198e-02  -4.7464099e-02
  -8.2635298e-02  -6.5375699e-02
  -6.4650999e-02  -7.9644898e-02
  -4.3654999e-02  -9.1871498e-02
  -1.7099700e-02  -9.9453998e-02
   1.3824500e-02  -9.7084698e-02
   4.2936699e-02  -8.1076498e-02
   6.1844699e-02  -5.3203999e-02
   6.4899599e-02  -2.1017200e-02
   5.2764999e-02   5.8255699e-03
   3.2001899e-02   2.0702700e-02
   1.0983300e-02   2.3057699e-02
  -4.8859299e-03   1.7305900e-02
  -1.5244800e-02   8.6709098e-03
  -2.2869199e-02  -7.6954498e-04
  -2.9546799e-02  -1.2832700e-02
  -3.3152499e-02  -3.0325399e-02
  -2.8366499e-02  -5.2900299e-02
  -1.0623600e-02  -7.5094298e-02
   1.9672800e-02  -8.8341598e-02
   5.5948699e-02  -8.5735598e-02
   8.8366698e-02  -6.6186298e-02
   1.0891100e-01  -3.4998799e-02
   1.1512100e-01  -4.9933199e-04
   1.0998000e-01   3.0795899e-02
   9.8331498e-02   5.6995199e-02
   8.2729498e-02   7.9780498e-02
   6.1956999e-02   1.0062400e-01
   3.3263499e-02   1.1747600e-01
  -3.5337699e-03   1.2472300e-01
  -4.3458499e-02   1.1665800e-01
  -7.7568798e-02   9.1929898e-02
  -9.7363698e-02   5.5595699e-02
  -9.9372098e-02   1.7089400e-02
  -8.6694898e-02  -1.4589000e-02
  -6.6478998e-02  -3.5128699e-02
  -4.5259899e-02  -4.5733399e-02
  -2.5587899e-02  -5.0226099e-02
  -6.2658099e-03  -5.0892999e-02
   1.4292200e-02  -4.6372899e-02
   3.4465899e-02  -3.3223799e-02
   4.8642799e-02  -9.8856598e-03
   5.0099399e-02   2.0158400e-02
   3.5542099e-02   4.8690899e-02
   7.9366498e-03   6.6621198e-02
  -2.4562499e-02   6.8793198e-02
  -5.2930599e-02   5.6386799e-02
  -7.1822098e-02   3.5304699e-02
  -8.1223698e-02   1.1871400e-02
  -8.4293598e-02  -1.0921500e-02
  -8.3324098e-02  -3.3927099e-02
  -7.7104498e-02  -5.8969899e-02
  -6.1793899e-02  -8.5066098e-02
  -3.4636199e-02  -1.0691700e-01
   2.4085399e-03  -1.1710000e-01
   4.2068799e-02  -1.1052700e-01
   7.4917098e-02  -8.7933198e-02
   9.4183498e-02  -5.5798899e-02
   9.8877798e-02  -2.2700199e-02
   9.3111298e-02   5.3152999e-03
   8.2308998e-02   2.7074099e-02
   6.9254698e-02   4.4864699e-02
   5.2919499e-02   6.0635699e-02
   3.0815299e-02   7.2938098e-02
   2.8682499e-03   7.7108298e-02
  -2.6384999e-02   6.8637198e-02
  -4.9206999e-02   4.7166299e-02
  -5.8851799e-02   1.7988300e-02
  -5.3559299e-02  -1.0253500e-02
  -3.7452399e-02  -3.0148599e-02
  -1.7698600e-02  -3.9169599e-02
  -3.2689799e-05  -3.9878699e-02
   1.4109800e-02  -3.6751299e-02
   2.6888299e-02  -3.2169899e-02
   4.0558699e-02  -2.4680299e-02
   5.4071299e-02  -1.0796900e-02
   6.2546998e-02   1.1122800e-02
   6.0174699e-02   3.8037399e-02
   4.4418599e-02   6.2767798e-02
   1.8358900e-02   7.7728098e-02
  -1.0662300e-02   7.9219698e-02
  -3.5186599e-02   6.9209398e-02
  -5.1611899e-02   5.3369999e-02
  -6.1191998e-02   3.6919799e-02
  -6.7522098e-02   2.1387799e-02
  -7.2600498e-02   4.6542799e-03
  -7.4585798e-02  -1.5922000e-02
  -6.9017698e-02  -3.9843599e-02
  -5.2577199e-02  -6.2245998e-02
  -2.6483799e-02  -7.6206198e-02
   3.1500199e-03  -7.6985598e-02
   2.8419599e-02  -6.5099698e-02
   4.4007499e-02  -4.5947099e-02
   4.9710199e-02  -2.6274299e-02
   4.9373499e-02  -1.0087600e-02
   4.7186099e-02   3.0195499e-03
   4.4224499e-02   1.6024700e-02
   3.7886799e-02   3.0700899e-02
   2.4599899e-02   4.4942199e-02
   3.6527799e-03   5.3361299e-02
  -2.0880099e-02   5.0810199e-02
  -4.1739899e-02   3.6215299e-02
  -5.2561799e-02   1.3828500e-02
  -5.1506999e-02  -9.0978398e-03
  -4.1842299e-02  -2.6552499e-02
  -2.9133399e-02  -3.6858699e-02
  -1.7224100e-02  -4.2457199e-02
  -6.0236498e-03  -4.6730599e-02
   7.3096898e-03  -5.0438499e-02
   2.4826399e-02  -5.0585899e-02
   4.4735599e-02  -4.2644199e-02
   6.1333898e-02  -2.4448299e-02
   6.8135898e-02   1.2339000e-03
   6.1977798e-02   2.7507199e-02
   4.5093699e-02   4.7066399e-02
   2.3645299e-02   5.6189099e-02
   3.8065899e-03   5.6172799e-02
  -1.1714300e-02   5.1311099e-02
  -2.4230299e-02   4.5082299e-02
  -3.6476699e-02   3.7513499e-02
  -4.9031599e-02   2.5719599e-02
  -5.8655298e-02   7.1372698e-03
  -5.9955898e-02  -1.7123600e-02
  -4.9217099e-02  -4.1519199e-02
  -2.7526099e-02  -5.8669598e-02
  -8.0334998e-04  -6.3543898e-02
   2.3382199e-02  -5.6242599e-02
   3.9957099e-02  -4.1409999e-02
   4.8508899e-02  -2.4798699e-02
   5.2054499e-02  -9.5851697e-03
   5.3548199e-02   4.8597799e-03
   5.2933199e-02   2.0969799e-02
   4.7056699e-02   3.9468499e-02
   3.2522699e-02   5.7217598e-02
   9.2575398e-03   6.8259398e-02
  -1.8039500e-02   6.7427598e-02
  -4.1834699e-02   5.3905999e-02
  -5.5823099e-02   3.2087699e-02
  -5.8253698e-02   9.0561698e-03
  -5.2191399e-02  -9.5041197e-03
  -4.2664599e-02  -2.2044099e-02
  -3.2928799e-02  -3.0674799e-02
  -2.2662199e-02  -3.8068099e-02
  -9.3596497e-03  -4.4283099e-02
   8.2944598e-03  -4.6069899e-02
   2.7831399e-02  -3.9254499e-02
   4.3356999e-02  -2.2399199e-02
   4.8789399e-02   1.1035700e-03
   4.1681899e-02   2.4223799e-02
   2.4842899e-02   4.0049399e-02
   4.5606199e-03   4.5471399e-02
  -1.3265400e-02   4.2220199e-02
  -2.6277699e-02   3.4653999e-02
  -3.5895099e-02   2.6098299e-02
  -4.4667299e-02   1.6556000e-02
  -5.2968399e-02   3.4822499e-03
  -5.7713198e-02  -1.5076600e-02
  -5.4194299e-02  -3.7523699e-02
  -3.9702099e-02  -5.8368098e-02
  -1.6174200e-02  -7.0955598e-02
   1.0213300e-02  -7.1386698e-02
   3.2340299e-02  -6.0798198e-02
   4.6010199e-02  -4.4367299e-02
   5.1666599e-02  -2.7808099e-02
   5.2855599e-02  -1.3950300e-02
   5.2757199e-02  -1.8570999e-03
   5.1507299e-02   1.1031400e-02
   4.6354399e-02   2.5553199e-02
   3.4476999e-02   3.8997199e-02
   1.6210100e-02   4.6324999e-02
  -3.9177899e-03   4.3611299e-02
  -1.9297899e-02   3.1131399e-02
  -2.5078999e-02   1.3732000e-02
  -2.0979299e-02  -1.8828999e-03
  -1.1060200e-02  -1.1032000e-02
  -6.9182298e-04  -1.3338200e-02
   7.0034998e-03  -1.1869200e-02
   1.2617300e-02  -9.9542597e-03
   1.8860199e-02  -8.2078298e-03
   2.7283899e-02  -4.0713399e-03
   3.5976199e-02   5.7915698e-03
   4.0127199e-02   2.2130699e-02
   3.5153599e-02   4.1440099e-02
   2.0081999e-02   5.7393098e-02
  -1.3561400e-03   6.4456198e-02
  -2.2787299e-02   6.1099198e-02
  -3.8951799e-02   5.0309199e-02
  -4.8449199e-02   3.7108699e-02
  -5.3562598e-02   2.4991799e-02
  -5.7465498e-02   1.3942400e-02
  -6.1064798e-02   1.4385800e-03
  -6.1966098e-02  -1.4455700e-02
  -5.6374798e-02  -3.2412599e-02
  -4.2470699e-02  -4.7757199e-02
  -2.2625499e-02  -5.5176198e-02
  -2.6713599e-03  -5.2265798e-02
   1.1364600e-02  -4.1287399e-02
   1.6740100e-02  -2.7807799e-02
   1.5205000e-02  -1.7201900e-02
   1.1141900e-02  -1.1561700e-02
   8.1248298e-03  -9.2080597e-03
   6.5112098e-03  -7.0100998e-03
   3.8402799e-03  -3.6024399e-03
  -2.3695999e-03  -9.4282097e-04
  -1.1681900e-02  -2.9597199e-03
  -2.0038499e-02  -1.2297800e-02
  -2.1969399e-02  -2.7661899e-02
  -1.4167600e-02  -4.3854099e-02
   2.1875799e-03  -5.4597598e-02
   2.2073799e-02  -5.6160298e-02
   3.9761499e-02  -4.9194799e-02
   5.2142098e-02  -3.7554399e-02
   5.9858498e-02  -2.5094199e-02
   6.5548598e-02  -1.2937600e-02
   7.0707798e-02   7.3419098e-04
   7.3704698e-02   1.8286299e-02
   7.0569898e-02   3.9569199e-02
   5.8026198e-02   6.0669898e-02
   3.6470799e-02   7.5590298e-02
   1.0601200e-02   7.9747298e-02
  -1.2896600e-02   7.2783598e-02
  -2.9000099e-02   5.8658298e-02
  -3.6761299e-02   4.2986299e-02
  -3.8842699e-02   2.9606599e-02
  -3.8697899e-02   1.8869899e-02
  -3.7646899e-02   8.7780497e-03
  -3.4106599e-02  -2.0876999e-03
  -2.5523899e-02  -1.2264500e-02
  -1.1446500e-02  -1.7648999e-02
   4.7528599e-03  -1.4220800e-02
   1.6993099e-02  -1.2480300e-03
   1.9800799e-02   1.7461899e-02
   1.1504700e-02   3.5294599e-02
  -4.9552599e-03   4.6380899e-02
  -2.4122999e-02   4.8480399e-02
  -4.1429499e-02   4.3244499e-02
  -5.5405398e-02   3.3880299e-02
  -6.7189298e-02   2.2164799e-02
  -7.7923998e-02   7.1745698e-03
  -8.6255297e-02  -1.3291800e-02
  -8.8061597e-02  -3.9750099e-02
  -7.8808398e-02  -6.8924998e-02
  -5.6872098e-02  -9.4308197e-02
  -2.5359499e-02  -1.0920700e-01
   9.0000097e-03  -1.1022800e-01
   3.9189599e-02  -9.8781697e-02
   6.1159098e-02  -7.9644098e-02
   7.4805198e-02  -5.7729098e-02
   8.2223697e-02  -3.5492499e-02
   8.4811597e-02  -1.2789000e-02
   8.1602098e-02   1.0936300e-02
   7.0179998e-02   3.4063399e-02
   4.9465498e-02   5.2069698e-02
   2.2131299e-02   5.9477298e-02
  -5.3878198e-03   5.3207298e-02
  -2.5575699e-02   3.4918099e-02
  -3.3480999e-02   1.0572100e-02
  -2.8862199e-02  -1.2542400e-02
  -1.5451700e-02  -2.9285199e-02
   1.9524199e-03  -3.8292099e-02
   2.0332199e-02  -4.0856799e-02
   3.9175599e-02  -3.8232599e-02
   5.8746398e-02  -2.9663099e-02
   7.7502998e-02  -1.2794900e-02
   9.0958397e-02   1.3794800e-02
   9.3172697e-02   4.7951799e-02
   8.0027598e-02   8.3379197e-02
   5.1998398e-02   1.1186400e-01
   1.4402800e-02   1.2695500e-01
  -2.5110199e-02   1.2665400e-01
  -6.0110198e-02   1.1341100e-01
  -8.7577297e-02   9.1647697e-02
  -1.0743700e-01   6.4802798e-02
  -1.2017200e-01   3.4092499e-02
  -1.2465000e-01  -2.4616999e-04
  -1.1807600e-01  -3.6462299e-02
  -9.8211297e-02  -6.9793798e-02
  -6.6182098e-02  -9.3477397e-02
  -2.7590699e-02  -1.0184900e-01
   9.1674197e-03  -9.3461097e-02
   3.6458599e-02  -7.2015598e-02
   5.0531598e-02  -4.4434099e-02
   5.2214698e-02  -1.7402499e-02
   4.4966299e-02   5.2460998e-03
   3.1944299e-02   2.2682799e-02
   1.4352600e-02   3.5052799e-02
  -7.7946598e-03   4.1185399e-02
  -3.3316899e-02   3.8090299e-02
  -5.8045798e-02   2.2818399e-02
  -7.5304998e-02  -4.6637199e-03
  -7.8709097e-02  -3.9848399e-02
  -6.5487698e-02  -7.4759198e-02
  -3.8042799e-02  -1.0123300e-01
  -2.6529599e-03  -1.1431000e-01
   3.3750899e-02  -1.1356900e-01
   6.6499898e-02  -1.0173900e-01
   9.3907897e-02  -8.1899797e-02
   1.1564400e-01  -5.5488098e-02
   1.3039600e-01  -2.2588599e-02
   1.3494400e-01   1.5914199e-02
   1.2560800e-01   5.6250398e-02
   1.0109400e-01   9.1700897e-02
   6.4568498e-02   1.1499400e-01
   2.3238999e-02   1.2170200e-01
  -1.4521800e-02   1.1234800e-01
  -4.2682299e-02   9.1785097e-02
  -5.9427498e-02   6.6326098e-02
  -6.6353698e-02   4.0684699e-02
  -6.5885898e-02   1.6764299e-02
  -5.9044798e-02  -5.1255298e-03
  -4.5281499e-02  -2.3936099e-02
  -2.4386099e-02  -3.6554899e-02
   1.2130600e-03  -3.8778899e-02
   2.5823199e-02  -2.8021699e-02
   4.2364999e-02  -5.7520198e-03
   4.5679398e-02   2.2272799e-02
   3.5049399e-02   4.8358198e-02
   1.4221200e-02   6.6328498e-02
  -1.1021700e-02   7.3817598e-02
  -3.5960799e-02   7.2011098e-02
  -5.8565998e-02   6.3331098e-02
  -7.8701697e-02   4.9017798e-02
  -9.5855097e-02   2.8509999e-02
  -1.0744400e-01   1.0362600e-03
  -1.0926800e-01  -3.1966399e-02
  -9.7955297e-02  -6.5699098e-02
  -7.3642098e-02  -9.3297397e-02
  -4.0813499e-02  -1.0891000e-01
  -6.5376898e-03  -1.1050700e-01
   2.2809799e-02  -1.0050500e-01
   4.4142199e-02  -8.3830997e-02
   5.7921798e-02  -6.4894998e-02
   6.6168198e-02  -4.5623598e-02
   6.9929298e-02  -2.5831999e-02
   6.8236298e-02  -5.3718698e-03
   5.9325598e-02   1.3859800e-02
   4.3090099e-02   2.7826099e-02
   2.2712099e-02   3.2434099e-02
   3.9992399e-03   2.6322099e-02
  -7.3306698e-03   1.2249300e-02
  -8.5989597e-03  -4.0481199e-03
  -1.3056900e-03  -1.6831099e-02
   1.0289100e-02  -2.3132399e-02
   2.2047199e-02  -2.3476399e-02
   3.2189499e-02  -2.0230999e-02
   4.1352199e-02  -1.5023799e-02
   5.0628998e-02  -7.2805598e-03
   5.9310898e-02   4.9910698e-03
   6.4241198e-02   2.2839199e-02
   6.1436698e-02   4.4353398e-02
   4.8841598e-02   6.4705598e-02
   2.8151799e-02   7.8415097e-02
   4.2792099e-03   8.2311097e-02
  -1.7253499e-02   7.7108797e-02
  -3.3176699e-02   6.6507498e-02
  -4.3617998e-02   5.4528298e-02
  -5.0844798e-02   4.3065999e-02
  -5.6708898e-02   3.1400299e-02
  -6.0822698e-02   1.7881899e-02
  -6.0871698e-02   2.3456199e-03
  -5.4787198e-02  -1.2738700e-02
  -4.3039199e-02  -2.3374099e-02
  -2.9186699e-02  -2.6644899e-02
  -1.8127599e-02  -2.2877099e-02
  -1.3235300e-02  -1.5690299e-02
  -1.4435099e-02  -9.8298797e-03
  -1.8593999e-02  -8.3137197e-03
  -2.1898199e-02  -1.0921400e-02
  -2.2438799e-02  -1.5040599e-02
  -2.1119499e-02  -1.8119299e-02
  -2.0306399e-02  -1.9799599e-02
  -2.1362399e-02  -2.2099599e-02
  -2.3044799e-02  -2.7534799e-02
  -2.2065599e-02  -3.6671399e-02
  -1.5441499e-02  -4.7051698e-02
  -2.8689999e-03  -5.4404198e-02
   1.2694700e-02  -5.5315198e-02
   2.6734799e-02  -4.9417798e-02
   3.5953599e-02  -3.9496599e-02
   4.0107399e-02  -2.9450699e-02
   4.1608799e-02  -2.1642699e-02
   4.3274298e-02  -1.5589699e-02
   4.5973198e-02  -8.9091097e-03
   4.7969998e-02   2.8350199e-04
   4.6437998e-02   1.1420700e-02
   3.9947699e-02   2.1514099e-02
   2.9985399e-02   2.7181099e-02
   2.0286299e-02   2.7143599e-02
   1.4424999e-02   2.3294999e-02
   1.3436800e-02   1.9496699e-02
   1.5231199e-02   1.8970199e-02
   1.6224199e-02   2.2199199e-02
   1.3958400e-02   2.6872399e-02
   8.7579197e-03   2.9853799e-02
   3.2145299e-03   2.9656799e-02
  -4.8688498e-05   2.7538699e-02
  -5.9104398e-04   2.6402099e-02
  -6.3135498e-04   2.8368599e-02
  -3.4072499e-03   3.2901199e-02
  -1.0654900e-02   3.6938599e-02
  -2.1125599e-02   3.6976399e-02
  -3.1280299e-02   3.1551499e-02
  -3.7663799e-02   2.2273399e-02
  -3.9195999e-02   1.2639000e-02
  -3.7687999e-02   5.5279598e-03
  -3.6229999e-02   1.2609700e-03
  -3.6702399e-02  -2.3405199e-03
  -3.8307299e-02  -7.9756897e-03
  -3.8229299e-02  -1.6503099e-02
  -3.3909499e-02  -2.6013899e-02
  -2.5190999e-02  -3.3060299e-02
  -1.4688599e-02  -3.5121599e-02
  -6.0822998e-03  -3.2445599e-02
  -1.6045199e-03  -2.7875899e-02
  -5.9832698e-04  -2.4791399e-02
  -2.1427499e-04  -2.4707899e-02
   2.3016099e-03  -2.6334699e-02
   7.4705397e-03  -2.6773999e-02
   1.3209600e-02  -2.3925499e-02
   1.6494499e-02  -1.8252399e-02
   1.5779999e-02  -1.2558000e-02
   1.2326300e-02  -9.9337896e-03
   9.4119297e-03  -1.1428700e-02
   1.0009100e-02  -1.5203299e-02
   1.4663199e-02  -1.7810099e-02
   2.1157899e-02  -1.6641399e-02
   2.6199599e-02  -1.1711100e-02
   2.7833799e-02  -5.4509298e-03
   2.6767599e-02  -7.1125697e-04
   2.5613199e-02   1.4909799e-03
   2.6654599e-02   2.7504599e-03
   2.9858399e-02   5.9804998e-03
   3.2669099e-02   1.3030200e-02
   3.1771699e-02   2.3026999e-02
   2.5513399e-02   3.2717699e-02
   1.5174999e-02   3.8578099e-02
   4.1416498e-03   3.9131499e-02
  -4.3980098e-03   3.5765599e-02
  -9.5026696e-03   3.1476399e-02
  -1.2765300e-02   2.8525099e-02
  -1.6671199e-02   2.6801299e-02
  -2.2326799e-02   2.4126599e-02
  -2.8326299e-02   1.8243299e-02
  -3.1651499e-02   8.9427597e-03
  -2.9941399e-02  -1.3276299e-03
  -2.3416999e-02  -8.8891097e-03
  -1.4990699e-02  -1.1261900e-02
  -8.4463097e-03  -8.8077597e-03
  -6.0195098e-03  -4.3766898e-03
  -7.1483397e-03  -1.2424700e-03
  -9.2723896e-03  -8.7895997e-04
  -1.0016300e-02  -2.2238499e-03
  -9.0650097e-03  -2.9272099e-03
  -8.2987797e-03  -1.5694799e-03
  -1.0102800e-02   8.9844697e-04
  -1.5170499e-02   1.6383499e-03
  -2.1519099e-02  -1.9979599e-03
  -2.5526899e-02  -1.0354500e-02
  -2.4273199e-02  -2.0927299e-02
  -1.7472199e-02  -2.9833299e-02
  -7.5856197e-03  -3.4231299e-02
   1.9409799e-03  -3.3935199e-02
   8.9870097e-03  -3.1076999e-02
   1.3896299e-02  -2.8150299e-02
   1.8648699e-02  -2.5970999e-02
   2.4769799e-02  -2.3123599e-02
   3.1643899e-02  -1.7304499e-02
   3.6577199e-02  -7.5091697e-03
   3.6614799e-02   4.6522698e-03
   3.0763599e-02   1.5576899e-02
   2.0939999e-02   2.1834199e-02
   1.0900700e-02   2.2307999e-02
   3.9154698e-03   1.8756699e-02
   8.7181697e-04   1.4407099e-02
   1.6161999e-04   1.1655400e-02
  -6.4687797e-04   1.0591500e-02
  -2.6829799e-03   9.4055996e-03
  -4.8388598e-03   6.2922198e-03
  -4.7360598e-03   1.3276999e-03
  -8.3251197e-04  -3.1751099e-03
   5.9772498e-03  -4.1590898e-03
   1.2546800e-02  -6.5166397e-05
   1.5379899e-02   7.8654097e-03
   1.2881799e-02   1.6232899e-02
   6.3153598e-03   2.1622699e-02
  -1.2193600e-03   2.2692199e-02
  -6.9963897e-03   2.0700399e-02
  -1.0412200e-02   1.8155599e-02
  -1.2997499e-02   1.6670699e-02
  -1.6754399e-02   1.5683099e-02
  -2.2155899e-02   1.3015599e-02
  -2.7390799e-02   6.8252897e-03
  -2.9478699e-02  -2.5812799e-03
  -2.6440499e-02  -1.2502100e-02
  -1.8888499e-02  -1.9414799e-02
  -9.8147296e-03  -2.1243799e-02
  -2.7021799e-03  -1.8655999e-02
   6.6958697e-04  -1.4443199e-02
   1.1296600e-03  -1.1469600e-02
   1.1153300e-03  -1.0722800e-02
   2.5783599e-03  -1.0900500e-02
   5.4142798e-03  -9.7842396e-03
   7.6058497e-03  -6.2927897e-03
   6.9477897e-03  -1.6037199e-03
   3.0038999e-03   1.5486399e-03
  -2.2372699e-03   8.8686096e-04
  -5.5577898e-03  -3.6086999e-03
  -4.7002198e-03  -9.4932996e-03
   6.7170297e-05  -1.3436299e-02
   6.1711298e-03  -1.3436699e-02
   1.0569200e-02  -1.0052800e-02
   1.1830900e-02  -5.7673198e-03
   1.0929100e-02  -3.0088199e-03
   1.0198400e-02  -2.3440499e-03
   1.1303500e-02  -2.2022799e-03
   1.3801699e-02  -3.0892299e-04
   1.5413699e-02   4.3016198e-03
   1.3803199e-02   1.0266600e-02
   8.5042697e-03   1.4684999e-02
   1.5113399e-03   1.5154299e-02
  -3.9534498e-03   1.1534400e-02
  -5.6047498e-03   6.1119098e-03
  -3.5973599e-03   2.0314299e-03
  -2.6982799e-04   1.1540100e-03
   1.6521399e-03   2.9207999e-03
   1.0280600e-03   5.0306098e-03
  -1.0226900e-03   5.3698198e-03
  -2.2158499e-03   3.6990098e-03
  -1.0888700e-03   1.8063699e-03
   1.6727199e-03   2.0202099e-03
   3.6115699e-03   5.2331798e-03
   2.3164299e-03   9.9711396e-03
  -2.6859199e-03   1.3253799e-02
  -9.4039596e-03   1.2637899e-02
  -1.4640799e-02   7.9349397e-03
  -1.6122799e-02   1.3313399e-03
  -1.3934299e-02  -4.1668898e-03
  -1.0223100e-02  -6.7961597e-03
  -7.4451997e-03  -7.0743697e-03
  -6.5041797e-03  -7.0790497e-03
  -6.1974497e-03  -8.5666996e-03
  -4.3680298e-03  -1.1408200e-02
   1.4848099e-04  -1.3561799e-02
   6.3036497e-03  -1.2621499e-02
   1.1315900e-02  -7.7692997e-03
   1.2532499e-02  -6.3400497e-04
   9.3002296e-03   5.6249098e-03
   3.4537499e-03   8.3598496e-03
