   5.1000000e+00   5.2995800e-16
   4.8865300e+00   1.2907900e+00
   4.3068800e+00   2.4215400e+00
   3.4698800e+00   3.2910100e+00
   2.4947700e+00   3.8712800e+00
   1.4661900e+00   4.1825500e+00
   4.2685500e-01   4.2474400e+00
  -5.9214200e-01   4.0621700e+00
  -1.5322700e+00   3.6071300e+00
  -2.2952800e+00   2.8876500e+00
  -2.7721400e+00   1.9713100e+00
  -2.8953300e+00   9.8935500e-01
  -2.6774000e+00   9.5868100e-02
  -2.2076700e+00  -5.9007500e-01
  -1.6085200e+00  -1.0212500e+00
  -9.8176000e-01  -1.2155000e+00
  -3.8154400e-01  -1.2146600e+00
   1.7115300e-01  -1.0427800e+00
   6.4915900e-01  -6.9606700e-01
   9.9041900e-01  -1.7104200e-01
   1.1066700e+00   4.9342100e-01
   9.2668800e-01   1.1960100e+00
   4.4379800e-01   1.7952800e+00
  -2.6776100e-01   2.1629200e+00
  -1.0809000e+00   2.2333300e+00
  -1.8696800e+00   2.0168700e+00
  -2.5526300e+00   1.5707700e+00
  -3.0977200e+00   9.5216600e-01
  -3.4912100e+00   1.8939000e-01
  -3.6994800e+00  -7.0803000e-01
  -3.6577300e+00  -1.7112100e+00
  -3.2978600e+00  -2.7388400e+00
  -2.5965000e+00  -3.6593500e+00
  -1.6075200e+00  -4.3324300e+00
  -4.5319300e-01  -4.6638100e+00
   7.2206600e-01  -4.6369100e+00
   1.8045700e+00  -4.3013600e+00
   2.7360400e+00  -3.7294000e+00
   3.4973600e+00  -2.9739600e+00
   4.0692300e+00  -2.0588300e+00
   4.4047600e+00  -1.0055200e+00
   4.4382800e+00   1.2804200e-01
   4.1261900e+00   1.2312200e+00
   3.4892900e+00   2.1649100e+00
   2.6236300e+00   2.8132600e+00
   1.6689000e+00   3.1287700e+00
   7.5425100e-01   3.1402900e+00
  -4.2428100e-02   2.9206100e+00
  -6.9671600e-01   2.5387200e+00
  -1.2051600e+00   2.0318600e+00
  -1.5476600e+00   1.4157900e+00
  -1.6768800e+00   7.2117700e-01
  -1.5449800e+00   2.3689700e-02
  -1.1478700e+00  -5.6058800e-01
  -5.5238200e-01  -9.1604000e-01
   1.1674300e-01  -9.7848000e-01
   7.2430000e-01  -7.6124300e-01
   1.1753100e+00  -3.3894100e-01
   1.4360800e+00   1.9815900e-01
   1.5150700e+00   7.8572100e-01
   1.4227600e+00   1.3942200e+00
   1.1445000e+00   2.0025700e+00
   6.4892600e-01   2.5614500e+00
  -7.4083600e-02   2.9795800e+00
  -9.7596600e-01   3.1483700e+00
  -1.9436300e+00   2.9908300e+00
  -2.8336800e+00   2.5012400e+00
  -3.5256300e+00   1.7475600e+00
  -3.9593200e+00   8.3540600e-01
  -4.1334200e+00  -1.4045100e-01
  -4.0709500e+00  -1.1230700e+00
  -3.7815400e+00  -2.0827200e+00
  -3.2509400e+00  -2.9816900e+00
  -2.4661400e+00  -3.7467800e+00
  -1.4557100e+00  -4.2753300e+00
  -3.1194700e-01  -4.4749300e+00
   8.2586000e-01  -4.3100700e+00
   1.8193700e+00  -3.8226800e+00
   2.5792800e+00  -3.1113900e+00
   3.0824500e+00  -2.2843600e+00
   3.3499100e+00  -1.4184300e+00
   3.4059300e+00  -5.5161700e-01
   3.2512900e+00   2.9047100e-01
   2.8715100e+00   1.0596300e+00
   2.2724100e+00   1.6731700e+00
   1.5134300e+00   2.0385400e+00
   7.0955600e-01   2.0992500e+00
  -4.2669000e-03   1.8693900e+00
  -5.2450800e-01   1.4310800e+00
  -8.1225000e-01   8.9583200e-01
  -8.8768500e-01   3.5645300e-01
  -7.9353700e-01  -1.3803200e-01
  -5.5716000e-01  -5.7023200e-01
  -1.8038000e-01  -9.1947700e-01
   3.3652400e-01  -1.1355400e+00
   9.5762300e-01  -1.1452000e+00
   1.5930000e+00  -8.8984600e-01
   2.1177800e+00  -3.6747600e-01
   2.4191200e+00   3.5231900e-01
   2.4404800e+00   1.1529300e+00
   2.1938900e+00   1.9189000e+00
   1.7344600e+00   2.5750900e+00
   1.1181200e+00   3.0920900e+00
   3.7507500e-01   3.4588500e+00
  -4.8245500e-01   3.6484100e+00
  -1.4268800e+00   3.6068000e+00
  -2.3855900e+00   3.2767500e+00
  -3.2421400e+00   2.6399200e+00
  -3.8724400e+00   1.7460200e+00
  -4.1934000e+00   7.0545800e-01
  -4.1915000e+00  -3.5157300e-01
  -3.9129800e+00  -1.3224600e+00
  -3.4251100e+00  -2.1549700e+00
  -2.7781300e+00  -2.8333600e+00
  -1.9954300e+00  -3.3433800e+00
  -1.0965500e+00  -3.6470800e+00
  -1.3163300e-01  -3.6894700e+00
   8.0348900e-01  -3.4340600e+00
   1.5879400e+00  -2.9004400e+00
   2.1213300e+00  -2.1743300e+00
   2.3639300e+00  -1.3800600e+00
   2.3443700e+00  -6.3230500e-01
   2.1308900e+00   6.7052500e-04
   1.7885600e+00   4.9966100e-01
   1.3533900e+00   8.6584600e-01
   8.4052200e-01   1.0867700e+00
   2.7616700e-01   1.1258300e+00
  -2.7522700e-01   9.4496700e-01
  -7.1411500e-01   5.4354400e-01
  -9.4144700e-01  -1.7168700e-02
  -9.0378300e-01  -6.2509600e-01
  -6.1681300e-01  -1.1592100e+00
  -1.5128600e-01  -1.5349300e+00
   4.0768300e-01  -1.7235000e+00
   9.9835900e-01  -1.7354800e+00
   1.5913200e+00  -1.5848000e+00
   2.1667000e+00  -1.2637400e+00
   2.6815400e+00  -7.4922900e-01
   3.0568000e+00  -3.5854900e-02
   3.1983400e+00   8.3087800e-01
   3.0400000e+00   1.7488500e+00
   2.5789100e+00   2.5892400e+00
   1.8781500e+00   3.2438800e+00
   1.0348100e+00   3.6589800e+00
   1.3656400e-01   3.8344400e+00
  -7.6335400e-01   3.7933300e+00
  -1.6374800e+00   3.5477200e+00
  -2.4531200e+00   3.0882400e+00
  -3.1473400e+00   2.4055200e+00
  -3.6313900e+00   1.5257200e+00
  -3.8252200e+00   5.3060200e-01
  -3.6988600e+00  -4.5672600e-01
  -3.2909400e+00  -1.3140400e+00
  -2.6907400e+00  -1.9629700e+00
  -1.9961400e+00  -2.3848600e+00
  -1.2766100e+00  -2.6014500e+00
  -5.6573400e-01  -2.6382600e+00
   1.1583100e-01  -2.4998800e+00
   7.2897300e-01  -2.1762200e+00
   1.2046300e+00  -1.6734800e+00
   1.4647400e+00  -1.0439200e+00
   1.4625500e+00  -3.8823400e-01
   1.2133900e+00   1.7555400e-01
   7.9285900e-01   5.5758100e-01
   3.0266200e-01   7.2608300e-01
  -1.7256400e-01   7.0293800e-01
  -5.8832400e-01   5.3113300e-01
  -9.3016800e-01   2.4037400e-01
  -1.1827100e+00  -1.6303500e-01
  -1.3055900e+00  -6.7575700e-01
  -1.2382700e+00  -1.2645700e+00
  -9.3270700e-01  -1.8496000e+00
  -3.9047900e-01  -2.3205400e+00
   3.2352600e-01  -2.5780600e+00
   1.1026100e+00  -2.5732700e+00
   1.8411700e+00  -2.3192000e+00
   2.4701500e+00  -1.8682800e+00
   2.9625900e+00  -1.2745100e+00
   3.3097600e+00  -5.6885400e-01
   3.4902200e+00   2.3481700e-01
   3.4591000e+00   1.1106200e+00
   3.1682300e+00   1.9940600e+00
   2.6032000e+00   2.7823900e+00
   1.8095100e+00   3.3661400e+00
   8.8638900e-01   3.6722700e+00
  -4.9228100e-02   3.6899200e+00
  -9.0520500e-01   3.4620900e+00
  -1.6351200e+00   3.0511900e+00
  -2.2264700e+00   2.5045500e+00
  -2.6695500e+00   1.8447000e+00
  -2.9341800e+00   1.0891300e+00
  -2.9747400e+00   2.8088400e-01
  -2.7609600e+00  -4.9746700e-01
  -2.3112700e+00  -1.1413200e+00
  -1.7021900e+00  -1.5641000e+00
  -1.0442300e+00  -1.7330700e+00
  -4.3911000e-01  -1.6765300e+00
   5.3525700e-02  -1.4585400e+00
   4.1898700e-01  -1.1404000e+00
   6.6226600e-01  -7.5689800e-01
   7.7727200e-01  -3.2256400e-01
   7.3649700e-01   1.4015000e-01
   5.1022500e-01   5.7640200e-01
   1.0071700e-01   9.0092400e-01
  -4.3583300e-01   1.0289600e+00
  -9.9864700e-01   9.1617900e-01
  -1.4793200e+00   5.7987800e-01
  -1.8024100e+00   8.6787800e-02
  -1.9433100e+00  -4.8319300e-01
  -1.9138900e+00  -1.0712200e+00
  -1.7304600e+00  -1.6483800e+00
  -1.3906200e+00  -2.1960300e+00
  -8.7791300e-01  -2.6767600e+00
  -1.9045200e-01  -3.0221300e+00
   6.2951900e-01  -3.1505200e+00
   1.4900900e+00  -3.0049700e+00
   2.2758500e+00  -2.5846900e+00
   2.8898900e+00  -1.9477800e+00
   3.2843000e+00  -1.1830800e+00
   3.4600200e+00  -3.7114600e-01
   3.4398600e+00   4.3873500e-01
   3.2375800e+00   1.2216200e+00
   2.8476700e+00   1.9495600e+00
   2.2635300e+00   2.5688300e+00
   1.5088000e+00   3.0030700e+00
   6.5554900e-01   3.1832300e+00
  -1.8777700e-01   3.0841900e+00
  -9.1360200e-01   2.7416000e+00
  -1.4535700e+00   2.2361900e+00
  -1.7930900e+00   1.6563800e+00
  -1.9545100e+00   1.0648600e+00
  -1.9642600e+00   4.9108300e-01
  -1.8301100e+00  -4.8673300e-02
  -1.5456800e+00  -5.2318300e-01
  -1.1175300e+00  -8.7526200e-01
  -5.9164300e-01  -1.0395000e+00
  -5.6157800e-02  -9.7760200e-01
   3.8574000e-01  -7.0589000e-01
   6.5614600e-01  -2.9401600e-01
   7.2936600e-01   1.6522100e-01
   6.2834900e-01   5.9457900e-01
   3.9576100e-01   9.5358500e-01
   6.2797200e-02   1.2301700e+00
  -3.6077000e-01   1.4131900e+00
  -8.6921500e-01   1.4704400e+00
  -1.4318500e+00   1.3520300e+00
  -1.9777000e+00   1.0186800e+00
  -2.4093100e+00   4.7459900e-01
  -2.6391400e+00  -2.2005900e-01
  -2.6248600e+00  -9.6797100e-01
  -2.3798900e+00  -1.6728300e+00
  -1.9536700e+00  -2.2714000e+00
  -1.3976900e+00  -2.7391400e+00
  -7.4281700e-01  -3.0692700e+00
  -3.7201300e-03  -3.2450100e+00
   7.9572600e-01  -3.2291900e+00
   1.5985700e+00  -2.9812700e+00
   2.3144700e+00  -2.4899600e+00
   2.8471800e+00  -1.7965500e+00
   3.1327000e+00  -9.8992400e-01
   3.1625400e+00  -1.7469100e-01
   2.9766500e+00   5.6680600e-01
   2.6328000e+00   1.1936800e+00
   2.1753400e+00   1.6965100e+00
   1.6256900e+00   2.0695600e+00
   9.9932800e-01   2.2894800e+00
   3.3286900e-01   2.3188400e+00
  -3.0286200e-01   2.1328100e+00
  -8.1772600e-01   1.7487800e+00
  -1.1374100e+00   1.2350800e+00
  -1.2353600e+00   6.8993700e-01
  -1.1394900e+00   2.0345800e-01
  -9.0991700e-01  -1.7230900e-01
  -6.0440300e-01  -4.2651200e-01
  -2.5640300e-01  -5.6717100e-01
   1.2005600e-01  -5.9339000e-01
   5.0568700e-01  -4.8527500e-01
   8.5383800e-01  -2.2016000e-01
   1.0915100e+00   1.9737200e-01
   1.1462200e+00   7.1578000e-01
   9.8128800e-01   1.2444100e+00
   6.1494900e-01   1.6861300e+00
   1.0979600e-01   1.9735700e+00
  -4.5952900e-01   2.0855600e+00
  -1.0373300e+00   2.0347300e+00
  -1.5955400e+00   1.8388300e+00
  -2.1168200e+00   1.4994900e+00
  -2.5686300e+00   1.0054400e+00
  -2.8917500e+00   3.5731200e-01
  -3.0154400e+00  -4.0603000e-01
  -2.8906000e+00  -1.2021900e+00
  -2.5178900e+00  -1.9280500e+00
  -1.9505300e+00  -2.4970800e+00
  -1.2694300e+00  -2.8667600e+00
  -5.4818400e-01  -3.0389800e+00
   1.6801600e-01  -3.0361200e+00
   8.5687200e-01  -2.8730700e+00
   1.4948500e+00  -2.5473400e+00
   2.0365200e+00  -2.0544800e+00
   2.4165200e+00  -1.4156300e+00
   2.5756000e+00  -6.9406200e-01
   2.4929500e+00   1.5037400e-02
   2.2015000e+00   6.1730800e-01
   1.7742500e+00   1.0534600e+00
   1.2910200e+00   1.3125700e+00
   8.0826100e-01   1.4174600e+00
   3.5171400e-01   1.3951600e+00
  -6.6133200e-02   1.2560000e+00
  -4.2082400e-01   9.9682600e-01
  -6.6542600e-01   6.2446900e-01
  -7.4548900e-01   1.7948600e-01
  -6.3004600e-01  -2.6096400e-01
  -3.3609100e-01  -6.0668100e-01
   7.2187500e-02  -7.9015400e-01
   5.1010200e-01  -7.9076600e-01
   9.0712800e-01  -6.3198000e-01
   1.2263800e+00  -3.5561800e-01
   1.4577100e+00   6.3923700e-03
   1.5933300e+00   4.4171300e-01
   1.6077500e+00   9.4284500e-01
   1.4599400e+00   1.4815200e+00
   1.1178500e+00   1.9947000e+00
   5.8751000e-01   2.3962800e+00
  -7.5651800e-02   2.6091100e+00
  -7.8317200e-01   2.5964400e+00
  -1.4475200e+00   2.3716700e+00
  -2.0110400e+00   1.9810400e+00
  -2.4515700e+00   1.4731500e+00
  -2.7640500e+00   8.7815000e-01
  -2.9356400e+00   2.1082400e-01
  -2.9356900e+00  -5.0715100e-01
  -2.7301400e+00  -1.2258200e+00
  -2.3101800e+00  -1.8660800e+00
  -1.7130400e+00  -2.3436000e+00
  -1.0180500e+00  -2.6025600e+00
  -3.1849000e-01  -2.6365900e+00
   3.1237700e-01  -2.4828400e+00
   8.3886600e-01  -2.1947100e+00
   1.2543900e+00  -1.8135900e+00
   1.5567100e+00  -1.3597100e+00
   1.7284100e+00  -8.4660600e-01
   1.7391800e+00  -3.0522100e-01
   1.5690100e+00   2.0399300e-01
   1.2343500e+00   6.0364700e-01
   7.9626000e-01   8.3026000e-01
   3.4205400e-01   8.6266000e-01
  -4.8439200e-02   7.2829600e-01
  -3.2984800e-01   4.8355600e-01
  -4.9450100e-01   1.8277700e-01
  -5.5273200e-01  -1.4191500e-01
  -5.0777400e-01  -4.7697200e-01
  -3.4601800e-01  -8.0574900e-01
  -5.0671100e-02  -1.0885500e+00
   3.7189800e-01  -1.2628900e+00
   8.7445900e-01  -1.2667700e+00
   1.3754900e+00  -1.0699000e+00
   1.7879200e+00  -6.9087100e-01
   2.0515800e+00  -1.8805000e-01
   2.1481600e+00   3.6917400e-01
   2.0905900e+00   9.2845300e-01
   1.8973700e+00   1.4628900e+00
   1.5730900e+00   1.9564900e+00
   1.1104500e+00   2.3810600e+00
   5.1182700e-01   2.6854700e+00
  -1.8735800e-01   2.8084200e+00
  -9.1355300e-01   2.7075800e+00
  -1.5749200e+00   2.3846200e+00
  -2.0944500e+00   1.8880500e+00
  -2.4346500e+00   1.2912400e+00
  -2.5982600e+00   6.6109100e-01
  -2.6071200e+00   3.8703000e-02
  -2.4768800e+00  -5.5630600e-01
  -2.2074400e+00  -1.1044900e+00
  -1.7960000e+00  -1.5678100e+00
  -1.2613400e+00  -1.8907000e+00
  -6.5878200e-01  -2.0225900e+00
  -7.1649900e-02  -1.9465400e+00
   4.1756400e-01  -1.6930000e+00
   7.5770200e-01  -1.3280300e+00
   9.4112700e-01  -9.2367000e-01
   9.9090000e-01  -5.3071200e-01
   9.3439100e-01  -1.7160400e-01
   7.8400500e-01   1.4437900e-01
   5.3926900e-01   3.9850800e-01
   2.0728800e-01   5.5262000e-01
  -1.7610500e-01   5.6169400e-01
  -5.4331500e-01   4.0100700e-01
  -8.1547100e-01   8.7945600e-02
  -9.3405200e-01  -3.1838100e-01
  -8.8263500e-01  -7.4070100e-01
  -6.8470500e-01  -1.1146300e+00
  -3.8079200e-01  -1.4065100e+00
  -2.9006300e-03  -1.6077400e+00
   4.3485500e-01  -1.7131700e+00
   9.2376200e-01  -1.7027800e+00
   1.4378900e+00  -1.5429000e+00
   1.9213300e+00  -1.2074200e+00
   2.2980400e+00  -7.0350300e-01
   2.5000300e+00  -8.1912900e-02
   2.4953600e+00   5.7723900e-01
   2.2971300e+00   1.1946900e+00
   1.9483000e+00   1.7181500e+00
   1.4943700e+00   2.1277500e+00
   9.6426300e-01   2.4200300e+00
   3.7241500e-01   2.5854800e+00
  -2.6179600e-01   2.5990300e+00
  -8.9486000e-01   2.4321600e+00
  -1.4578500e+00   2.0780000e+00
  -1.8771300e+00   1.5700100e+00
  -2.1043000e+00   9.7875800e-01
  -2.1349000e+00   3.8718000e-01
  -2.0035100e+00  -1.3980300e-01
  -1.7594800e+00  -5.7130900e-01
  -1.4413700e+00  -9.0332100e-01
  -1.0681600e+00  -1.1366200e+00
  -6.5163000e-01  -1.2589100e+00
  -2.1776600e-01  -1.2460800e+00
   1.8205700e-01  -1.0823100e+00
   4.8163100e-01  -7.8323600e-01
   6.2695800e-01  -4.0348900e-01
   6.0151800e-01  -2.0721900e-02
   4.3214400e-01   2.9432300e-01
   1.7166700e-01   5.0208700e-01
  -1.2886800e-01   5.9747800e-01
  -4.3871100e-01   5.9249000e-01
  -7.4477800e-01   4.9355000e-01
  -1.0326300e+00   2.9214700e-01
  -1.2684800e+00  -2.3698300e-02
  -1.3988000e+00  -4.4632200e-01
  -1.3705700e+00  -9.3252600e-01
  -1.1587600e+00  -1.4090500e+00
  -7.8184400e-01  -1.7979000e+00
  -2.9394400e-01  -2.0452800e+00
   2.4077100e-01  -2.1353500e+00
   7.7344000e-01  -2.0809700e+00
   1.2786000e+00  -1.9008700e+00
   1.7416700e+00  -1.6017300e+00
   2.1383600e+00  -1.1792700e+00
   2.4246400e+00  -6.3698400e-01
   2.5474800e+00  -6.8390100e-03
   2.4703900e+00   6.4578300e-01
   2.1957700e+00   1.2393800e+00
   1.7676300e+00   1.7056900e+00
   1.2522700e+00   2.0118500e+00
   7.1025700e-01   2.1614200e+00
   1.7869000e-01   2.1756600e+00
  -3.2543100e-01   2.0706600e+00
  -7.8639200e-01   1.8482500e+00
  -1.1727300e+00   1.5069200e+00
  -1.4375300e+00   1.0632800e+00
  -1.5379300e+00   5.6556000e-01
  -1.4604100e+00   8.6506200e-02
  -1.2332300e+00  -3.0196700e-01
  -9.1619200e-01  -5.5593900e-01
  -5.7434700e-01  -6.7061600e-01
  -2.5339800e-01  -6.6912900e-01
   2.7090600e-02  -5.7889600e-01
   2.6050500e-01  -4.1392500e-01
   4.3289500e-01  -1.7598900e-01
   5.1353200e-01   1.2759100e-01
   4.6543400e-01   4.6507600e-01
   2.6914100e-01   7.7720100e-01
  -5.7859300e-02   9.9495600e-01
  -4.6120200e-01   1.0675700e+00
  -8.7044000e-01   9.8204900e-01
  -1.2268300e+00   7.6147300e-01
  -1.4996300e+00   4.4471800e-01
  -1.6815200e+00   6.3313600e-02
  -1.7694000e+00  -3.6753300e-01
  -1.7477100e+00  -8.3838200e-01
  -1.5888600e+00  -1.3255900e+00
  -1.2715800e+00  -1.7796700e+00
  -8.0362900e-01  -2.1335600e+00
  -2.3122400e-01  -2.3273800e+00
   3.7337400e-01  -2.3333500e+00
   9.3867400e-01  -2.1641100e+00
   1.4174800e+00  -1.8593500e+00
   1.7922100e+00  -1.4613700e+00
   2.0608400e+00  -9.9756200e-01
   2.2167300e+00  -4.8167400e-01
   2.2396200e+00   6.9226700e-02
   2.1057000e+00   6.1753300e-01
   1.8097200e+00   1.1034700e+00
   1.3816200e+00   1.4630400e+00
   8.8405300e-01   1.6544800e+00
   3.9056200e-01   1.6751100e+00
  -4.1521800e-02   1.5571600e+00
  -3.8569600e-01   1.3462200e+00
  -6.4021200e-01   1.0782000e+00
  -8.0841600e-01   7.7085800e-01
  -8.8236800e-01   4.3442700e-01
  -8.4333100e-01   9.0598000e-02
  -6.7911600e-01  -2.1712900e-01
  -4.0463500e-01  -4.3228200e-01
  -6.8829100e-02  -5.0910900e-01
   2.5918800e-01  -4.3504100e-01
   5.1668300e-01  -2.3614400e-01
   6.6913000e-01   3.8173900e-02
   7.1347400e-01   3.4006500e-01
   6.6280700e-01   6.4020000e-01
   5.2592200e-01   9.2596800e-01
   2.9837000e-01   1.1847900e+00
  -2.7952500e-02   1.3878700e+00
  -4.4453100e-01   1.4893900e+00
  -9.1197300e-01   1.4439000e+00
  -1.3645300e+00   1.2307500e+00
  -1.7323900e+00   8.6788900e-01
  -1.9675000e+00   4.0523000e-01
  -2.0561000e+00  -9.8192600e-02
  -2.0108000e+00  -5.9708600e-01
  -1.8501600e+00  -1.0676200e+00
  -1.5822500e+00  -1.4966900e+00
  -1.2050700e+00  -1.8635400e+00
  -7.2270700e-01  -2.1303900e+00
  -1.6379700e-01  -2.2514800e+00
   4.1381700e-01  -2.1954300e+00
   9.3808100e-01  -1.9651100e+00
   1.3487200e+00  -1.6003400e+00
   1.6171600e+00  -1.1608900e+00
   1.7477300e+00  -7.0136300e-01
   1.7610900e+00  -2.5505400e-01
   1.6735700e+00   1.6352800e-01
   1.4885400e+00   5.4202600e-01
   1.2055500e+00   8.5477200e-01
   8.3923100e-01   1.0624800e+00
   4.3155600e-01   1.1291000e+00
   4.5894600e-02   1.0441200e+00
  -2.5520300e-01   8.3382800e-01
  -4.3420200e-01   5.5243100e-01
  -4.8872000e-01   2.5869200e-01
  -4.4175200e-01  -6.2312300e-03
  -3.2050100e-01  -2.2526300e-01
  -1.4015300e-01  -3.9394700e-01
   9.5690400e-02  -5.0226500e-01
   3.7955100e-01  -5.2572500e-01
   6.8325600e-01  -4.3414200e-01
   9.5479400e-01  -2.1243100e-01
   1.1337400e+00   1.2208900e-01
   1.1759900e+00   5.1952000e-01
   1.0713100e+00   9.1572200e-01
   8.4204000e-01   1.2571500e+00
   5.2512300e-01   1.5157700e+00
   1.5116000e-01   1.6853100e+00
  -2.6412100e-01   1.7642600e+00
  -7.1097100e-01   1.7406800e+00
  -1.1679900e+00   1.5920300e+00
  -1.5915100e+00   1.3009400e+00
  -1.9224900e+00   8.7538200e-01
  -2.1082600e+00   3.5716400e-01
  -2.1247100e+00  -1.8878300e-01
  -1.9839000e+00  -6.9823400e-01
  -1.7223400e+00  -1.1288400e+00
  -1.3791600e+00  -1.4652200e+00
  -9.8003600e-01  -1.7066900e+00
  -5.3780200e-01  -1.8491000e+00
  -6.7275800e-02  -1.8762900e+00
   3.9928900e-01  -1.7685800e+00
   8.1031500e-01  -1.5220100e+00
   1.1104500e+00  -1.1633500e+00
   1.2638900e+00  -7.4812900e-01
   1.2695300e+00  -3.4141900e-01
   1.1574700e+00   6.2900100e-03
   9.6987600e-01   2.7242800e-01
   7.4013800e-01   4.5720200e-01
   4.8489200e-01   5.6607700e-01
   2.1302400e-01   5.9479000e-01
  -5.7440200e-02   5.2919500e-01
  -2.8978600e-01   3.6023800e-01
  -4.3597000e-01   1.0215100e-01
  -4.5735200e-01  -2.0115300e-01
  -3.4466500e-01  -4.8811000e-01
  -1.2305500e-01  -7.0304100e-01
   1.6139000e-01  -8.1575900e-01
   4.6393800e-01  -8.2478100e-01
   7.5673600e-01  -7.4380900e-01
   1.0276800e+00  -5.8330100e-01
   1.2657600e+00  -3.4197000e-01
   1.4464700e+00  -1.4772200e-02
   1.5305100e+00   3.8932100e-01
   1.4789400e+00   8.3452400e-01
   1.2746500e+00   1.2619400e+00
   9.3482900e-01   1.6091700e+00
   5.0522800e-01   1.8333400e+00
   3.9893800e-02   1.9225300e+00
  -4.1946900e-01   1.8889300e+00
  -8.5082200e-01   1.7506500e+00
  -1.2425500e+00   1.5166700e+00
  -1.5770900e+00   1.1866400e+00
  -1.8222400e+00   7.6490900e-01
  -1.9386400e+00   2.7689800e-01
  -1.8993500e+00  -2.2644600e-01
  -1.7076000e+00  -6.8165700e-01
  -1.3993500e+00  -1.0357400e+00
  -1.0283600e+00  -1.2640800e+00
  -6.4373100e-01  -1.3717000e+00
  -2.7517300e-01  -1.3786600e+00
   6.5106500e-02  -1.3014000e+00
   3.6772100e-01  -1.1444900e+00
   6.1206800e-01  -9.0837600e-01
   7.6554200e-01  -6.0594900e-01
   7.9806400e-01  -2.7367300e-01
   7.0177700e-01   3.3324900e-02
   5.0116500e-01   2.6074300e-01
   2.4542000e-01   3.7662300e-01
  -1.2334500e-02   3.8057800e-01
  -2.3499100e-01   2.9526200e-01
  -4.0760600e-01   1.4741800e-01
  -5.2743300e-01  -4.6986900e-02
  -5.8763500e-01  -2.8289800e-01
  -5.6890400e-01  -5.5276500e-01
  -4.4675000e-01  -8.3153300e-01
  -2.0967500e-01  -1.0735200e+00
   1.2541900e-01  -1.2257800e+00
   5.1285900e-01  -1.2499500e+00
   8.9435100e-01  -1.1379700e+00
   1.2211900e+00  -9.1122600e-01
   1.4678300e+00  -6.0448900e-01
   1.6289100e+00  -2.4709500e-01
   1.7041700e+00   1.4517800e-01
   1.6846200e+00   5.6262000e-01
   1.5518500e+00   9.8602700e-01
   1.2917100e+00   1.3770000e+00
   9.1202900e-01   1.6837100e+00
   4.5045000e-01   1.8599200e+00
  -3.4922900e-02   1.8847600e+00
  -4.8662100e-01   1.7696600e+00
  -8.6686000e-01   1.5481400e+00
  -1.1623900e+00   1.2562200e+00
  -1.3737400e+00   9.1778900e-01
  -1.4989100e+00   5.4464800e-01
  -1.5253200e+00   1.4948800e-01
  -1.4368200e+00  -2.4025000e-01
  -1.2305900e+00  -5.8030400e-01
  -9.3053800e-01  -8.2300900e-01
  -5.8580300e-01  -9.3789800e-01
  -2.5390600e-01  -9.2526400e-01
   2.0796500e-02  -8.1326200e-01
   2.1921500e-01  -6.4089700e-01
   3.4319100e-01  -4.3923500e-01
   3.9988700e-01  -2.2385700e-01
   3.8808500e-01  -2.5185600e-03
   2.9752700e-01   2.0985500e-01
   1.2182500e-01   3.8235500e-01
  -1.2543900e-01   4.7418800e-01
  -4.0481800e-01   4.5281000e-01
  -6.6143400e-01   3.1165700e-01
  -8.4581900e-01   7.4805900e-02
  -9.3152400e-01  -2.1488100e-01
  -9.1824000e-01  -5.1572300e-01
  -8.1988500e-01  -8.0139700e-01
  -6.4798800e-01  -1.0603500e+00
  -4.0366200e-01  -1.2829500e+00
  -8.4219200e-02  -1.4483200e+00
   3.0124700e-01  -1.5227900e+00
   7.2037200e-01  -1.4729500e+00
   1.1205300e+00  -1.2845700e+00
   1.4460500e+00  -9.7389500e-01
   1.6587800e+00  -5.8263700e-01
   1.7484000e+00  -1.6004100e-01
   1.7266400e+00   2.5573600e-01
   1.6109500e+00   6.4453200e-01
   1.4108600e+00   9.9623400e-01
   1.1272100e+00   1.2962000e+00
   7.6434700e-01   1.5171300e+00
   3.4467900e-01   1.6253300e+00
  -8.7124500e-02   1.5978100e+00
  -4.7537000e-01   1.4380300e+00
  -7.7367700e-01   1.1784500e+00
  -9.6100900e-01   8.6734800e-01
  -1.0430600e+00   5.4878700e-01
  -1.0392700e+00   2.4917500e-01
  -9.6604200e-01  -2.1363500e-02
  -8.2895300e-01  -2.5602700e-01
  -6.2917300e-01  -4.3859600e-01
  -3.7808900e-01  -5.4227400e-01
  -1.0735700e-01  -5.4218900e-01
   1.3511200e-01  -4.3276900e-01
   3.0223600e-01  -2.3686200e-01
   3.6688500e-01   8.6046800e-04
   3.3027400e-01   2.3233800e-01
   2.1451600e-01   4.2407100e-01
   4.5666300e-02   5.6292900e-01
  -1.5987600e-01   6.4749200e-01
  -3.9596000e-01   6.7345300e-01
  -6.5505200e-01   6.2577600e-01
  -9.1485200e-01   4.8469700e-01
  -1.1352200e+00   2.4161400e-01
  -1.2697200e+00  -8.7203400e-02
  -1.2849400e+00  -4.6008400e-01
  -1.1745600e+00  -8.2417500e-01
  -9.5877900e-01  -1.1352700e+00
  -6.7011300e-01  -1.3701700e+00
  -3.3636300e-01  -1.5243200e+00
   2.7015100e-02  -1.5984400e+00
   4.1062700e-01  -1.5859300e+00
   7.9740000e-01  -1.4718400e+00
   1.1537300e+00  -1.2445900e+00
   1.4342600e+00  -9.1170600e-01
   1.5985200e+00  -5.0688300e-01
   1.6285100e+00  -8.1930200e-02
   1.5350700e+00   3.1193400e-01
   1.3488900e+00   6.4118600e-01
   1.1030400e+00   8.9459900e-01
   8.1960800e-01   1.0738100e+00
   5.0933700e-01   1.1786900e+00
   1.8295000e-01   1.1997100e+00
  -1.3639900e-01   1.1238300e+00
  -4.1092400e-01   9.4921000e-01
  -5.9978200e-01   6.9719300e-01
  -6.7722800e-01   4.1126000e-01
  -6.4477800e-01   1.4220200e-01
  -5.2879100e-01  -7.1068200e-02
  -3.6537000e-01  -2.1249900e-01
  -1.8342000e-01  -2.8525400e-01
   2.4519300e-03  -2.9779500e-01
   1.8543400e-01  -2.5137800e-01
   3.5319300e-01  -1.3899100e-01
   4.7976200e-01   4.3523300e-02
   5.3055100e-01   2.8322700e-01
   4.7819700e-01   5.4466300e-01
   3.1831200e-01   7.7888000e-01
   7.3771700e-02   9.4189400e-01
  -2.1570800e-01   1.0104800e+00
  -5.1143200e-01   9.8516899e-01
  -7.8866000e-01   8.7978900e-01
  -1.0364500e+00   7.0645700e-01
  -1.2463900e+00   4.6804500e-01
  -1.4007300e+00   1.6363100e-01
  -1.4706100e+00  -1.9784500e-01
  -1.4273500e+00  -5.8726500e-01
  -1.2591200e+00  -9.5774199e-01
  -9.8106199e-01  -1.2597500e+00
  -6.3103300e-01  -1.4593900e+00
  -2.5369900e-01  -1.5478300e+00
   1.1624100e-01  -1.5363000e+00
   4.6053000e-01  -1.4415000e+00
   7.7053800e-01  -1.2732000e+00
   1.0342600e+00  -1.0331000e+00
   1.2287600e+00  -7.2541500e-01
   1.3253500e+00  -3.6972400e-01
   1.3045100e+00  -5.0419500e-03
   1.1699100e+00   3.1993700e-01
   9.5083599e-01   5.6479200e-01
   6.9061700e-01   7.1173400e-01
   4.2872600e-01   7.6702900e-01
   1.8858100e-01   7.4950600e-01
  -2.1540500e-02   6.7543300e-01
  -1.9704200e-01   5.5116700e-01
  -3.2545400e-01   3.7850600e-01
  -3.8498600e-01   1.6754100e-01
  -3.5527300e-01  -5.4240000e-02
  -2.3268700e-01  -2.4522000e-01
  -3.8551000e-02  -3.6460000e-01
   1.8654100e-01  -3.8940000e-01
   3.9908600e-01  -3.2207200e-01
   5.6880800e-01  -1.8400400e-01
   6.8411700e-01  -3.6266700e-04
   7.4459300e-01   2.1233600e-01
   7.4791300e-01   4.4716600e-01
   6.8252200e-01   6.9670800e-01
   5.3255200e-01   9.4111899e-01
   2.9169900e-01   1.1451200e+00
  -2.4577400e-02   1.2679900e+00
  -3.7840100e-01   1.2805600e+00
  -7.2198100e-01   1.1779100e+00
  -1.0153100e+00   9.7894399e-01
  -1.2374200e+00   7.1384100e-01
  -1.3844800e+00   4.0870100e-01
  -1.4579900e+00   7.8381000e-02
  -1.4533200e+00  -2.6824900e-01
  -1.3583800e+00  -6.1616900e-01
  -1.1637100e+00  -9.3613799e-01
  -8.7638999e-01  -1.1886000e+00
  -5.2644400e-01  -1.3382700e+00
  -1.5990700e-01  -1.3697100e+00
   1.7774100e-01  -1.2931900e+00
   4.5692600e-01  -1.1368000e+00
   6.6830700e-01  -9.3085999e-01
   8.1452100e-01  -6.9568500e-01
   8.9701899e-01  -4.4098400e-01
   9.0895399e-01  -1.7570700e-01
   8.3994199e-01   8.0771100e-02
   6.8900100e-01   2.9636200e-01
   4.7523500e-01   4.3622900e-01
   2.3711100e-01   4.7878900e-01
   1.9459100e-02   4.2658800e-01
  -1.4360900e-01   3.0431400e-01
  -2.3866100e-01   1.4539000e-01
  -2.6988200e-01  -2.3292200e-02
  -2.4667000e-01  -1.8802500e-01
  -1.7223700e-01  -3.4277700e-01
  -4.2240800e-02  -4.7737300e-01
   1.4564800e-01  -5.7002300e-01
   3.7915100e-01  -5.9142500e-01
   6.2638800e-01  -5.1859500e-01
   8.4368999e-01  -3.4885000e-01
   9.9191999e-01  -1.0375600e-01
   1.0506400e+00   1.8003100e-01
   1.0209800e+00   4.6673600e-01
   9.1642699e-01   7.3324800e-01
   7.4930200e-01   9.6929199e-01
   5.2371400e-01   1.1675600e+00
   2.4001700e-01   1.3130000e+00
  -9.3214099e-02   1.3809200e+00
  -4.4993000e-01   1.3467000e+00
  -7.8850499e-01   1.2004800e+00
  -1.0650000e+00   9.5621799e-01
  -1.2494200e+00   6.4816000e-01
  -1.3342800e+00   3.1664000e-01
  -1.3302900e+00  -6.9601700e-03
  -1.2533900e+00  -3.0627400e-01
  -1.1133800e+00  -5.7410300e-01
  -9.1258599e-01  -8.0081299e-01
  -6.5495700e-01  -9.6734799e-01
  -3.5753200e-01  -1.0494300e+00
  -5.4240800e-02  -1.0306100e+00
   2.1248500e-01  -9.1473599e-01
   4.0756300e-01  -7.2825100e-01
   5.1611300e-01  -5.1003200e-01
   5.4487900e-01  -2.9542100e-01
   5.1206400e-01  -1.0514500e-01
   4.3370200e-01   5.4117100e-02
   3.1676000e-01   1.7961200e-01
   1.6356500e-01   2.6203700e-01
  -1.6898400e-02   2.8387900e-01
  -2.0074600e-01   2.2863500e-01
  -3.5182400e-01   9.4297899e-02
  -4.3478700e-01  -9.9245199e-02
  -4.3018700e-01  -3.1510400e-01
  -3.4138600e-01  -5.1389000e-01
  -1.8889200e-01  -6.6821500e-01
   3.1933100e-03  -7.6780599e-01
   2.1851200e-01  -8.1297999e-01
   4.4964900e-01  -8.0293999e-01
   6.8940000e-01  -7.2894599e-01
   9.2013199e-01  -5.7831500e-01
   1.1108600e+00  -3.4653400e-01
   1.2258600e+00  -4.8115900e-02
   1.2396900e+00   2.8265000e-01
   1.1484900e+00   6.0269000e-01
   9.6982799e-01   8.7592599e-01
   7.3155499e-01   1.0834800e+00
   4.5797100e-01   1.2222200e+00
   1.6313200e-01   1.2942700e+00
  -1.4476000e-01   1.2966400e+00
  -4.5264100e-01   1.2196200e+00
  -7.3522299e-01   1.0555000e+00
  -9.5816499e-01   8.1084399e-01
  -1.0908100e+00   5.1230100e-01
  -1.1200500e+00   2.0064700e-01
  -1.0556300e+00  -8.3872399e-02
  -9.2324399e-01  -3.1530600e-01
  -7.5064999e-01  -4.8604800e-01
  -5.5651300e-01  -5.9960600e-01
  -3.4955500e-01  -6.5877900e-01
  -1.3715700e-01  -6.5899700e-01
   6.4595900e-02  -5.9220400e-01
   2.2859400e-01  -4.5816300e-01
   3.2526000e-01  -2.7400400e-01
   3.3663500e-01  -7.3777099e-02
   2.6611400e-01   1.0294200e-01
   1.3680700e-01   2.2625600e-01
  -2.0355200e-02   2.8496400e-01
  -1.8036200e-01   2.8399300e-01
  -3.3034600e-01   2.3335600e-01
  -4.6492400e-01   1.3775600e-01
  -5.7570200e-01  -4.9973100e-03
  -6.4441700e-01  -1.9576900e-01
  -6.4624900e-01  -4.2296400e-01
  -5.6189800e-01  -6.5794000e-01
  -3.8998600e-01  -8.6174299e-01
  -1.5068600e-01  -9.9954399e-01
   1.2231500e-01  -1.0533300e+00
   3.9608700e-01  -1.0246300e+00
   6.4917500e-01  -9.2641399e-01
   8.7203199e-01  -7.7092399e-01
   1.0583600e+00  -5.6308200e-01
   1.1954700e+00  -3.0413000e-01
   1.2622800e+00  -2.1099000e-03
   1.2376600e+00   3.1981100e-01
   1.1133700e+00   6.2481600e-01
   9.0224599e-01   8.7405299e-01
   6.3510000e-01   1.0411000e+00
   3.4823600e-01   1.1196900e+00
   6.9895199e-02   1.1200700e+00
  -1.8538900e-01   1.0573900e+00
  -4.1176800e-01   9.4135899e-01
  -6.0173000e-01   7.7474099e-01
  -7.3963299e-01   5.6118500e-01
  -8.0509399e-01   3.1543700e-01
  -7.8438999e-01   6.6908899e-02
  -6.8151599e-01  -1.4753900e-01
  -5.2037300e-01  -2.9757700e-01
  -3.3585200e-01  -3.7089400e-01
  -1.5959600e-01  -3.7461000e-01
  -9.9399699e-03  -3.2627900e-01
   1.0779300e-01  -2.4161000e-01
   1.9235700e-01  -1.2802300e-01
   2.3708800e-01   1.1718200e-02
   2.2808800e-01   1.6956900e-01
   1.5213200e-01   3.2475500e-01
   8.5317299e-03   4.4585700e-01
  -1.8419800e-01   5.0224000e-01
  -3.9254700e-01   4.7745000e-01
  -5.8085700e-01   3.7547300e-01
  -7.2434499e-01   2.1580300e-01
  -8.1386999e-01   2.1338200e-02
  -8.5027999e-01  -1.9195500e-01
  -8.3393199e-01  -4.1642700e-01
  -7.5834199e-01  -6.4518099e-01
  -6.1341699e-01  -8.6258999e-01
  -3.9601200e-01  -1.0414800e+00
  -1.1960300e-01  -1.1505300e+00
   1.8490800e-01  -1.1675300e+00
   4.7882900e-01  -1.0894900e+00
   7.2974399e-01  -9.3263199e-01
   9.2076399e-01  -7.2251299e-01
   1.0494200e+00  -4.8160300e-01
   1.1183600e+00  -2.2303300e-01
   1.1259400e+00   4.5755200e-02
   1.0644600e+00   3.1353500e-01
   9.2767799e-01   5.5858700e-01
   7.2160599e-01   7.5124099e-01
   4.6982900e-01   8.6499799e-01
   2.0836600e-01   8.8882399e-01
  -2.7279700e-02   8.3198099e-01
  -2.1444500e-01   7.1801899e-01
  -3.4709400e-01   5.7232200e-01
  -4.2947400e-01   4.1201800e-01
  -4.6549900e-01   2.4492500e-01
  -4.5253800e-01   7.7069099e-02
  -3.8454200e-01  -7.8304099e-02
  -2.6192100e-01  -1.9840100e-01
  -1.0007300e-01  -2.5821300e-01
   7.0834699e-02  -2.4291400e-01
   2.1585100e-01  -1.5656400e-01
   3.0876000e-01  -2.0764700e-02
   3.4023700e-01   1.3587900e-01
   3.1570800e-01   2.9013100e-01
   2.4551300e-01   4.2991900e-01
   1.3544200e-01   5.5040100e-01
  -1.4999300e-02   6.4465799e-01
  -2.0554100e-01   6.9738799e-01
  -4.2530400e-01   6.8756999e-01
  -6.4858599e-01   5.9898799e-01
  -8.4066699e-01   4.3122800e-01
  -9.7055799e-01   2.0302300e-01
  -1.0223700e+00  -5.4807600e-02
  -9.9789599e-01  -3.1209100e-01
  -9.0946699e-01  -5.4904200e-01
  -7.6903299e-01  -7.5688699e-01
  -5.8200399e-01  -9.3027299e-01
  -3.5019500e-01  -1.0585700e+00
  -8.1015299e-02  -1.1238600e+00
   2.0506300e-01  -1.1080300e+00
   4.7560800e-01  -1.0042100e+00
   6.9639399e-01  -8.2411199e-01
   8.4424699e-01  -5.9540299e-01
   9.1405199e-01  -3.5065100e-01
   9.1559299e-01  -1.1515600e-01
   8.6325099e-01   9.8284299e-02
   7.6656799e-01   2.8507100e-01
   6.2861399e-01   4.3957200e-01
   4.5273800e-01   5.4913399e-01
   2.5164900e-01   5.9680299e-01
   5.0767700e-02   5.7125499e-01
  -1.1797000e-01   4.7661100e-01
  -2.2843200e-01   3.3450900e-01
  -2.7055700e-01   1.7628100e-01
  -2.5172600e-01   3.0265500e-02
  -1.8880900e-01  -8.7305299e-02
  -9.7109399e-02  -1.7224100e-01
   1.5646800e-02  -2.2449600e-01
   1.4634500e-01  -2.3956600e-01
   2.8774800e-01  -2.0658500e-01
   4.2176300e-01  -1.1507200e-01
   5.2106600e-01   3.4613600e-02
   5.5908699e-01   2.2528800e-01
   5.2189200e-01   4.2653900e-01
   4.1385000e-01   6.0610699e-01
   2.5334200e-01   7.4157099e-01
   6.1953099e-02   8.2478199e-01
  -1.4493200e-01   8.5695799e-01
  -3.5964200e-01   8.3931199e-01
  -5.7567599e-01   7.6716199e-01
  -7.7924199e-01   6.3250399e-01
  -9.4655799e-01   4.3322500e-01
  -1.0502000e+00   1.8170200e-01
  -1.0707900e+00  -9.4334899e-02
  -1.0060400e+00  -3.6025800e-01
  -8.7085699e-01  -5.8705999e-01
  -6.8860199e-01  -7.5972999e-01
  -4.7992900e-01  -8.7643299e-01
  -2.5697400e-01  -9.4025899e-01
  -2.6378500e-02  -9.5068099e-01
   2.0233600e-01  -9.0172199e-01
   4.1065300e-01  -7.8836399e-01
   5.7307399e-01  -6.1608199e-01
   6.6681199e-01  -4.0569600e-01
   6.8269399e-01  -1.8895600e-01
   6.2954999e-01   2.8974200e-03
   5.2897399e-01   1.5016300e-01
   4.0419300e-01   2.4819400e-01
   2.7091600e-01   3.0184400e-01
   1.3615600e-01   3.1592500e-01
   4.7861100e-03   2.8943400e-01
  -1.1237100e-01   2.1803800e-01
  -1.9623500e-01   1.0270100e-01
  -2.2574100e-01  -4.2700000e-02
  -1.8874100e-01  -1.9141300e-01
  -8.9781399e-02  -3.1254900e-01
   5.0985499e-02  -3.8309800e-01
   2.0714500e-01  -3.9530200e-01
   3.5714600e-01  -3.5487000e-01
   4.8967399e-01  -2.7222700e-01
   6.0035599e-01  -1.5390200e-01
   6.8348699e-01  -6.9893799e-04
   7.2626099e-01   1.8626800e-01
   7.1086799e-01   3.9686600e-01
   6.2366499e-01   6.0808099e-01
   4.6492900e-01   7.8900499e-01
   2.5193000e-01   9.1208899e-01
   1.2737400e-02   9.6331799e-01
  -2.2513000e-01   9.4465499e-01
  -4.4355000e-01   8.6772599e-01
  -6.3455499e-01   7.4403699e-01
  -7.9367699e-01   5.7923799e-01
  -9.1211499e-01   3.7548600e-01
  -9.7469399e-01   1.3949200e-01
  -9.6594299e-01  -1.1076600e-01
  -8.8017099e-01  -3.4684200e-01
  -7.2800799e-01  -5.3870199e-01
  -5.3424599e-01  -6.6612699e-01
  -3.2802600e-01  -7.2504999e-01
  -1.3193100e-01  -7.2484599e-01
   4.2858100e-02  -6.7914799e-01
   1.9287300e-01  -5.9727499e-01
   3.1412000e-01  -4.8251099e-01
   3.9655300e-01  -3.3792500e-01
   4.2621300e-01  -1.7444300e-01
   3.9387700e-01  -1.3983200e-02
   3.0377100e-01   1.1584600e-01
   1.7551200e-01   1.9259400e-01
   3.7262100e-02   2.0814000e-01
  -8.5581999e-02   1.7001100e-01
  -1.7863400e-01   9.4357599e-02
  -2.3862800e-01  -4.0061800e-03
  -2.6644400e-01  -1.1718100e-01
  -2.5932300e-01  -2.4178800e-01
  -2.0890300e-01  -3.7129000e-01
  -1.0698400e-01  -4.8990999e-01
   4.5283199e-02  -5.7386899e-01
   2.3200500e-01  -6.0010199e-01
   4.2562700e-01  -5.5678799e-01
   5.9699999e-01  -4.4848000e-01
   7.2585699e-01  -2.9238000e-01
   8.0492799e-01  -1.0868700e-01
   8.3568899e-01   8.7946499e-02
   8.1997799e-01   2.9000700e-01
   7.5453899e-01   4.9145799e-01
   6.3305399e-01   6.8019499e-01
   4.5416799e-01   8.3546499e-01
   2.2914400e-01   9.3330999e-01
  -1.7248800e-02   9.5684899e-01
  -2.5413300e-01   9.0436699e-01
  -4.5565999e-01   7.8951299e-01
  -6.0858799e-01   6.3358299e-01
  -7.1168499e-01   4.5546799e-01
  -7.6841599e-01   2.6628700e-01
  -7.7919699e-01   7.1879999e-02
  -7.3950899e-01  -1.1978900e-01
  -6.4537399e-01  -2.9306100e-01
  -5.0177799e-01  -4.2614400e-01
  -3.2706700e-01  -4.9955399e-01
  -1.4917800e-01  -5.0577599e-01
   4.4544999e-03  -4.5325099e-01
   1.1676800e-01  -3.6179400e-01
   1.8432500e-01  -2.5267400e-01
   2.1244400e-01  -1.4030500e-01
   2.0663700e-01  -3.0989500e-02
   1.6724300e-01   7.1362599e-02
   9.1381499e-02   1.5797200e-01
  -1.9522200e-02   2.1293200e-01
  -1.5293700e-01   2.1855600e-01
  -2.8511400e-01   1.6496300e-01
  -3.8873400e-01   5.7019799e-02
  -4.4357599e-01  -8.6528799e-02
  -4.4317399e-01  -2.4133800e-01
  -3.9334800e-01  -3.8746000e-01
  -3.0440200e-01  -5.1432499e-01
  -1.8331500e-01  -6.1796799e-01
  -3.1846100e-02  -6.9370099e-01
   1.4829400e-01  -7.3081299e-01
   3.4774900e-01  -7.1421099e-01
   5.4596899e-01  -6.3240299e-01
   7.1548799e-01  -4.8613599e-01
   8.3185399e-01  -2.9122200e-01
   8.8272499e-01  -7.3116199e-02
   8.7015699e-01   1.4320200e-01
   8.0505499e-01   3.4124300e-01
   6.9838499e-01   5.1386199e-01
   5.5585399e-01   6.5742399e-01
   3.7978800e-01   7.6474599e-01
   1.7617800e-01   8.2306199e-01
  -3.9287900e-02   8.1921499e-01
  -2.4176600e-01   7.4851399e-01
  -4.0500800e-01   6.2060599e-01
  -5.1147099e-01   4.5766499e-01
  -5.5804299e-01   2.8571600e-01
  -5.5371999e-01   1.2485700e-01
  -5.1142099e-01  -1.5208100e-02
  -4.4020799e-01  -1.3201300e-01
  -3.4351500e-01  -2.2297400e-01
  -2.2416300e-01  -2.8029100e-01
  -9.1529199e-02  -2.9260700e-01
   3.5518200e-02  -2.5253000e-01
   1.3315200e-01  -1.6435700e-01
   1.8213000e-01  -4.5899699e-02
   1.7598000e-01   7.7510399e-02
   1.2226700e-01   1.8309100e-01
   3.6374800e-02   2.5806700e-01
  -6.7440299e-02   2.9991700e-01
  -1.8123200e-01   3.1021100e-01
  -3.0144200e-01   2.8756800e-01
  -4.2215199e-01   2.2567800e-01
  -5.2959199e-01   1.1820600e-01
  -6.0305499e-01  -3.3124200e-02
  -6.2249799e-01  -2.1368000e-01
  -5.7787099e-01  -3.9854899e-01
  -4.7375599e-01  -5.6143599e-01
  -3.2613700e-01  -6.8405599e-01
  -1.5378800e-01  -7.5992999e-01
   2.9480600e-02  -7.9071399e-01
   2.1645300e-01  -7.7868899e-01
   4.0161399e-01  -7.2173199e-01
   5.7440999e-01  -6.1488299e-01
   7.1680599e-01  -4.5733299e-01
   8.0792299e-01  -2.5924200e-01
   8.3309899e-01  -4.2639899e-02
   7.9110199e-01   1.6504100e-01
   6.9440699e-01   3.4086900e-01
   5.6237399e-01   4.7324999e-01
   4.1222199e-01   5.6151999e-01
   2.5407100e-01   6.0946499e-01
   9.2989599e-02   6.1828999e-01
  -6.4461399e-02   5.8472299e-01
  -2.0515300e-01   5.0568099e-01
  -3.1056800e-01   3.8570399e-01
  -3.6414700e-01   2.4094700e-01
  -3.5984100e-01   9.5965599e-02
  -3.0572800e-01  -2.5186500e-02
  -2.2001000e-01  -1.0777600e-01
  -1.2217400e-01  -1.4939200e-01
  -2.5455900e-02  -1.5568800e-01
   6.4458399e-02  -1.3268800e-01
   1.4445000e-01  -8.1810999e-02
   2.0745000e-01  -1.3873200e-03
   2.4024200e-01   1.0678700e-01
   2.2801600e-01   2.3137900e-01
   1.6278700e-01   3.5129100e-01
   4.9593099e-02   4.4233999e-01
  -9.4191499e-02   4.8673199e-01
  -2.4618600e-01   4.7906699e-01
  -3.8797999e-01   4.2512799e-01
  -5.0973199e-01   3.3494600e-01
  -6.0785499e-01   2.1570100e-01
  -6.7851099e-01   6.9826699e-02
  -7.1276099e-01  -1.0058300e-01
  -6.9781799e-01  -2.8696400e-01
  -6.2397999e-01  -4.7103299e-01
  -4.9229999e-01  -6.2844199e-01
  -3.1716400e-01  -7.3753299e-01
  -1.2155900e-01  -7.8746399e-01
   7.1942299e-02  -7.8034899e-01
   2.4843400e-01  -7.2637299e-01
   4.0159599e-01  -6.3590999e-01
   5.2857099e-01  -5.1459699e-01
   6.2360799e-01  -3.6480999e-01
   6.7605999e-01  -1.9182800e-01
   6.7479899e-01  -9.2549699e-03
   6.1600699e-01   1.6130200e-01
   5.0843699e-01   2.9699500e-01
   3.7190199e-01   3.8269399e-01
   2.2961300e-01   4.1614499e-01
   9.9417299e-02   4.0598799e-01
  -1.0309800e-02   3.6446599e-01
  -9.7966799e-02   3.0035600e-01
  -1.6216200e-01   2.1719600e-01
  -1.9701200e-01   1.1759500e-01
  -1.9340200e-01   9.5986599e-03
  -1.4551500e-01  -9.0567699e-02
  -5.7684399e-02  -1.6236200e-01
   5.3898999e-02  -1.8932100e-01
   1.6643400e-01  -1.6635400e-01
   2.5946500e-01  -1.0095600e-01
   3.2162600e-01  -7.7086899e-03
   3.5098199e-01   9.9759099e-02
   3.4959499e-01   2.1356700e-01
   3.1715200e-01   3.3005800e-01
   2.4900000e-01   4.4387399e-01
   1.4031100e-01   5.4299199e-01
  -6.8058999e-03   6.0937699e-01
  -1.7895000e-01   6.2559199e-01
  -3.5365599e-01   5.8307499e-01
  -5.0725899e-01   4.8632299e-01
  -6.2329799e-01   3.5008799e-01
  -6.9602299e-01   1.9171200e-01
  -7.2721499e-01   2.4090900e-02
  -7.1946799e-01  -1.4596400e-01
  -6.7155599e-01  -3.1349100e-01
  -5.7961099e-01  -4.6936999e-01
  -4.4321699e-01  -5.9799699e-01
  -2.7146500e-01  -6.8124699e-01
  -8.3871699e-02  -7.0642599e-01
   9.5281099e-02  -6.7272099e-01
   2.4573400e-01  -5.9152499e-01
   3.5741799e-01  -4.8040999e-01
   4.3019999e-01  -3.5503199e-01
   4.6812699e-01  -2.2455500e-01
   4.7306699e-01  -9.3327999e-02
   4.4281099e-01   3.3332400e-02
   3.7505299e-01   1.4451600e-01
   2.7393700e-01   2.2458300e-01
   1.5368800e-01   2.5954700e-01
   3.5876899e-02   2.4464100e-01
  -5.8425399e-02   1.8759400e-01
  -1.1652400e-01   1.0514400e-01
  -1.3686600e-01   1.5151100e-02
  -1.2530800e-01  -7.0217999e-02
  -8.8212599e-02  -1.4581400e-01
  -2.7850200e-02  -2.0915800e-01
   5.6462199e-02  -2.5459700e-01
   1.6264800e-01  -2.7118300e-01
   2.8045100e-01  -2.4654100e-01
   3.9111999e-01  -1.7425200e-01
   4.7323499e-01  -5.9395899e-02
   5.1111899e-01   8.1989399e-02
   5.0024699e-01   2.2939000e-01
   4.4625699e-01   3.6586999e-01
   3.5878299e-01   4.8231099e-01
   2.4502000e-01   5.7548299e-01
   1.0783600e-01   6.4226999e-01
  -5.0461199e-02   6.7523799e-01
  -2.2211000e-01   6.6355699e-01
  -3.9090799e-01   5.9902999e-01
  -5.3533699e-01   4.8288699e-01
  -6.3626399e-01   3.2814499e-01
  -6.8420399e-01   1.5548200e-01
  -6.8130499e-01  -1.4795000e-02
  -6.3705999e-01  -1.6929600e-01
  -5.6122899e-01  -3.0250500e-01
  -4.5929699e-01  -4.1228799e-01
  -3.3360799e-01  -4.9416199e-01
  -1.8876200e-01  -5.3933899e-01
  -3.6489699e-02  -5.3847699e-01
   1.0449600e-01  -4.8852099e-01
   2.1438500e-01  -3.9742099e-01
   2.8020400e-01  -2.8287900e-01
   3.0046400e-01  -1.6557800e-01
   2.8346300e-01  -6.1346099e-02
   2.4079400e-01   2.2620100e-02
   1.8093600e-01   8.5448099e-02
   1.0749200e-01   1.2673200e-01
   2.2890200e-02   1.4220500e-01
  -6.5957899e-02   1.2466300e-01
  -1.4510600e-01   6.9631999e-02
  -1.9685400e-01  -1.8559900e-02
  -2.0713000e-01  -1.2518700e-01
  -1.7198400e-01  -2.2971700e-01
  -9.8745398e-02  -3.1376999e-01
  -1.1609100e-03  -3.6721099e-01
   1.0782600e-01  -3.8856499e-01
   2.2050200e-01  -3.8022199e-01
   3.3319099e-01  -3.4267599e-01
   4.4104899e-01  -2.7259700e-01
   5.3358699e-01  -1.6636200e-01
   5.9509499e-01  -2.6300700e-02
   6.1040099e-01   1.3538000e-01
   5.7218999e-01   2.9848600e-01
   4.8478899e-01   4.4177299e-01
   3.6174199e-01   5.5047399e-01
   2.1897500e-01   6.1951399e-01
   6.8427699e-02   6.5076299e-01
  -8.3564399e-02   6.4703599e-01
  -2.3261100e-01   6.0781299e-01
  -3.7090799e-01   5.3011899e-01
  -4.8503299e-01   4.1380799e-01
  -5.5931299e-01   2.6696600e-01
  -5.8281299e-01   1.0681400e-01
  -5.5508699e-01  -4.5223999e-02
  -4.8654199e-01  -1.7132400e-01
  -3.9311699e-01  -2.6281500e-01
  -2.8902000e-01  -3.2004299e-01
  -1.8252200e-01  -3.4726699e-01
  -7.7320299e-02  -3.4690199e-01
   2.2353700e-02  -3.1764399e-01
   1.0751900e-01  -2.5785900e-01
   1.6504600e-01  -1.7134700e-01
   1.8319500e-01  -7.0643099e-02
   1.5830800e-01   2.5307300e-02
   9.7771098e-02   9.8053598e-02
   1.6978900e-02   1.3667100e-01
  -6.7691399e-02   1.4030100e-01
  -1.4505200e-01   1.1488700e-01
  -2.1041600e-01   6.6978599e-02
  -2.6182100e-01  -5.1489299e-04
  -2.9477699e-01  -8.7489399e-02
  -3.0023699e-01  -1.9167300e-01
  -2.6787200e-01  -3.0378999e-01
  -1.9255000e-01  -4.0717299e-01
  -7.9277199e-02  -4.8284599e-01
   5.7206599e-02  -5.1698299e-01
   1.9816200e-01  -5.0577799e-01
   3.2806899e-01  -4.5464599e-01
   4.3852699e-01  -3.7273999e-01
   5.2665099e-01  -2.6712000e-01
   5.8994799e-01  -1.4090200e-01
   6.2226699e-01   3.5289299e-03
   6.1445099e-01   1.5920800e-01
   5.5957099e-01   3.1184499e-01
   4.5894299e-01   4.4248599e-01
   3.2429099e-01   5.3428499e-01
   1.7414700e-01   5.7898699e-01
   2.6710600e-02   5.7876499e-01
  -1.0606400e-01   5.4245799e-01
  -2.1943300e-01   4.7921499e-01
  -3.1192199e-01   3.9431899e-01
  -3.8016399e-01   2.9003399e-01
  -4.1700199e-01   1.7033200e-01
  -4.1466299e-01   4.5273199e-02
  -3.7076499e-01  -6.8998799e-02
  -2.9254399e-01  -1.5537200e-01
  -1.9581500e-01  -2.0278900e-01
  -9.9010098e-02  -2.1042500e-01
  -1.6154900e-02  -1.8624300e-01
   4.6584499e-02  -1.4121200e-01
   8.8933298e-02  -8.3493799e-02
   1.1128100e-01  -1.6726400e-02
   1.1070500e-01   5.6812999e-02
   8.1613799e-02   1.3117800e-01
   2.0660600e-02   1.9437900e-01
  -6.7875099e-02   2.3116800e-01
  -1.7060300e-01   2.2951800e-01
  -2.6903000e-01   1.8640800e-01
  -3.4663599e-01   1.0891800e-01
  -3.9436799e-01   9.9353798e-03
  -4.1110899e-01  -9.8329498e-02
  -3.9944399e-01  -2.0841700e-01
  -3.6046299e-01  -3.1670299e-01
  -2.9187899e-01  -4.1882999e-01
  -1.9101500e-01  -5.0565899e-01
  -6.0294299e-02  -5.6351699e-01
   8.9229398e-02  -5.7919999e-01
   2.3946500e-01  -5.4645199e-01
   3.7140499e-01  -4.6937599e-01
   4.7184599e-01  -3.6034299e-01
   5.3634699e-01  -2.3390600e-01
   5.6684999e-01  -1.0103900e-01
   5.6631799e-01   3.2442099e-02
   5.3479799e-01   1.6272000e-01
   4.7003899e-01   2.8318799e-01
   3.7208799e-01   3.8237799e-01
   2.4809600e-01   4.4680399e-01
   1.1321000e-01   4.6709899e-01
  -1.3727500e-02   4.4314499e-01
  -1.1709300e-01   3.8445799e-01
  -1.8948400e-01   3.0549099e-01
  -2.3166900e-01   2.1912800e-01
  -2.4806900e-01   1.3282300e-01
  -2.4153700e-01   4.9692599e-02
  -2.1153900e-01  -2.6961199e-02
  -1.5701800e-01  -8.9818598e-02
  -8.1478098e-02  -1.2792300e-01
   4.0244399e-03  -1.3148300e-01
   8.2842998e-02  -9.7782598e-02
   1.3882000e-01  -3.3865799e-02
   1.6255700e-01   4.6112599e-02
   1.5374500e-01   1.2713800e-01
   1.1830700e-01   1.9891800e-01
   6.2844899e-02   2.5717500e-01
  -9.2762598e-03   3.0035299e-01
  -9.7345098e-02   3.2491399e-01
  -1.9897600e-01   3.2339899e-01
  -3.0579199e-01   2.8719299e-01
  -4.0298699e-01   2.1220400e-01
  -4.7375499e-01   1.0327700e-01
  -5.0589299e-01  -2.6105899e-02
  -4.9619399e-01  -1.5888900e-01
  -4.4979599e-01  -2.8090899e-01
  -3.7531699e-01  -3.8447699e-01
  -2.7957399e-01  -4.6704599e-01
  -1.6578700e-01  -5.2666799e-01
  -3.6309299e-02  -5.5829199e-01
   1.0266800e-01  -5.5419899e-01
   2.3860900e-01  -5.0853499e-01
   3.5487799e-01  -4.2264299e-01
   4.3670199e-01  -3.0703999e-01
   4.7693999e-01  -1.7828100e-01
   4.7779099e-01  -5.2621099e-02
   4.4748099e-01   5.9326399e-02
   3.9456999e-01   1.5354400e-01
   3.2411199e-01   2.2915100e-01
   2.3826600e-01   2.8375599e-01
   1.4043700e-01   3.1162399e-01
   3.9210099e-02   3.0635899e-01
  -5.1535699e-02   2.6617299e-01
  -1.1707000e-01   1.9766400e-01
  -1.4802200e-01   1.1497800e-01
  -1.4413400e-01   3.4537499e-02
  -1.1303200e-01  -3.1224699e-02
  -6.5076199e-02  -7.7033198e-02
  -8.1029998e-03  -1.0308900e-01
   5.4251399e-02  -1.1040500e-01
   1.1983700e-01  -9.7156998e-02
   1.8352500e-01  -5.9098399e-02
   2.3500400e-01   6.1853599e-03
   2.6113499e-01   9.4508298e-02
   2.5163199e-01   1.9370500e-01
   2.0422100e-01   2.8712499e-01
   1.2566300e-01   3.5992099e-01
   2.7969399e-02   4.0399499e-01
  -7.7414098e-02   4.1850999e-01
  -1.8335600e-01   4.0614799e-01
  -2.8634799e-01   3.6841899e-01
  -3.8249499e-01   3.0384999e-01
  -4.6385699e-01   2.1050000e-01
  -5.1855199e-01   9.0785298e-02
  -5.3509699e-01  -4.5347499e-02
  -5.0813599e-01  -1.8175100e-01
  -4.4152099e-01  -3.0147599e-01
  -3.4650599e-01  -3.9276899e-01
  -2.3633000e-01  -4.5178399e-01
  -1.2101700e-01  -4.8052499e-01
  -5.8431699e-03  -4.8204999e-01
   1.0593000e-01  -4.5686299e-01
   2.0878500e-01  -4.0330799e-01
   2.9299099e-01  -3.2157199e-01
   3.4700899e-01  -2.1795200e-01
   3.6287199e-01  -1.0573200e-01
   3.4074999e-01  -1.4419600e-03
   2.8935899e-01   8.1272598e-02
   2.2181000e-01   1.3614300e-01
   1.4978600e-01   1.6430300e-01
   7.9996998e-02   1.7027900e-01
   1.5060300e-02   1.5727000e-01
  -4.2507999e-02   1.2538300e-01
  -8.6803598e-02   7.4055498e-02
  -1.0873700e-01   6.5350799e-03
  -1.0019000e-01  -6.7412699e-02
  -5.9236099e-02  -1.3315300e-01
   7.4315998e-03  -1.7652800e-01
   8.6807698e-02  -1.8944700e-01
   1.6513600e-01  -1.7202300e-01
   2.3295100e-01  -1.3006900e-01
   2.8633899e-01  -7.0122299e-02
   3.2406799e-01   4.1558499e-03
   3.4337499e-01   9.1604198e-02
   3.3812199e-01   1.8979700e-01
   3.0112299e-01   2.9118999e-01
   2.2912400e-01   3.8264799e-01
   1.2673800e-01   4.4929499e-01
   6.2360199e-03   4.8036299e-01
  -1.1691700e-01   4.7314599e-01
  -2.2985500e-01   4.3247699e-01
  -3.2558799e-01   3.6640899e-01
  -4.0190199e-01   2.8144299e-01
  -4.5733199e-01   1.8079200e-01
  -4.8777899e-01   6.6707199e-02
  -4.8676199e-01  -5.5367999e-02
  -4.4934799e-01  -1.7449500e-01
  -3.7686699e-01  -2.7613299e-01
  -2.7872499e-01  -3.4738099e-01
  -1.6967700e-01  -3.8210999e-01
  -6.4189799e-02  -3.8254299e-01
   2.8356699e-02  -3.5634099e-01
   1.0461500e-01  -3.1150499e-01
   1.6422800e-01  -2.5284599e-01
   2.0564700e-01  -1.8241300e-01
   2.2437300e-01  -1.0310700e-01
   2.1521200e-01  -2.2226500e-02
   1.7689300e-01   4.8333799e-02
   1.1545100e-01   9.5932498e-02
   4.3549899e-02   1.1267000e-01
  -2.4168099e-02   9.8759998e-02
  -7.6677598e-02   6.1483699e-02
  -1.0946400e-01   1.0607700e-02
  -1.2309300e-01  -4.6375399e-02
  -1.1904900e-01  -1.0586000e-01
  -9.6389198e-02  -1.6580900e-01
  -5.1972599e-02  -2.2178800e-01
   1.5857900e-02  -2.6492299e-01
   1.0305400e-01  -2.8388499e-01
   1.9857800e-01  -2.6986999e-01
   2.8745599e-01  -2.2119100e-01
   3.5634699e-01  -1.4424100e-01
   3.9800999e-01  -5.0150199e-02
   4.1182399e-01   5.0422799e-02
   4.0049399e-01   1.5073100e-01
   3.6581799e-01   2.4743799e-01
   3.0694899e-01   3.3708899e-01
   2.2250899e-01   4.1281799e-01
   1.1483300e-01   4.6432199e-01
  -7.1824098e-03   4.8162799e-01
  -1.2918200e-01   4.6015799e-01
  -2.3610299e-01   4.0349899e-01
  -3.1753599e-01   3.2185499e-01
  -3.7019299e-01   2.2722999e-01
  -3.9612999e-01   1.2872800e-01
  -3.9846899e-01   3.1088099e-02
  -3.7807699e-01  -6.2955799e-02
  -3.3379899e-01  -1.4886100e-01
  -2.6591899e-01  -2.1844000e-01
  -1.7997100e-01  -2.6188099e-01
  -8.7577198e-02  -2.7245699e-01
  -3.2064399e-03  -2.5059699e-01
   6.1257199e-02  -2.0429600e-01
   1.0055000e-01  -1.4545800e-01
   1.1610700e-01  -8.4674998e-02
   1.1250700e-01  -2.7997599e-02
   9.3205098e-02   2.2385299e-02
   5.8835799e-02   6.4608699e-02
   9.2548898e-03   9.3961698e-02
  -5.2517799e-02   1.0294600e-01
  -1.1784300e-01   8.4869698e-02
  -1.7384400e-01   3.8454599e-02
  -2.0810700e-01  -2.9969499e-02
  -2.1365700e-01  -1.0847000e-01
  -1.9091700e-01  -1.8445800e-01
  -1.4551500e-01  -2.4923799e-01
  -8.3830898e-02  -2.9922599e-01
  -9.6851898e-03  -3.3344899e-01
   7.5446998e-02  -3.4977599e-01
   1.6916400e-01  -3.4316399e-01
   2.6469899e-01  -3.0762099e-01
   3.5042099e-01  -2.4055799e-01
   4.1317899e-01  -1.4630600e-01
   4.4347999e-01  -3.5983599e-02
   4.3904199e-01   7.6444998e-02
   4.0438299e-01   1.7934500e-01
   3.4698699e-01   2.6640899e-01
   2.7298699e-01   3.3575299e-01
   1.8551600e-01   3.8633999e-01
   8.6670098e-02   4.1489599e-01
  -1.8811300e-02   4.1601499e-01
  -1.2143800e-01   3.8555699e-01
  -2.0855700e-01   3.2481999e-01
  -2.6895099e-01   2.4219799e-01
  -2.9740699e-01   1.5081100e-01
  -2.9616999e-01   6.3507998e-02
  -2.7238199e-01  -1.1460600e-02
  -2.3351899e-01  -7.1351298e-02
  -1.8414900e-01  -1.1626100e-01
  -1.2621100e-01  -1.4535700e-01
  -6.2172399e-02  -1.5520500e-01
   1.7844800e-03  -1.4165300e-01
   5.5491799e-02  -1.0387800e-01
   8.8128298e-02  -4.7415299e-02
   9.3066898e-02   1.6388500e-02
   7.0900198e-02   7.4466998e-02
   2.8553999e-02   1.1703300e-01
  -2.4790499e-02   1.4021900e-01
  -8.1998898e-02   1.4485500e-01
  -1.3952700e-01   1.3276600e-01
  -1.9544400e-01   1.0370100e-01
  -2.4590499e-01   5.5416499e-02
  -2.8327199e-01  -1.3143500e-02
  -2.9776799e-01  -9.8106598e-02
  -2.8184699e-01  -1.8948500e-01
  -2.3427999e-01  -2.7382699e-01
  -1.6105400e-01  -3.3916199e-01
  -7.2425198e-02  -3.7901799e-01
   2.1741299e-02  -3.9294799e-01
   1.1512700e-01  -3.8362799e-01
   2.0460699e-01  -3.5304099e-01
   2.8715599e-01  -3.0081399e-01
   3.5686599e-01  -2.2600199e-01
   4.0483599e-01  -1.3080100e-01
   4.2242099e-01  -2.3123399e-02
   4.0571899e-01   8.4318598e-02
   3.5805899e-01   1.7819300e-01
   2.8866799e-01   2.4932199e-01
   2.0839799e-01   2.9493899e-01
   1.2548400e-01   3.1715099e-01
   4.4145299e-02   3.1911199e-01
  -3.3372199e-02   3.0198599e-01
  -1.0339200e-01   2.6503299e-01
  -1.5908800e-01   2.0861699e-01
  -1.9216800e-01   1.3759100e-01
  -1.9700600e-01   6.2110298e-02
  -1.7425600e-01  -5.1843899e-03
  -1.3126300e-01  -5.3967699e-02
  -7.8841998e-02  -7.9853498e-02
  -2.6607899e-02  -8.4514998e-02
   1.9981099e-02  -7.2532098e-02
   5.9091598e-02  -4.7532499e-02
   8.9389998e-02  -1.0574700e-02
   1.0716100e-01   3.8140299e-02
   1.0625400e-01   9.5797698e-02
   8.1177098e-02   1.5474400e-01
   3.1175699e-02   2.0364199e-01
  -3.7796599e-02   2.3159299e-01
  -1.1481400e-01   2.3257699e-01
  -1.8837500e-01   2.0723199e-01
  -2.5050699e-01   1.6094400e-01
  -2.9792799e-01   9.9857297e-02
  -3.2988099e-01   2.7842199e-02
  -3.4474299e-01  -5.3427999e-02
  -3.3838899e-01  -1.4163100e-01
  -3.0581499e-01  -2.3072799e-01
  -2.4496399e-01  -3.1044399e-01
  -1.5985300e-01  -3.6917699e-01
  -6.0506698e-02  -3.9857299e-01
   4.0513699e-02  -3.9671399e-01
   1.3273700e-01  -3.6780699e-01
   2.1051399e-01  -3.1877499e-01
   2.7228299e-01  -2.5536199e-01
   3.1738999e-01  -1.8056800e-01
   3.4327899e-01  -9.6305197e-02
   3.4547899e-01  -6.6584498e-03
   3.2053799e-01   8.0186098e-02
   2.6971299e-01   1.5326800e-01
   2.0048599e-01   2.0287699e-01
   1.2450700e-01   2.2462799e-01
   5.3162299e-02   2.2078099e-01
  -6.3127498e-03   1.9800399e-01
  -5.1711499e-02   1.6327900e-01
  -8.3511498e-02   1.2094100e-01
  -1.0148200e-01   7.2821698e-02
  -1.0309400e-01   2.1021699e-02
  -8.5092298e-02  -2.9236299e-02
  -4.7036699e-02  -6.9277498e-02
   5.9867398e-03  -8.9856998e-02
   6.3801398e-02  -8.5438598e-02
   1.1473800e-01  -5.6907898e-02
   1.5009900e-01  -1.0822000e-02
   1.6655900e-01   4.4216399e-02
   1.6513400e-01   1.0144600e-01
   1.4787400e-01   1.5741400e-01
   1.1506000e-01   2.1029099e-01
   6.5162298e-02   2.5674499e-01
  -2.4077499e-03   2.9019599e-01
  -8.3988598e-02   3.0220199e-01
  -1.7056800e-01   2.8628699e-01
  -2.5008599e-01   2.4157299e-01
  -3.1182199e-01   1.7361600e-01
  -3.4999899e-01   9.1821598e-02
  -3.6431499e-01   5.2638499e-03
  -3.5738399e-01  -8.0194598e-02
  -3.3129399e-01  -1.6167300e-01
  -2.8603399e-01  -2.3655499e-01
  -2.2097999e-01  -2.9979699e-01
  -1.3816100e-01  -3.4373799e-01
  -4.4573399e-02  -3.6091399e-01
   4.8570299e-02  -3.4801099e-01
   1.2951300e-01  -3.0811099e-01
   1.9020799e-01  -2.4954899e-01
   2.2836799e-01  -1.8211400e-01
   2.4614499e-01  -1.1322500e-01
   2.4670499e-01  -4.6618399e-02
   2.3144699e-01   1.5904700e-02
   1.9998599e-01   7.1427798e-02
   1.5275000e-01   1.1431400e-01
   9.3993097e-02   1.3760700e-01
   3.2580299e-02   1.3664500e-01
  -2.0456699e-02   1.1227400e-01
  -5.6163598e-02   7.1251298e-02
  -7.0911998e-02   2.3411899e-02
  -6.6550498e-02  -2.2511399e-02
  -4.7609499e-02  -6.1584598e-02
  -1.7816200e-02  -9.2267597e-02
   2.1442699e-02  -1.1365300e-01
   6.9688898e-02  -1.2284800e-01
   1.2429700e-01  -1.1482900e-01
   1.7848200e-01  -8.5115798e-02
   2.2225299e-01  -3.3357799e-02
   2.4603599e-01   3.4876999e-02
   2.4462099e-01   1.0961000e-01
   2.1878699e-01   1.8035699e-01
   1.7363800e-01   2.3982699e-01
   1.1502400e-01   2.8502499e-01
   4.6774499e-02   3.1536899e-01
  -2.9332699e-02   3.2965799e-01
  -1.1109900e-01   3.2452499e-01
  -1.9316599e-01   2.9579799e-01
  -2.6648899e-01   2.4183699e-01
  -3.2085599e-01   1.6632900e-01
  -3.4893299e-01   7.8274498e-02
  -3.4912499e-01  -1.1071800e-02
  -3.2533599e-01  -9.2328397e-02
  -2.8395299e-01  -1.6047800e-01
  -2.3032499e-01  -2.1426499e-01
  -1.6728600e-01  -2.5337799e-01
  -9.6553297e-02  -2.7588899e-01
  -2.1613999e-02  -2.7813899e-01
   5.0512799e-02  -2.5727599e-01
   1.1037300e-01  -2.1451599e-01
   1.4960600e-01  -1.5652500e-01
   1.6456000e-01  -9.3638297e-02
   1.5750800e-01  -3.5934199e-02
   1.3467700e-01   1.0260900e-02
   1.0259000e-01   4.3206099e-02
   6.5353998e-02   6.3689298e-02
   2.4708199e-02   7.1972898e-02
  -1.7558999e-02   6.6290998e-02
  -5.7041698e-02   4.4149799e-02
  -8.6349297e-02   5.4309398e-03
  -9.7594597e-02  -4.5188699e-02
  -8.6168097e-02  -9.8573897e-02
  -5.3169598e-02  -1.4429700e-01
  -4.7755199e-03  -1.7461699e-01
   5.0984099e-02  -1.8666599e-01
   1.0773300e-01  -1.8157799e-01
   1.6214000e-01  -1.6153500e-01
   2.1248199e-01  -1.2721100e-01
   2.5586899e-01  -7.7638998e-02
   2.8663499e-01  -1.2580400e-02
   2.9748899e-01   6.4541298e-02
   2.8286399e-01   1.4562300e-01
   2.4214999e-01   2.1987999e-01
   1.8046499e-01   2.7772999e-01
   1.0639200e-01   3.1403399e-01
   2.8229799e-02   3.2861499e-01
  -4.8628199e-02   3.2400399e-01
  -1.2156600e-01   3.0233699e-01
  -1.8835699e-01   2.6387499e-01
  -2.4473299e-01   2.0823699e-01
  -2.8413699e-01   1.3726700e-01
  -3.0014999e-01   5.7117998e-02
  -2.8997799e-01  -2.2357099e-02
  -2.5647499e-01  -9.0828697e-02
  -2.0716199e-01  -1.4127700e-01
  -1.5085700e-01  -1.7185599e-01
  -9.4233197e-02  -1.8475299e-01
  -4.0574899e-02  -1.8312399e-01
   8.7065997e-03  -1.6856099e-01
   5.1353098e-02  -1.4097300e-01
   8.2759798e-02  -1.0084400e-01
   9.7135497e-02  -5.1910198e-02
   9.0655997e-02  -1.9045499e-03
   6.4324898e-02   3.9551399e-02
   2.4367299e-02   6.4700498e-02
  -2.0270099e-02   7.0560798e-02
  -6.1649498e-02   5.9097398e-02
  -9.5301697e-02   3.4745399e-02
  -1.1992600e-01   1.2638600e-03
  -1.3495100e-01  -3.9717999e-02
  -1.3815600e-01  -8.7507497e-02
  -1.2546000e-01  -1.3966000e-01
  -9.3214997e-02  -1.9015799e-01
  -4.1381399e-02  -2.3019399e-01
   2.4867799e-02  -2.5135199e-01
   9.6447297e-02  -2.4911299e-01
   1.6382599e-01  -2.2433999e-01
   2.2035699e-01  -1.8182199e-01
   2.6331999e-01  -1.2708100e-01
   2.9228599e-01  -6.3834598e-02
   3.0639699e-01   6.1117998e-03
   3.0292699e-01   8.0716098e-02
   2.7839499e-01   1.5525400e-01
   2.3149499e-01   2.2179699e-01
   1.6558199e-01   2.7138299e-01
   8.8701497e-02   2.9759599e-01
   1.0902900e-02   2.9912699e-01
  -5.9446698e-02   2.7959899e-01
  -1.1792500e-01   2.4488799e-01
  -1.6356799e-01   1.9995899e-01
  -1.9636699e-01   1.4746300e-01
  -2.1493699e-01   8.8925997e-02
  -2.1632999e-01   2.7293599e-02
  -1.9821899e-01  -3.1448799e-02
  -1.6177899e-01  -7.9182998e-02
  -1.1295300e-01  -1.0874300e-01
  -6.0906398e-02  -1.1712800e-01
  -1.4552300e-02  -1.0661000e-01
   2.0585999e-02  -8.3011197e-02
   4.3165299e-02  -5.2421198e-02
   5.4216398e-02  -1.8729999e-02
   5.4395698e-02   1.6409199e-02
   4.2569799e-02   5.1466298e-02
   1.6885899e-02   8.2727797e-02
  -2.2513099e-02   1.0390300e-01
  -7.1326198e-02   1.0826700e-01
  -1.2135000e-01   9.1992697e-02
  -1.6326099e-01   5.6322798e-02
  -1.9016399e-01   7.0435398e-03
  -1.9957599e-01  -4.8380698e-02
  -1.9269199e-01  -1.0397100e-01
  -1.7175399e-01  -1.5654100e-01
  -1.3771600e-01  -2.0448099e-01
  -9.0042897e-02  -2.4528899e-01
  -2.8750999e-02  -2.7409299e-01
   4.2994699e-02  -2.8459699e-01
   1.1793800e-01  -2.7201099e-01
   1.8646199e-01  -2.3592399e-01
   2.4002799e-01  -1.8102399e-01
   2.7407999e-01  -1.1510500e-01
   2.8855499e-01  -4.5720299e-02
   2.8588799e-01   2.2208399e-02
   2.6822699e-01   8.6339897e-02
   2.3603599e-01   1.4481400e-01
   1.8911399e-01   1.9406099e-01
   1.2911900e-01   2.2850099e-01
   6.1435898e-02   2.4264199e-01
  -5.3078798e-03   2.3415199e-01
  -6.2068498e-02   2.0567999e-01
  -1.0275400e-01   1.6400899e-01
  -1.2591800e-01   1.1707900e-01
  -1.3376700e-01   7.0879798e-02
  -1.2943500e-01   2.8290799e-02
  -1.1466100e-01  -9.6153197e-03
  -8.9601797e-02  -4.1141999e-02
  -5.4791898e-02  -6.2571898e-02
  -1.3516400e-02  -6.9119898e-02
   2.7475799e-02  -5.7685698e-02
   5.9795098e-02  -2.9396199e-02
   7.6724897e-02   1.0014200e-02
   7.5827297e-02   5.2403198e-02
   5.9130498e-02   9.0552597e-02
   3.0933199e-02   1.2040700e-01
  -5.0329098e-03   1.4086200e-01
  -4.6972398e-02   1.5160299e-01
  -9.4036197e-02   1.5095699e-01
  -1.4395600e-01   1.3562000e-01
  -1.9139699e-01   1.0263400e-01
  -2.2859699e-01   5.2181598e-02
  -2.4815199e-01  -1.0961400e-02
  -2.4613799e-01  -7.8551697e-02
  -2.2345699e-01  -1.4195200e-01
  -1.8457099e-01  -1.9512599e-01
  -1.3464400e-01  -2.3561799e-01
  -7.7234397e-02  -2.6313299e-01
  -1.4117600e-02  -2.7710299e-01
   5.2843898e-02  -2.7533699e-01
   1.1951700e-01  -2.5493799e-01
   1.7898099e-01  -2.1486599e-01
   2.2340099e-01  -1.5815299e-01
   2.4718699e-01  -9.1964797e-02
   2.4928499e-01  -2.5244299e-02
   2.3305999e-01   3.4576799e-02
   2.0391499e-01   8.3631097e-02
   1.6644199e-01   1.2122500e-01
   1.2311100e-01   1.4761399e-01
   7.5261097e-02   1.6188399e-01
   2.5361199e-02   1.6170299e-01
  -2.1513599e-02   1.4520300e-01
  -5.8421198e-02   1.1352500e-01
  -7.9248697e-02   7.1971298e-02
  -8.1563397e-02   2.8670499e-02
  -6.7626398e-02  -8.4959197e-03
  -4.2875499e-02  -3.4709599e-02
  -1.2996600e-02  -4.8959698e-02
   1.8331499e-02  -5.2457698e-02
   4.9533998e-02  -4.6164498e-02
   7.9294597e-02  -2.9461799e-02
   1.0448400e-01  -1.0280900e-03
   1.1974900e-01   3.8788099e-02
   1.1936000e-01   8.6035597e-02
   1.0013800e-01   1.3334900e-01
   6.3412798e-02   1.7239199e-01
   1.4573099e-02   1.9701499e-01
  -3.9473599e-02   2.0506499e-01
  -9.3151997e-02   1.9775299e-01
  -1.4344600e-01   1.7732599e-01
  -1.8886299e-01   1.4492599e-01
  -2.2725099e-01   1.0034300e-01
  -2.5442499e-01   4.3769198e-02
  -2.6495399e-01  -2.1900799e-02
  -2.5471699e-01  -9.0197997e-02
  -2.2345199e-01  -1.5257499e-01
  -1.7542899e-01  -2.0144799e-01
  -1.1770000e-01  -2.3279899e-01
  -5.7105698e-02  -2.4666499e-01
   1.8938699e-03  -2.4538899e-01
   5.7232698e-02  -2.3110099e-01
   1.0739300e-01  -2.0441399e-01
   1.4942399e-01  -1.6526899e-01
   1.7861799e-01  -1.1513800e-01
   1.9030199e-01  -5.8716098e-02
   1.8255499e-01  -3.5341299e-03
   1.5783799e-01   4.2515698e-02
   1.2227700e-01   7.4173497e-02
   8.3015897e-02   9.0344797e-02
   4.5429898e-02   9.3247297e-02
   1.2037800e-02   8.5971497e-02
  -1.6374299e-02   7.0363798e-02
  -3.8581499e-02   4.6791898e-02
  -5.1622098e-02   1.5830799e-02
  -5.1573398e-02  -1.9622499e-02
  -3.5952799e-02  -5.3674398e-02
  -5.9763398e-03  -7.9007997e-02
   3.3076499e-02  -8.9806497e-02
   7.3796297e-02  -8.4085297e-02
   1.0961900e-01  -6.3887998e-02
   1.3686100e-01  -3.3342199e-02
   1.5457499e-01   3.8986799e-03
   1.6264599e-01   4.5939998e-02
   1.5983899e-01   9.1828197e-02
   1.4348899e-01   1.3946999e-01
   1.1120300e-01   1.8414199e-01
   6.3317598e-02   2.1900699e-01
   4.2103498e-03   2.3755499e-01
  -5.8666398e-02   2.3637099e-01
  -1.1751300e-01   2.1636599e-01
  -1.6686899e-01   1.8166999e-01
  -2.0453899e-01   1.3708300e-01
  -2.3034799e-01   8.5963397e-02
  -2.4397199e-01   3.0017999e-02
  -2.4367199e-01  -2.9084199e-02
  -2.2704799e-01  -8.7756897e-02
  -1.9327399e-01  -1.3998899e-01
  -1.4507299e-01  -1.7895899e-01
  -8.8811597e-02  -1.9981799e-01
  -3.2421699e-02  -2.0174699e-01
   1.7520099e-02  -1.8787299e-01
   5.7656898e-02  -1.6316199e-01
   8.7539997e-02  -1.3185900e-01
   1.0765300e-01  -9.6251196e-02
   1.1748400e-01  -5.7511798e-02
   1.1523400e-01  -1.7690999e-02
   9.9435996e-02   1.8929899e-02
   7.1201797e-02   4.6437398e-02
   3.5266299e-02   5.9639598e-02
  -1.1560000e-03   5.6595398e-02
  -3.1094799e-02   3.9537599e-02
  -5.0345998e-02   1.3542599e-02
  -5.8171298e-02  -1.6086999e-02
  -5.5905998e-02  -4.5877398e-02
  -4.4736398e-02  -7.4327697e-02
  -2.4455299e-02  -1.0029900e-01
   5.8261698e-03  -1.2115300e-01
   4.5604898e-02  -1.3233500e-01
   9.1259297e-02  -1.2895900e-01
   1.3618099e-01  -1.0839000e-01
   1.7291699e-01  -7.1990197e-02
   1.9598599e-01  -2.4749399e-02
   2.0351099e-01   2.6969899e-02
   1.9669499e-01   7.7998797e-02
   1.7774199e-01   1.2550900e-01
   1.4791299e-01   1.6813499e-01
   1.0723600e-01   2.0403599e-01
   5.6017198e-02   2.2963299e-01
  -3.1239099e-03   2.4024699e-01
  -6.4447598e-02   2.3233399e-01
  -1.2038400e-01   2.0574599e-01
  -1.6422199e-01   1.6435699e-01
  -1.9243799e-01   1.1452200e-01
  -2.0516599e-01   6.2416398e-02
  -2.0465399e-01   1.2053600e-02
  -1.9299599e-01  -3.4767499e-02
  -1.7092199e-01  -7.6841997e-02
  -1.3847599e-01  -1.1177200e-01
  -9.6959696e-02  -1.3561399e-01
  -5.0453398e-02  -1.4442399e-01
  -5.5118298e-03  -1.3664399e-01
   3.0997399e-02  -1.1456800e-01
   5.4553498e-02  -8.3731897e-02
   6.4370098e-02  -5.0565798e-02
   6.2658098e-02  -1.9893599e-02
   5.2448298e-02   6.0820198e-03
   3.5661299e-02   2.6812099e-02
   1.2835000e-02   4.1461598e-02
  -1.5420699e-02   4.7704698e-02
  -4.6543498e-02   4.2351498e-02
  -7.5382797e-02   2.3440699e-02
  -9.5553496e-02  -7.7558197e-03
  -1.0201400e-01  -4.6383598e-02
  -9.3154296e-02  -8.5704697e-02
  -7.0992297e-02  -1.1975200e-01
  -3.9456598e-02  -1.4517799e-01
  -2.0800099e-03  -1.6116599e-01
   3.9200898e-02  -1.6774999e-01
   8.3373797e-02  -1.6404599e-01
   1.2852100e-01  -1.4791299e-01
   1.7046899e-01  -1.1741500e-01
   2.0320399e-01  -7.2986997e-02
   2.2100299e-01  -1.8616699e-02
   2.2089799e-01   3.8986098e-02
   2.0378699e-01   9.2803196e-02
   1.7347199e-01   1.3792099e-01
   1.3438599e-01   1.7239199e-01
   8.9673496e-02   1.9615599e-01
   4.0938398e-02   2.0909299e-01
  -1.0346100e-02   2.0984999e-01
  -6.1095098e-02   1.9645099e-01
  -1.0611600e-01   1.6824599e-01
  -1.3949499e-01   1.2767399e-01
  -1.5705299e-01   8.0370697e-02
  -1.5817899e-01   3.3358599e-02
  -1.4578499e-01  -7.5626497e-03
  -1.2443900e-01  -3.9500098e-02
  -9.8057696e-02  -6.2222098e-02
  -6.8761897e-02  -7.6403497e-02
  -3.7574099e-02  -8.1871397e-02
  -6.1844998e-03  -7.7287097e-02
   2.1811999e-02  -6.1530798e-02
   4.1395798e-02  -3.5684899e-02
   4.8174798e-02  -3.9870298e-03
   4.0626898e-02   2.7156199e-02
   2.0939899e-02   5.1576098e-02
  -6.1544098e-03   6.5601497e-02
  -3.5718899e-02   6.8712397e-02
  -6.4480597e-02   6.2318898e-02
  -9.1010396e-02   4.7763198e-02
  -1.1431600e-01   2.5158299e-02
  -1.3217499e-01  -6.0389398e-03
  -1.4071099e-01  -4.5217298e-02
  -1.3575399e-01  -8.9067896e-02
  -1.1511700e-01  -1.3166899e-01
  -8.0154797e-02  -1.6636499e-01
  -3.5462299e-02  -1.8826899e-01
   1.3127699e-02  -1.9574499e-01
   6.0851798e-02  -1.8996599e-01
   1.0508300e-01  -1.7306399e-01
   1.4458999e-01  -1.4636399e-01
   1.7781099e-01  -1.1006400e-01
   2.0170299e-01  -6.4533897e-02
   2.1224599e-01  -1.2123000e-02
   2.0639599e-01   4.2101398e-02
   1.8409399e-01   9.1460996e-02
   1.4884199e-01   1.3003899e-01
   1.0635500e-01   1.5476799e-01
   6.2184797e-02   1.6587299e-01
   1.9925099e-02   1.6550699e-01
  -1.8878399e-02   1.5572299e-01
  -5.3303598e-02   1.3733199e-01
  -8.1437297e-02   1.1046300e-01
  -1.0001100e-01   7.6263697e-02
  -1.0572000e-01   3.8269198e-02
  -9.7326596e-02   2.1725899e-03
  -7.6975497e-02  -2.6064399e-02
  -4.9674098e-02  -4.2572498e-02
  -2.1215399e-02  -4.6828298e-02
   4.0699498e-03  -4.1019298e-02
   2.4253299e-02  -2.8099499e-02
   3.8977298e-02  -1.0031700e-02
   4.7722998e-02   1.2511399e-02
   4.8694498e-02   3.8892498e-02
   3.9318698e-02   6.6839697e-02
   1.8067999e-02   9.1847196e-02
  -1.3760399e-02   1.0833900e-01
  -5.1712198e-02   1.1194100e-01
  -8.9667296e-02   1.0134700e-01
  -1.2220699e-01   7.8519197e-02
  -1.4628899e-01   4.7164698e-02
  -1.6120899e-01   1.0662100e-02
  -1.6711099e-01  -2.9057599e-02
  -1.6338699e-01  -7.0962497e-02
  -1.4832899e-01  -1.1331000e-01
