   3.5270300e+00   2.3055900e-01
   3.0277100e+00   1.6943800e+00
   1.9452700e+00   2.7406800e+00
   5.6799500e-01   3.1648900e+00
  -7.7304300e-01   2.9437500e+00
  -1.8077300e+00   2.2123300e+00
  -2.3861200e+00   1.1913000e+00
  -2.4797400e+00   1.0918300e-01
  -2.1463100e+00  -8.4503800e-01
  -1.4925700e+00  -1.5332800e+00
  -6.5658300e-01  -1.8644900e+00
   1.9641800e-01  -1.8001700e+00
   8.8774500e-01  -1.3746000e+00
   1.2643300e+00  -7.1040400e-01
   1.2537900e+00  -2.3128200e-03
   9.0350200e-01   5.4056700e-01
   3.7218500e-01   7.7309200e-01
  -1.3179100e-01   6.7167900e-01
  -4.3698000e-01   3.3686000e-01
  -4.7424000e-01  -6.1964800e-02
  -2.8708700e-01  -3.6751300e-01
   1.2482200e-02  -4.9540900e-01
   3.0963900e-01  -4.4531300e-01
   5.3225100e-01  -2.6739000e-01
   6.5479400e-01  -1.6683000e-02
   6.7169500e-01   2.7026000e-01
   5.7166200e-01   5.6552600e-01
   3.3861900e-01   8.2495600e-01
  -2.1304600e-02   9.7870600e-01
  -4.5231000e-01   9.5395900e-01
  -8.5019000e-01   7.1809800e-01
  -1.1006400e+00   3.1050400e-01
  -1.1334500e+00  -1.6436800e-01
  -9.5667500e-01  -5.8329600e-01
  -6.4641900e-01  -8.6169400e-01
  -2.9886900e-01  -9.8472500e-01
   2.2519300e-02  -9.9289600e-01
   3.0866000e-01  -9.3527600e-01
   5.8275900e-01  -8.2625700e-01
   8.5423500e-01  -6.3796000e-01
   1.0857700e+00  -3.3304900e-01
   1.2002100e+00   8.7858900e-02
   1.1239900e+00   5.6108100e-01
   8.3643200e-01   9.7753100e-01
   3.8971900e-01   1.2323300e+00
  -1.1385000e-01   1.2727800e+00
  -5.7036100e-01   1.1134600e+00
  -9.1435200e-01   8.1240300e-01
  -1.1253900e+00   4.3070200e-01
  -1.2035400e+00   7.6915500e-03
  -1.1402100e+00  -4.3129400e-01
  -9.1326300e-01  -8.4614100e-01
  -5.1384200e-01  -1.1625100e+00
   1.6017400e-02  -1.2862100e+00
   5.6845300e-01  -1.1495000e+00
   9.9780000e-01  -7.5995900e-01
   1.1812400e+00  -2.1622100e-01
   1.0766800e+00   3.2543100e-01
   7.4166900e-01   7.1695500e-01
   3.0184900e-01   8.7840200e-01
  -1.1006100e-01   8.1795700e-01
  -4.0661900e-01   6.0585900e-01
  -5.6103200e-01   3.2597400e-01
  -5.8579800e-01   3.9762100e-02
  -5.0023800e-01  -2.1737200e-01
  -3.1623900e-01  -4.1548500e-01
  -5.1903600e-02  -5.1252500e-01
   2.4374100e-01  -4.6265100e-01
   4.8386800e-01  -2.4931800e-01
   5.7125900e-01   8.2336300e-02
   4.4876100e-01   4.2403200e-01
   1.4009400e-01   6.4439700e-01
  -2.4966700e-01   6.5105100e-01
  -5.7930500e-01   4.3721000e-01
  -7.3705000e-01   8.3372400e-02
  -6.8743000e-01  -2.8643500e-01
  -4.7341600e-01  -5.6512800e-01
  -1.7835900e-01  -7.0239000e-01
   1.2223100e-01  -7.0390100e-01
   3.8636600e-01  -5.9995200e-01
   5.9703200e-01  -4.1349700e-01
   7.3552000e-01  -1.5355800e-01
   7.6588500e-01   1.6404700e-01
   6.4867000e-01   4.9112400e-01
   3.7583600e-01   7.4477700e-01
  -1.5416000e-03   8.3862100e-01
  -3.7930800e-01   7.3027500e-01
  -6.4303700e-01   4.5216700e-01
  -7.2300300e-01   1.0145500e-01
  -6.2598400e-01  -2.0751100e-01
  -4.2326800e-01  -3.9857100e-01
  -2.0403700e-01  -4.6197800e-01
  -2.6421400e-02  -4.3997300e-01
   1.0182200e-01  -3.8420300e-01
   2.0420900e-01  -3.1793700e-01
   2.9753200e-01  -2.2971900e-01
   3.6704000e-01  -9.9444200e-02
   3.7457800e-01   6.7348000e-02
   2.9245300e-01   2.2694400e-01
   1.3485400e-01   3.1889000e-01
  -4.0038000e-02   3.0627200e-01
  -1.6171300e-01   2.0399800e-01
  -1.9087400e-01   7.2263800e-02
  -1.4296900e-01  -2.1710700e-02
  -7.4030700e-02  -4.6559200e-02
  -3.8955200e-02  -2.3252200e-02
  -5.2837200e-02  -3.5843900e-03
  -8.3620900e-02  -2.7250600e-02
  -8.0819100e-02  -8.9875400e-02
  -1.8080700e-02  -1.4587400e-01
   8.2825000e-02  -1.4369900e-01
   1.6485900e-01  -6.6679100e-02
   1.7587000e-01   5.1428900e-02
   1.0607900e-01   1.4795800e-01
  -4.9168200e-03   1.7389400e-01
  -9.6398200e-02   1.2595200e-01
  -1.2851700e-01   4.4890900e-02
  -1.0667300e-01  -1.7508700e-02
  -7.0877700e-02  -3.6986700e-02
  -5.9597000e-02  -3.1439800e-02
  -7.6905100e-02  -4.1110500e-02
  -8.8881100e-02  -9.0544500e-02
  -5.2348300e-02  -1.6274900e-01
   4.6240800e-02  -2.0677000e-01
   1.7239100e-01  -1.7426200e-01
   2.6124900e-01  -5.7996500e-02
   2.5983700e-01   9.7025700e-02
   1.6348200e-01   2.1932900e-01
   1.9826100e-02   2.5579900e-01
  -1.0253100e-01   2.0371400e-01
  -1.5796600e-01   1.0761500e-01
  -1.4883600e-01   2.4618200e-02
  -1.1480200e-01  -1.5309000e-02
  -9.6569200e-02  -2.4903700e-02
  -1.0285000e-01  -4.0910200e-02
  -1.0589300e-01  -8.7399500e-02
  -6.8268100e-02  -1.5082300e-01
   2.0849800e-02  -1.8702500e-01
   1.2922600e-01  -1.5536500e-01
   1.9918200e-01  -5.3691900e-02
   1.8726900e-01   7.3444000e-02
   9.6626300e-02   1.6112600e-01
  -2.2595500e-02   1.6663800e-01
  -1.0588400e-01   9.7425000e-02
  -1.1671000e-01   4.0969000e-03
  -6.8047600e-02  -5.6114200e-02
  -8.1617600e-03  -5.8407800e-02
   1.7694400e-02  -2.3601900e-02
   5.0148000e-04   3.1168900e-03
  -2.9026600e-02  -9.4653700e-03
  -2.8307000e-02  -5.2972400e-02
   2.0143300e-02  -8.6120400e-02
   9.1635400e-02  -6.8278600e-02
   1.3571100e-01   6.2134900e-03
   1.1384000e-01   9.9778400e-02
   2.9757300e-02   1.5640000e-01
  -7.0891400e-02   1.4129800e-01
  -1.3183700e-01   6.5820700e-02
  -1.2530700e-01  -2.1148600e-02
  -6.9931200e-02  -6.8828800e-02
  -1.4377500e-02  -6.0549600e-02
   5.9525100e-04  -2.3316300e-02
  -2.7159300e-02  -4.2079400e-03
  -6.0828600e-02  -3.1936900e-02
  -5.4655400e-02  -9.2999500e-02
   8.7099500e-03  -1.4066200e-01
   1.0208000e-01  -1.3007700e-01
   1.7130800e-01  -5.3002200e-02
   1.7359000e-01   5.4116800e-02
   1.0788100e-01   1.3488700e-01
   1.4860700e-02   1.5203600e-01
  -5.3189500e-02   1.1171600e-01
  -6.9646900e-02   5.5321900e-02
  -4.9971500e-02   2.5758500e-02
  -3.5423800e-02   3.4265000e-02
  -5.7210200e-02   5.3203400e-02
  -1.0906200e-01   4.0146400e-02
  -1.4974600e-01  -2.5442000e-02
  -1.3408200e-01  -1.2144400e-01
  -4.9148500e-02  -1.9485200e-01
   7.1966300e-02  -1.9804500e-01
   1.6983800e-01  -1.2291500e-01
   1.9782000e-01  -7.4950200e-03
   1.5209000e-01   8.9815500e-02
   7.0962600e-02   1.2936100e-01
   4.8245500e-03   1.1397100e-01
  -2.0224100e-02   8.0604700e-02
  -1.7793800e-02   6.7495600e-02
  -2.4865600e-02   8.2676800e-02
  -6.7267400e-02   9.8204200e-02
  -1.3437600e-01   7.4358500e-02
  -1.8327000e-01  -5.1254300e-03
  -1.6988100e-01  -1.1446900e-01
  -8.3764600e-02  -1.9914000e-01
   4.0112200e-02  -2.1210000e-01
   1.4221000e-01  -1.4650700e-01
   1.7717700e-01  -4.0667600e-02
   1.4242400e-01   4.8450100e-02
   7.6039200e-02   8.3609900e-02
   2.6445400e-02   6.9551100e-02
   1.7023000e-02   4.3535000e-02
   3.2093000e-02   4.2612500e-02
   3.3934200e-02   7.3304000e-02
  -3.2769900e-03   1.0698900e-01
  -6.9506300e-02   1.0422000e-01
  -1.2392200e-01   4.8771600e-02
  -1.2556700e-01  -3.5425800e-02
  -6.6297900e-02  -9.8400100e-02
   1.9521500e-02  -9.9536800e-02
   7.6885600e-02  -3.8019100e-02
   6.8116100e-02   4.4680300e-02
  -7.5030300e-04   9.2632000e-02
  -8.4418700e-02   7.3513800e-02
  -1.3010900e-01  -6.4364900e-04
  -1.1312300e-01  -8.4495900e-02
  -5.0405500e-02  -1.3300400e-01
   1.6669000e-02  -1.3201700e-01
   5.5852700e-02  -1.0329300e-01
   6.7547900e-02  -8.1450500e-02
   8.0292000e-02  -8.1959400e-02
   1.2224300e-01  -8.5979600e-02
   1.9158800e-01  -5.4679900e-02
   2.5002100e-01   3.7391500e-02
   2.4603700e-01   1.7556500e-01
   1.5190100e-01   3.0639500e-01
  -1.2873400e-02   3.6789400e-01
  -1.8933100e-01   3.2785400e-01
  -3.1329000e-01   2.0318400e-01
  -3.5189100e-01   4.6980200e-02
  -3.1717100e-01  -8.6512200e-02
  -2.4870500e-01  -1.7326000e-01
  -1.8023500e-01  -2.2515200e-01
  -1.1631800e-01  -2.6813800e-01
  -3.6263200e-02  -3.1182400e-01
   7.9075600e-02  -3.3556800e-01
   2.2012000e-01  -3.0270100e-01
   3.4393400e-01  -1.9217200e-01
   3.9774800e-01  -2.2677100e-02
   3.5424000e-01   1.5070300e-01
   2.3239000e-01   2.6691900e-01
   8.7688700e-02   2.9545000e-01
  -2.2143300e-02   2.5285200e-01
  -7.1763900e-02   1.8769100e-01
  -7.8849000e-02   1.4518300e-01
  -8.4301000e-02   1.3740100e-01
  -1.1789600e-01   1.4009500e-01
  -1.7540600e-01   1.1688900e-01
  -2.2374400e-01   5.1211200e-02
  -2.2900600e-01  -3.8898300e-02
  -1.8485400e-01  -1.1423400e-01
  -1.1879200e-01  -1.4522600e-01
  -7.1170300e-02  -1.3572200e-01
  -6.3035400e-02  -1.2068200e-01
  -7.7908600e-02  -1.3878500e-01
  -7.2294200e-02  -2.0040800e-01
  -8.0109700e-03  -2.7551700e-01
   1.1732700e-01  -3.1141700e-01
   2.6439000e-01  -2.6806900e-01
   3.7548700e-01  -1.4550300e-01
   4.1032900e-01   1.6340100e-02
   3.6845200e-01   1.6457800e-01
   2.8284100e-01   2.6675900e-01
   1.9101600e-01   3.2609600e-01
   1.0645600e-01   3.6829100e-01
   1.2388200e-02   4.1151900e-01
  -1.1764500e-01   4.4389800e-01
  -2.8884600e-01   4.2684200e-01
  -4.6853200e-01   3.2274400e-01
  -5.9789700e-01   1.2652700e-01
  -6.2490400e-01  -1.2281100e-01
  -5.3502000e-01  -3.5992600e-01
  -3.5800000e-01  -5.2781700e-01
  -1.4667200e-01  -6.0486000e-01
   5.5744300e-02  -6.0584400e-01
   2.3541100e-01  -5.5850000e-01
   4.0103900e-01  -4.7546800e-01
   5.5776900e-01  -3.4451000e-01
   6.8427600e-01  -1.4510600e-01
   7.3343800e-01   1.2154100e-01
   6.5881900e-01   4.1343400e-01
   4.4895500e-01   6.5683000e-01
   1.4432200e-01   7.8009500e-01
  -1.7658800e-01   7.5053500e-01
  -4.3391200e-01   5.8968400e-01
  -5.8181100e-01   3.5760500e-01
  -6.2036400e-01   1.1840200e-01
  -5.7934400e-01  -8.8740900e-02
  -4.8937200e-01  -2.5476800e-01
  -3.6354100e-01  -3.8313700e-01
  -2.0222700e-01  -4.6771300e-01
  -1.4098800e-02  -4.8683700e-01
   1.6748500e-01  -4.2001500e-01
   2.9034000e-01  -2.7398900e-01
   3.1154300e-01  -9.5427000e-02
   2.2888900e-01   4.4179400e-02
   9.1716500e-02   8.5439300e-02
  -2.0020100e-02   1.6592400e-02
  -3.7544700e-02  -1.1649700e-01
   5.9834500e-02  -2.3354900e-01
   2.3545900e-01  -2.6186300e-01
   4.1768200e-01  -1.7085300e-01
   5.3713500e-01   2.0393600e-02
   5.5437600e-01   2.6237200e-01
   4.6344000e-01   5.0324400e-01
   2.7627600e-01   7.0474600e-01
   6.7582600e-03   8.3809600e-01
  -3.2947500e-01   8.7040300e-01
  -6.9914000e-01   7.6078600e-01
  -1.0358100e+00   4.7740200e-01
  -1.2446500e+00   2.7911800e-02
  -1.2339900e+00  -5.1863300e-01
  -9.5967200e-01  -1.0390500e+00
  -4.5579100e-01  -1.3953800e+00
   1.6891700e-01  -1.4877000e+00
   7.6931500e-01  -1.2919100e+00
   1.2159800e+00  -8.6288400e-01
   1.4334300e+00  -3.0496100e-01
   1.4082300e+00   2.6955100e-01
   1.1713200e+00   7.6976000e-01
   7.7404800e-01   1.1328100e+00
   2.7605200e-01   1.3157400e+00
  -2.5200100e-01   1.2903800e+00
  -7.2344900e-01   1.0523100e+00
  -1.0449700e+00   6.3885200e-01
  -1.1449200e+00   1.3775500e-01
  -1.0072700e+00  -3.2923800e-01
  -6.8830500e-01  -6.4731300e-01
  -3.0013700e-01  -7.5442300e-01
   3.4319900e-02  -6.6564700e-01
   2.3162100e-01  -4.6092900e-01
   2.7585200e-01  -2.4325000e-01
   2.1117300e-01  -9.1901800e-02
   1.0776600e-01  -3.6508100e-02
   2.4960400e-02  -6.1722900e-02
  -7.0428800e-03  -1.3185900e-01
   1.7964100e-02  -2.1404600e-01
   9.7909600e-02  -2.8460500e-01
   2.3044600e-01  -3.2021200e-01
   4.0503400e-01  -2.8917700e-01
   5.8766900e-01  -1.5784400e-01
   7.1624500e-01   8.6833700e-02
   7.1856000e-01   4.1385500e-01
   5.4753600e-01   7.4429800e-01
   2.1276900e-01   9.7635200e-01
  -2.1364500e-01   1.0286800e+00
  -6.2387200e-01   8.7746300e-01
  -9.1952000e-01   5.6495500e-01
  -1.0490900e+00   1.7524800e-01
  -1.0172400e+00  -2.0636000e-01
  -8.6473600e-01  -5.2497000e-01
  -6.3662400e-01  -7.6195100e-01
  -3.6152700e-01  -9.1770600e-01
  -5.3461800e-02  -9.8961500e-01
   2.7090100e-01  -9.6416900e-01
   5.7809500e-01  -8.2853400e-01
   8.2141000e-01  -5.8989300e-01
   9.6099800e-01  -2.8411500e-01
   9.8475700e-01   3.6072600e-02
   9.1235100e-01   3.2624700e-01
   7.7747300e-01   5.6977900e-01
   6.0098000e-01   7.7572200e-01
   3.7601300e-01   9.5528400e-01
   7.8587700e-02   1.0943100e+00
  -3.0164200e-01   1.1440600e+00
  -7.3180800e-01   1.0408200e+00
  -1.1300600e+00   7.4448500e-01
  -1.3911700e+00   2.7205200e-01
  -1.4302800e+00  -2.9607000e-01
  -1.2195800e+00  -8.4160500e-01
  -7.9805800e-01  -1.2507300e+00
  -2.5226300e-01  -1.4493300e+00
   3.1636100e-01  -1.4149900e+00
   8.1734000e-01  -1.1672300e+00
   1.1800600e+00  -7.5084200e-01
   1.3514600e+00  -2.2725200e-01
   1.2968400e+00   3.2359400e-01
   1.0126900e+00   8.0217600e-01
   5.4557900e-01   1.1036000e+00
  -6.2627300e-04   1.1504100e+00
  -4.8440700e-01   9.3011700e-01
  -7.7260500e-01   5.1410000e-01
  -7.9298800e-01   4.0820900e-02
  -5.6568000e-01  -3.3367600e-01
  -1.9541100e-01  -4.9525200e-01
   1.7184900e-01  -4.1197700e-01
   4.0512200e-01  -1.3752900e-01
   4.3030000e-01   2.1872600e-01
   2.4265600e-01   5.3479700e-01
  -1.0608000e-01   7.1036000e-01
  -5.2994900e-01   6.8268200e-01
  -9.2626300e-01   4.2981700e-01
  -1.1867000e+00  -2.7070100e-02
  -1.2111500e+00  -6.1726700e-01
  -9.3295100e-01  -1.2177500e+00
  -3.5198300e-01  -1.6684800e+00
   4.4168500e-01  -1.8130200e+00
   1.2739500e+00  -1.5544800e+00
   1.9305000e+00  -9.0194000e-01
   2.2251000e+00   1.8512500e-02
   2.0629000e+00   9.9760700e-01
   1.4705700e+00   1.8082100e+00
   5.8176800e-01   2.2729100e+00
  -4.1038200e-01   2.3064000e+00
  -1.3088100e+00   1.9218500e+00
  -1.9537400e+00   1.2100600e+00
  -2.2424600e+00   3.1000200e-01
  -2.1349200e+00  -6.1612000e-01
  -1.6563400e+00  -1.4025600e+00
  -8.9967600e-01  -1.9028800e+00
  -1.9421900e-02  -2.0209200e+00
   7.9457700e-01  -1.7429200e+00
   1.3650200e+00  -1.1528300e+00
   1.5818600e+00  -4.1516800e-01
   1.4387900e+00   2.7542400e-01
   1.0314100e+00   7.5871100e-01
   5.1603200e-01   9.5849100e-01
   4.8839800e-02   8.9515500e-01
  -2.6518500e-01   6.5931100e-01
  -3.9262400e-01   3.6487500e-01
  -3.5968900e-01   1.0744900e-01
  -2.2387500e-01  -5.5178200e-02
  -4.9234400e-02  -1.0104000e-01
   1.0470900e-01  -3.3992200e-02
   1.8499700e-01   1.2114400e-01
   1.5011000e-01   3.1645000e-01
  -1.5863000e-02   4.8155600e-01
  -2.8620700e-01   5.3834000e-01
  -5.8689900e-01   4.3044100e-01
  -8.1567300e-01   1.5391500e-01
  -8.8126400e-01  -2.3084500e-01
  -7.4382400e-01  -6.1761200e-01
  -4.3355400e-01  -8.9674300e-01
  -3.6088900e-02  -9.9944400e-01
   3.4699200e-01  -9.2001900e-01
   6.3958400e-01  -7.0593800e-01
   8.1200000e-01  -4.2537900e-01
   8.7390700e-01  -1.3425700e-01
   8.5006200e-01   1.3838100e-01
   7.5867100e-01   3.8292600e-01
   6.0630200e-01   5.9182700e-01
   3.9827200e-01   7.4913000e-01
   1.5117000e-01   8.3515100e-01
  -1.0598000e-01   8.4019900e-01
  -3.4417500e-01   7.7301100e-01
  -5.4963500e-01   6.5412200e-01
  -7.2698800e-01   4.9781600e-01
  -8.8461700e-01   2.9776100e-01
  -1.0115100e+00   3.0998500e-02
  -1.0643200e+00  -3.1799800e-01
  -9.7880900e-01  -7.2765100e-01
  -7.0368500e-01  -1.1256400e+00
  -2.3819700e-01  -1.4047900e+00
   3.4995900e-01  -1.4636500e+00
   9.3916900e-01  -1.2507200e+00
   1.3943000e+00  -7.8855900e-01
   1.6118300e+00  -1.6654300e-01
   1.5479100e+00   4.9073900e-01
   1.2207500e+00   1.0602900e+00
   6.9448300e-01   1.4457300e+00
   5.9874400e-02   1.5860900e+00
  -5.7813500e-01   1.4565100e+00
  -1.1078300e+00   1.0715300e+00
  -1.4232300e+00   4.9309000e-01
  -1.4486400e+00  -1.6633400e-01
  -1.1694100e+00  -7.5890000e-01
  -6.5206700e-01  -1.1394800e+00
  -3.5891700e-02  -1.2150800e+00
   5.0779200e-01  -9.8235900e-01
   8.3400300e-01  -5.3209800e-01
   8.7353100e-01  -1.6067900e-02
   6.5080500e-01   4.0851900e-01
   2.6480100e-01   6.3063400e-01
  -1.5324700e-01   6.1181000e-01
  -4.8265500e-01   3.8240700e-01
  -6.3982300e-01   1.9054700e-02
  -5.8615100e-01  -3.7999900e-01
  -3.2658000e-01  -7.1213700e-01
   9.1430900e-02  -8.8265900e-01
   5.7784400e-01  -8.2065200e-01
   1.0079000e+00  -5.0189600e-01
   1.2474200e+00   2.9406300e-02
   1.1944500e+00   6.5620800e-01
   8.2164100e-01   1.2133900e+00
   1.9729600e-01   1.5383200e+00
  -5.2984900e-01   1.5271900e+00
  -1.1782100e+00   1.1711800e+00
  -1.5922700e+00   5.5592400e-01
  -1.6864800e+00  -1.7285300e-01
  -1.4581600e+00  -8.5808800e-01
  -9.7156100e-01  -1.3715500e+00
  -3.2906100e-01  -1.6327900e+00
   3.5359800e-01  -1.6098400e+00
   9.6164000e-01  -1.3138100e+00
   1.3907700e+00  -7.9695500e-01
   1.5613900e+00  -1.5251300e-01
   1.4396900e+00   4.9345400e-01
   1.0563100e+00   1.0067500e+00
   5.0735200e-01   1.2828200e+00
  -7.0582500e-02   1.2816600e+00
  -5.4455800e-01   1.0407000e+00
  -8.2869800e-01   6.5657200e-01
  -9.0547600e-01   2.4430000e-01
  -8.1606300e-01  -1.0479000e-01
  -6.2882900e-01  -3.4572800e-01
  -4.0638000e-01  -4.7586400e-01
  -1.8889500e-01  -5.1379500e-01
   2.3532300e-03  -4.7931900e-01
   1.5186900e-01  -3.8748100e-01
   2.4249700e-01  -2.5603000e-01
   2.6124100e-01  -1.1422200e-01
   2.1261700e-01  -4.6834300e-04
   1.2587600e-01   5.3337100e-02
   4.6170900e-02   4.0380800e-02
   1.2389800e-02  -1.4516100e-02
   3.5811200e-02  -6.7682800e-02
   9.4865300e-02  -8.1926400e-02
   1.5056500e-01  -4.7699200e-02
   1.7242300e-01   1.4424200e-02
   1.5689000e-01   7.1450900e-02
   1.2561000e-01   1.0290000e-01
   1.0534200e-01   1.1485500e-01
   1.0471600e-01   1.3308500e-01
   1.0513100e-01   1.8053300e-01
   7.2695100e-02   2.5584300e-01
  -1.7286000e-02   3.2874100e-01
  -1.6063500e-01   3.5573700e-01
  -3.2300400e-01   3.0513300e-01
  -4.5704600e-01   1.7426900e-01
  -5.2528700e-01  -1.1498300e-02
  -5.1317500e-01  -2.1486300e-01
  -4.2563200e-01  -4.0403200e-01
  -2.7372500e-01  -5.5870900e-01
  -6.5301000e-02  -6.6257000e-01
   1.9101600e-01  -6.9233100e-01
   4.7154500e-01  -6.1712900e-01
   7.2662800e-01  -4.1386400e-01
   8.8661900e-01  -9.0370100e-02
   8.8698500e-01   3.0044100e-01
   7.0016800e-01   6.6885400e-01
   3.5499100e-01   9.1854000e-01
  -6.9293300e-02   9.8353100e-01
  -4.7194000e-01   8.5200300e-01
  -7.6648600e-01   5.6519200e-01
  -9.0461700e-01   1.9529300e-01
  -8.7904400e-01  -1.8218000e-01
  -7.1072800e-01  -5.0600800e-01
  -4.3433500e-01  -7.3192700e-01
  -9.2728900e-02  -8.2775800e-01
   2.5992500e-01  -7.7301000e-01
   5.5675000e-01  -5.6844900e-01
   7.2890700e-01  -2.4926800e-01
   7.2905700e-01   1.1169200e-01
   5.5570300e-01   4.2027800e-01
   2.6185100e-01   5.9355300e-01
  -6.1098000e-02   5.9260100e-01
  -3.1830400e-01   4.3717700e-01
  -4.4722400e-01   1.9374500e-01
  -4.3558600e-01  -5.5696500e-02
  -3.1455100e-01  -2.4579500e-01
  -1.3535600e-01  -3.4440900e-01
   5.3850800e-02  -3.4910300e-01
   2.1807500e-01  -2.7272000e-01
   3.3183200e-01  -1.3229300e-01
   3.7211300e-01   5.0716100e-02
   3.1953100e-01   2.4294000e-01
   1.7029200e-01   3.9629900e-01
  -4.9975500e-02   4.5894800e-01
  -2.8415100e-01   3.9769200e-01
  -4.6034700e-01   2.1858000e-01
  -5.2114000e-01  -2.9260100e-02
  -4.4895700e-01  -2.7183100e-01
  -2.7228100e-01  -4.4140200e-01
  -4.9176800e-02  -5.0279300e-01
   1.6097400e-01  -4.6042900e-01
   3.1999300e-01  -3.4483600e-01
   4.1573200e-01  -1.9052200e-01
   4.5066700e-01  -2.1163300e-02
   4.2689900e-01   1.4961100e-01
   3.4102300e-01   3.0668200e-01
   1.9275200e-01   4.2436100e-01
  -1.1576900e-03   4.7044400e-01
  -2.0137800e-01   4.2275100e-01
  -3.5675600e-01   2.8639100e-01
  -4.2660400e-01   9.7872600e-02
  -4.0027200e-01  -8.9093400e-02
  -3.0061600e-01  -2.2808700e-01
  -1.6893100e-01  -2.9914300e-01
  -4.1820400e-02  -3.1066200e-01
   6.4264600e-02  -2.8452300e-01
   1.5136500e-01  -2.3665600e-01
   2.2482900e-01  -1.6784100e-01
   2.7818300e-01  -7.0891000e-02
   2.9107000e-01   5.2673200e-02
   2.4274500e-01   1.8094500e-01
   1.3105000e-01   2.7583200e-01
  -1.8040300e-02   3.0191200e-01
  -1.5882400e-01   2.4732400e-01
  -2.4771500e-01   1.3195100e-01
  -2.6420900e-01  -3.0194800e-03
  -2.1734600e-01  -1.1691300e-01
  -1.3462500e-01  -1.8787700e-01
  -4.2775900e-02  -2.1615100e-01
   4.5154200e-02  -2.1249100e-01
   1.2792800e-01  -1.8291100e-01
   2.0319300e-01  -1.2293900e-01
   2.5613300e-01  -2.6159400e-02
   2.6112100e-01   1.0031800e-01
   1.9725500e-01   2.2729200e-01
   6.7023200e-02   3.1118800e-01
  -9.6455900e-02   3.1533900e-01
  -2.4092700e-01   2.3131800e-01
  -3.1937800e-01   8.5748000e-02
  -3.1217600e-01  -7.2529400e-02
  -2.3322300e-01  -1.9669300e-01
  -1.1748400e-01  -2.6201900e-01
   1.8273100e-04  -2.7002300e-01
   1.0004200e-01  -2.3681000e-01
   1.7758900e-01  -1.7679300e-01
   2.3203200e-01  -9.4950400e-02
   2.5525300e-01   7.3823100e-03
   2.3212100e-01   1.1987200e-01
   1.5306600e-01   2.1647100e-01
   2.8908800e-02   2.6301400e-01
  -1.0524200e-01   2.3602700e-01
  -2.0288900e-01   1.3992800e-01
  -2.2928600e-01   9.4634600e-03
  -1.8002900e-01  -1.0604700e-01
  -8.2656200e-02  -1.6740100e-01
   1.9766200e-02  -1.6352700e-01
   9.1959700e-02  -1.1195200e-01
   1.2143700e-01  -4.3153300e-02
   1.1678900e-01   1.8995800e-02
   9.3275000e-02   6.6946700e-02
   5.8461000e-02   1.0423500e-01
   9.2889700e-03   1.3200600e-01
  -5.8047200e-02   1.4013300e-01
  -1.3485000e-01   1.1148300e-01
  -1.9584700e-01   3.6797700e-02
  -2.0985800e-01  -7.1647000e-02
  -1.5902800e-01  -1.7956500e-01
  -5.2956600e-02  -2.4597400e-01
   7.3194900e-02  -2.4507600e-01
   1.7644200e-01  -1.8009900e-01
   2.2811700e-01  -7.9759000e-02
   2.2588200e-01   1.9869100e-02
   1.8850400e-01   9.5264900e-02
   1.3865700e-01   1.4375100e-01
   8.7150400e-02   1.7590300e-01
   2.9954700e-02   1.9970500e-01
  -4.1005000e-02   2.0980400e-01
  -1.2313000e-01   1.9057100e-01
  -1.9727400e-01   1.3045300e-01
  -2.3643200e-01   3.5918900e-02
  -2.2314700e-01  -6.6771900e-02
  -1.6259000e-01  -1.4459700e-01
  -8.1012900e-02  -1.7685100e-01
  -1.0015700e-02  -1.6662500e-01
   3.2406300e-02  -1.3635400e-01
   5.0581400e-02  -1.1075400e-01
   6.3769200e-02  -9.9663000e-02
   8.8671100e-02  -9.3174300e-02
   1.2517200e-01  -7.2115900e-02
   1.5592400e-01  -2.5424500e-02
   1.5975800e-01   3.9029400e-02
   1.2843600e-01   9.8434100e-02
   7.3822600e-02   1.3074300e-01
   1.9973700e-02   1.3007400e-01
  -1.3866700e-02   1.1006000e-01
  -2.6408900e-02   9.2613000e-02
  -3.3617600e-02   9.0689800e-02
  -5.4718500e-02   9.8231900e-02
  -9.5597400e-02   9.5009900e-02
  -1.4231100e-01   6.2801500e-02
  -1.6981700e-01   6.9210500e-04
  -1.5955500e-01  -7.2114400e-02
  -1.1280300e-01  -1.2823400e-01
  -4.9903100e-02  -1.4999000e-01
   3.9488100e-03  -1.4005700e-01
   3.5653900e-02  -1.1717700e-01
   5.1285700e-02  -1.0056200e-01
   6.8299900e-02  -9.4986900e-02
   9.9195100e-02  -8.7944300e-02
   1.3938600e-01  -6.0866900e-02
   1.6876700e-01  -5.6932400e-03
   1.6595600e-01   6.6083700e-02
   1.2449800e-01   1.2906300e-01
   5.8711900e-02   1.6031100e-01
  -5.3582600e-03   1.5435500e-01
  -4.7259600e-02   1.2566200e-01
  -6.4864900e-02   9.6875500e-02
  -7.3189600e-02   8.1749500e-02
  -9.0463500e-02   7.5624700e-02
  -1.2220700e-01   6.0495100e-02
  -1.5548400e-01   2.0642500e-02
  -1.6771700e-01  -4.3165200e-02
  -1.4341600e-01  -1.1178700e-01
  -8.6173100e-02  -1.5966400e-01
  -1.6900000e-02  -1.7169100e-01
   4.0315700e-02  -1.5241700e-01
   7.4048500e-02  -1.2085000e-01
   9.1202900e-02  -9.5070100e-02
   1.0847000e-01  -7.8529500e-02
   1.3638600e-01  -5.8533300e-02
   1.6845200e-01  -1.8056400e-02
   1.8394200e-01   4.8200000e-02
   1.6260200e-01   1.2594900e-01
   1.0036200e-01   1.8800900e-01
   1.4241400e-02   2.1097600e-01
  -6.7342200e-02   1.8980200e-01
  -1.2186200e-01   1.3974500e-01
  -1.4499800e-01   8.4584300e-02
  -1.4932700e-01   4.0138900e-02
  -1.5105100e-01   5.4075200e-03
  -1.5537700e-01  -3.2403900e-02
  -1.5191600e-01  -8.3393000e-02
  -1.2366000e-01  -1.4265800e-01
  -6.2493700e-02  -1.9011000e-01
   2.0887700e-02  -2.0302100e-01
   1.0070600e-01  -1.7206900e-01
   1.5121600e-01  -1.0883100e-01
   1.6231400e-01  -3.8900500e-02
   1.4428500e-01   1.4452700e-02
   1.1839900e-01   4.4161400e-02
   1.0059500e-01   6.0792800e-02
   9.0508800e-02   8.0950400e-02
   7.3895700e-02   1.1182900e-01
   3.6233800e-02   1.4386400e-01
  -2.3159100e-02   1.5712000e-01
  -8.7532300e-02   1.3655300e-01
  -1.3262600e-01   8.4456000e-02
  -1.4281700e-01   2.0521100e-02
  -1.2142800e-01  -3.0742200e-02
  -8.7528900e-02  -5.5935500e-02
  -6.1687600e-02  -6.0273900e-02
  -5.1414700e-02  -6.1275700e-02
  -4.7152300e-02  -7.3675800e-02
  -3.1593100e-02  -9.7155299e-02
   5.0115600e-03  -1.1622900e-01
   5.5405200e-02  -1.1231400e-01
   9.9089699e-02  -7.8707100e-02
   1.1656600e-01  -2.6945500e-02
   1.0331700e-01   2.0438800e-02
   7.2925300e-02   4.5458800e-02
   4.6910800e-02   4.6879200e-02
   3.8858800e-02   3.9943900e-02
   4.4743700e-02   4.3859400e-02
   4.6664100e-02   6.6468600e-02
   2.7127900e-02   9.7631999e-02
  -1.6872300e-02   1.1625000e-01
  -7.0528200e-02   1.0561100e-01
  -1.1102700e-01   6.5569600e-02
  -1.2304300e-01   1.2563400e-02
  -1.0831400e-01  -3.2266300e-02
  -8.2341800e-02  -5.7660700e-02
  -6.1156600e-02  -6.8458300e-02
  -4.8579000e-02  -7.8927500e-02
  -3.3969300e-02  -9.8673999e-02
  -2.2850400e-03  -1.2234600e-01
   5.1301400e-02  -1.3152800e-01
   1.1369000e-01  -1.0790700e-01
   1.5950500e-01  -4.8066700e-02
   1.6657700e-01   3.1243700e-02
   1.3029400e-01   1.0166000e-01
   6.6518700e-02   1.3973100e-01
   1.1504800e-03   1.3977900e-01
  -4.5945400e-02   1.1431900e-01
  -7.1063600e-02   8.2510800e-02
  -8.4099700e-02   5.5851100e-02
  -9.6292499e-02   3.1921900e-02
  -1.0847500e-01   4.2781300e-04
  -1.0932300e-01  -4.3906000e-02
  -8.5072299e-02  -9.2361399e-02
  -3.3013300e-02  -1.2492800e-01
   3.2151500e-02  -1.2332600e-01
   8.4812699e-02  -8.4787599e-02
   1.0383100e-01  -2.6036400e-02
   8.5898399e-02   2.6077800e-02
   4.7197800e-02   5.0994200e-02
   1.2113800e-02   4.6366900e-02
  -2.8604800e-03   2.7244900e-02
   1.4531900e-03   1.3598300e-02
   1.0473000e-02   1.5691300e-02
   8.9818399e-03   2.8021600e-02
  -6.5330500e-03   3.5770300e-02
  -2.5690600e-02   2.8146100e-02
  -3.3488400e-02   7.9115500e-03
  -2.3432800e-02  -1.0439600e-02
  -3.9505900e-03  -1.2444900e-02
   7.2800900e-03   3.8728700e-03
  -2.9602700e-03   2.4829900e-02
  -3.2117300e-02   3.0171500e-02
  -6.1849900e-02   8.0281999e-03
  -6.9873400e-02  -3.5334700e-02
  -4.5309100e-02  -7.8401900e-02
   3.5451800e-03  -9.8101499e-02
   5.4599600e-02  -8.4539699e-02
   8.6460299e-02  -4.6327600e-02
   9.1434099e-02  -3.0964000e-03
   7.7866000e-02   2.8752200e-02
   6.0821400e-02   4.6257000e-02
   4.8873900e-02   5.8703100e-02
   3.7458700e-02   7.6579600e-02
   1.3929300e-02   9.9835499e-02
  -2.9760200e-02   1.1506500e-01
  -8.6884399e-02   1.0430700e-01
  -1.3669100e-01   5.9057200e-02
  -1.5623700e-01  -1.1133300e-02
  -1.3501600e-01  -8.2333399e-02
  -8.1774499e-02  -1.2993800e-01
  -1.8583400e-02  -1.4274200e-01
   3.3442400e-02  -1.2746200e-01
   6.6321700e-02  -1.0092600e-01
   8.6669399e-02  -7.6281699e-02
   1.0604600e-01  -5.3825900e-02
   1.2820800e-01  -2.3266000e-02
   1.4349400e-01   2.4683300e-02
   1.3498500e-01   8.6704299e-02
   9.1938699e-02   1.4470600e-01
   2.0253900e-02   1.7537900e-01
  -5.8258200e-02   1.6484300e-01
  -1.1774400e-01   1.1777300e-01
  -1.4301000e-01   5.4354200e-02
  -1.3669400e-01  -2.6274400e-03
  -1.1419700e-01  -4.1133800e-02
  -9.0774099e-02  -6.4181400e-02
  -7.0779700e-02  -8.2683399e-02
  -4.7065500e-02  -1.0311900e-01
  -1.0453800e-02  -1.2009200e-01
   3.8681500e-02  -1.1984800e-01
   8.6405599e-02  -9.2101999e-02
   1.1265100e-01  -4.0862600e-02
   1.0504100e-01   1.4666000e-02
   6.8836000e-02   5.0693900e-02
   2.5226600e-02   5.3845200e-02
  -1.4043900e-03   2.9897900e-02
   1.4413000e-03  -5.1282000e-05
   2.7363100e-02  -1.3308000e-02
   5.6620300e-02   4.7663800e-04
   6.9722900e-02   3.4618200e-02
   5.9047900e-02   7.2364899e-02
   3.0565400e-02   9.9358999e-02
  -4.3564700e-03   1.1183000e-01
  -3.9524500e-02   1.1470600e-01
  -7.7843899e-02   1.1213800e-01
  -1.2523900e-01   9.9131199e-02
  -1.7960100e-01   6.2224700e-02
  -2.2434800e-01  -1.0008800e-02
  -2.3325900e-01  -1.1400600e-01
  -1.8489600e-01  -2.2594000e-01
  -7.7387199e-02  -3.0941500e-01
   6.6650700e-02  -3.3234400e-01
   2.0887900e-01  -2.8263700e-01
   3.1230300e-01  -1.7301700e-01
   3.5596100e-01  -3.2767100e-02
   3.3888700e-01   1.0707700e-01
   2.7303300e-01   2.2496800e-01
   1.7246600e-01   3.1028400e-01
   4.7712300e-02   3.5686300e-01
  -9.1222799e-02   3.5658800e-01
  -2.2755800e-01   3.0026000e-01
  -3.3467400e-01   1.8629200e-01
  -3.8284100e-01   3.0331000e-02
  -3.5337900e-01  -1.3323800e-01
  -2.5118100e-01  -2.6185200e-01
  -1.0628900e-01  -3.2265200e-01
   3.8006600e-02  -3.0711400e-01
   1.4407500e-01  -2.3333200e-01
   1.9468800e-01  -1.3480400e-01
   1.9545800e-01  -4.3234200e-02
   1.6527500e-01   2.3885200e-02
   1.2277600e-01   6.4468900e-02
   7.8350799e-02   8.3828599e-02
   3.5733700e-02   8.5653799e-02
  -7.8992699e-04   6.9654399e-02
  -2.1736900e-02   3.7037000e-02
  -1.5887500e-02  -2.1862100e-03
   1.9960200e-02  -2.8154400e-02
   7.2901299e-02  -1.9757300e-02
   1.1539700e-01   3.1700200e-02
   1.1769000e-01   1.1332700e-01
   6.4311000e-02   1.9347500e-01
  -3.5852300e-02   2.3618800e-01
  -1.5272700e-01   2.1887500e-01
  -2.4958100e-01   1.4246200e-01
  -2.9969500e-01   2.8437600e-02
  -2.9515800e-01  -9.4016099e-02
  -2.4391200e-01  -2.0147400e-01
  -1.5953300e-01  -2.8182400e-01
  -5.2671500e-02  -3.3030900e-01
   6.9555499e-02  -3.4187200e-01
   1.9721000e-01  -3.0798900e-01
   3.1139700e-01  -2.2182500e-01
   3.8567100e-01  -8.7983499e-02
   3.9636100e-01   7.1528999e-02
   3.3562300e-01   2.2158200e-01
   2.1797500e-01   3.2754900e-01
   7.4869799e-02   3.7025800e-01
  -5.9913600e-02   3.5268200e-01
  -1.6485200e-01   2.9423500e-01
  -2.3611400e-01   2.1702800e-01
  -2.8132500e-01   1.3375300e-01
  -3.0740000e-01   4.5177200e-02
  -3.1201300e-01  -5.2188600e-02
  -2.8499700e-01  -1.5520600e-01
  -2.1811100e-01  -2.4906400e-01
  -1.1521400e-01  -3.1235800e-01
   5.3531700e-03  -3.2869100e-01
   1.1835300e-01  -2.9616000e-01
   2.0381200e-01  -2.2777100e-01
   2.5498000e-01  -1.4270200e-01
   2.7672900e-01  -5.5227800e-02
   2.7642400e-01   3.0334000e-02
   2.5513400e-01   1.1526600e-01
   2.0660100e-01   1.9684800e-01
   1.2517000e-01   2.6205800e-01
   1.6446500e-02   2.9080200e-01
  -9.8259799e-02   2.6755600e-01
  -1.8857400e-01   1.9347300e-01
  -2.2958000e-01   8.9877399e-02
  -2.1500900e-01  -1.0291900e-02
  -1.6034700e-01  -7.8220099e-02
  -9.3865099e-02  -1.0232200e-01
  -4.1616400e-02  -9.0867799e-02
  -1.6041800e-02  -6.3629799e-02
  -1.4507000e-02  -3.9335300e-02
  -2.6596800e-02  -2.7619300e-02
  -4.3041900e-02  -2.9682000e-02
  -5.9094699e-02  -4.4625500e-02
  -7.0759199e-02  -7.4212199e-02
  -6.8887999e-02  -1.2075500e-01
  -3.8444800e-02  -1.7937300e-01
   3.3762700e-02  -2.3163600e-01
   1.4685600e-01  -2.4792500e-01
   2.7802000e-01  -1.9998900e-01
   3.8628300e-01  -7.7400799e-02
   4.2797400e-01   1.0225900e-01
   3.7598300e-01   2.9659600e-01
   2.3210600e-01   4.5392100e-01
   2.5990200e-02   5.3257200e-01
  -1.9748300e-01   5.1380200e-01
  -3.9405200e-01   4.0303600e-01
  -5.3053000e-01   2.2212700e-01
  -5.8674799e-01   8.4689399e-05
  -5.5268300e-01  -2.3151400e-01
  -4.2721000e-01  -4.3820300e-01
  -2.2178100e-01  -5.8255399e-01
   3.3992100e-02  -6.2995299e-01
   2.9182600e-01  -5.6072199e-01
   4.9448000e-01  -3.8247400e-01
   5.9396399e-01  -1.3388600e-01
   5.6972899e-01   1.2509200e-01
   4.3674100e-01   3.3347000e-01
   2.3857800e-01   4.5007500e-01
   2.9366300e-02   4.6461600e-01
  -1.4551600e-01   3.9463300e-01
  -2.6044700e-01   2.7242500e-01
  -3.0920400e-01   1.3104000e-01
  -2.9761700e-01  -3.2113100e-03
  -2.3687100e-01  -1.1063900e-01
  -1.4213600e-01  -1.7541900e-01
  -3.4959400e-02  -1.8624000e-01
   5.6445999e-02  -1.4198400e-01
   1.0366200e-01  -5.8024199e-02
   9.0061299e-02   3.3830900e-02
   2.1309800e-02   9.5290499e-02
  -7.3543899e-02   9.7938999e-02
  -1.5315300e-01   3.7029800e-02
  -1.8202000e-01  -6.5749799e-02
  -1.4573500e-01  -1.7254900e-01
  -5.5021699e-02  -2.4664200e-01
   6.2540099e-02  -2.6674200e-01
   1.7669100e-01  -2.3108900e-01
   2.6543900e-01  -1.5138600e-01
   3.1739000e-01  -4.3123400e-02
   3.2710800e-01   8.0082699e-02
   2.9010600e-01   2.0519200e-01
   2.0328700e-01   3.1504500e-01
   7.1060299e-02   3.8695900e-01
  -8.8401599e-02   3.9861600e-01
  -2.4358200e-01   3.3891300e-01
  -3.5908100e-01   2.1644800e-01
  -4.0962600e-01   5.8888499e-02
  -3.9014700e-01  -9.7733999e-02
  -3.1550700e-01  -2.2374200e-01
  -2.1030600e-01  -3.0561900e-01
  -9.5795399e-02  -3.4541900e-01
   1.7486100e-02  -3.5156400e-01
   1.2730600e-01  -3.2865000e-01
   2.3087300e-01  -2.7400100e-01
   3.1741500e-01  -1.8311700e-01
   3.6870000e-01  -5.9238299e-02
   3.6767100e-01   8.1004799e-02
   3.0906300e-01   2.1090700e-01
   2.0419700e-01   3.0430800e-01
   7.6414199e-02   3.4642800e-01
  -4.9583600e-02   3.3778000e-01
  -1.5701500e-01   2.8930000e-01
  -2.3896400e-01   2.1329700e-01
  -2.9301900e-01   1.1756600e-01
  -3.1441400e-01   6.9563999e-03
  -2.9447900e-01  -1.0975700e-01
  -2.2675200e-01  -2.1455500e-01
  -1.1645700e-01  -2.8258400e-01
   1.4473000e-02  -2.9263900e-01
   1.3228000e-01  -2.3953800e-01
   2.0479500e-01  -1.3987500e-01
   2.1581600e-01  -2.6478400e-02
   1.7175000e-01   6.5743399e-02
   9.6773199e-02   1.1430000e-01
   2.0130900e-02   1.1580900e-01
  -3.6237600e-02   8.2330899e-02
  -6.2885799e-02   3.1662600e-02
  -5.9934499e-02  -2.0933400e-02
  -3.0968200e-02  -6.4691699e-02
   1.9912100e-02  -9.0097299e-02
   8.5427099e-02  -8.6035099e-02
   1.5024500e-01  -4.2392500e-02
   1.9026300e-01   4.1972400e-02
   1.7992100e-01   1.5159400e-01
   1.0514700e-01   2.5423900e-01
  -2.5722700e-02   3.1113400e-01
  -1.8078900e-01   2.9340400e-01
  -3.1535700e-01   1.9576600e-01
  -3.8935900e-01   3.9593600e-02
  -3.8206500e-01  -1.3610300e-01
  -2.9681200e-01  -2.9009100e-01
  -1.5508900e-01  -3.9192000e-01
   1.4286400e-02  -4.2667900e-01
   1.8352300e-01  -3.9208000e-01
   3.2811800e-01  -2.9343600e-01
   4.2531300e-01  -1.4203400e-01
   4.5423900e-01   4.2201700e-02
   4.0136600e-01   2.2809300e-01
   2.6929900e-01   3.7638000e-01
   8.2505099e-02   4.5058800e-01
  -1.1613200e-01   4.3127500e-01
  -2.7864400e-01   3.2549400e-01
  -3.6920000e-01   1.6513200e-01
  -3.7612000e-01  -5.7782899e-03
  -3.1250200e-01  -1.4792200e-01
  -2.0627900e-01  -2.3869500e-01
  -8.6666099e-02  -2.7402000e-01
   2.4921600e-02  -2.6161300e-01
   1.1579700e-01  -2.1236700e-01
   1.7751200e-01  -1.3630200e-01
   2.0220300e-01  -4.4530600e-02
   1.8423900e-01   4.6855699e-02
   1.2619200e-01   1.1689100e-01
   4.3522900e-02   1.4633400e-01
  -3.7608500e-02   1.2745700e-01
  -9.0216399e-02   7.0132999e-02
  -9.8838899e-02  -1.0503600e-03
  -6.6640399e-02  -5.8013099e-02
  -1.2551700e-02  -8.2256799e-02
   3.9717900e-02  -7.1872599e-02
   7.3632799e-02  -3.8684000e-02
   8.5331399e-02   1.5599300e-03
   8.0207799e-02   3.8610300e-02
   6.4539499e-02   7.0443999e-02
   3.9298600e-02   9.8506599e-02
   9.5786799e-04   1.2048400e-01
  -5.1798299e-02   1.2730700e-01
  -1.1144000e-01   1.0751900e-01
  -1.6115500e-01   5.6050199e-02
  -1.8203700e-01  -1.9308200e-02
  -1.6336400e-01  -9.9137299e-02
  -1.0885200e-01  -1.6114100e-01
  -3.4475600e-02  -1.9072000e-01
   4.0535300e-02  -1.8634500e-01
   1.0306700e-01  -1.5657600e-01
   1.4948700e-01  -1.1171500e-01
   1.8141300e-01  -5.6857499e-02
   1.9817300e-01   8.3551399e-03
   1.9276700e-01   8.3475099e-02
   1.5526600e-01   1.6003100e-01
   8.1624799e-02   2.1997400e-01
  -1.8722200e-02   2.4231200e-01
  -1.2277100e-01   2.1424200e-01
  -2.0252700e-01   1.3941300e-01
  -2.3728800e-01   3.7585000e-02
  -2.2203800e-01  -6.4226099e-02
  -1.6712200e-01  -1.4337500e-01
  -9.0473199e-02  -1.8877800e-01
  -8.4482099e-03  -2.0018900e-01
   6.8493599e-02  -1.8201200e-01
   1.3356800e-01  -1.3775600e-01
   1.7865300e-01  -6.9890799e-02
   1.9243000e-01   1.5224200e-02
   1.6483200e-01   1.0246500e-01
   9.5355399e-02   1.6888300e-01
  -1.1727500e-03   1.9203000e-01
  -9.6907299e-02   1.6137700e-01
  -1.6160500e-01   8.5437599e-02
  -1.7587600e-01  -1.0596000e-02
  -1.3924100e-01  -9.5831799e-02
  -6.8437499e-02  -1.4683400e-01
   1.2260700e-02  -1.5538300e-01
   8.2083299e-02  -1.2731500e-01
   1.2954300e-01  -7.5067299e-02
   1.5094300e-01  -1.0289900e-02
   1.4515300e-01   5.8378799e-02
   1.1051300e-01   1.2225600e-01
   4.7113199e-02   1.6886500e-01
  -3.7531500e-02   1.8274900e-01
  -1.2506300e-01   1.5223400e-01
  -1.8983200e-01   7.8139299e-02
  -2.0911200e-01  -2.2160700e-02
  -1.7433500e-01  -1.1949800e-01
  -9.6163899e-02  -1.8484000e-01
   1.6818400e-04  -2.0166100e-01
   8.6572499e-02  -1.7156100e-01
   1.4374000e-01  -1.1035500e-01
   1.6610400e-01  -3.8106800e-02
   1.5852100e-01   2.9947900e-02
   1.2879100e-01   8.6225299e-02
   8.2350999e-02   1.2726700e-01
   2.2817300e-02   1.4860300e-01
  -4.3278599e-02   1.4351800e-01
  -1.0294700e-01   1.0747700e-01
  -1.3898800e-01   4.4759899e-02
  -1.3793000e-01  -2.8673200e-02
  -9.8581099e-02  -8.9775299e-02
  -3.4852800e-02  -1.1872700e-01
   2.9948200e-02  -1.0870000e-01
   7.4306299e-02  -6.8713199e-02
   8.8234299e-02  -1.7722700e-02
   7.5660399e-02   2.5991900e-02
   4.8722699e-02   5.3147999e-02
   1.8737000e-02   6.4539799e-02
  -9.5550499e-03   6.5419299e-02
  -3.6905600e-02   5.8481699e-02
  -6.3615099e-02   4.1298899e-02
  -8.4426299e-02   1.0091100e-02
  -8.9121399e-02  -3.3585700e-02
  -6.8975899e-02  -7.9204599e-02
  -2.4315900e-02  -1.1046300e-01
   3.2850800e-02  -1.1382300e-01
   8.3770799e-02  -8.6605299e-02
   1.1254600e-01  -3.8839099e-02
   1.1399100e-01   1.2597300e-02
   9.4524999e-02   5.3493299e-02
   6.5901999e-02   7.8915499e-02
   3.6695200e-02   9.2651299e-02
   7.8327999e-03   1.0062400e-01
  -2.4838300e-02   1.0383100e-01
  -6.3467999e-02   9.6501899e-02
  -1.0258000e-01   7.0949899e-02
  -1.2975100e-01   2.5329300e-02
  -1.3254300e-01  -3.1910000e-02
  -1.0677900e-01  -8.4684699e-02
  -6.0034799e-02  -1.1757600e-01
  -7.6555699e-03  -1.2403300e-01
   3.5923500e-02  -1.0878700e-01
   6.4429599e-02  -8.3032399e-02
   8.0643999e-02  -5.6223899e-02
   9.0871799e-02  -3.0657100e-02
   9.7720999e-02  -2.6335300e-03
   9.7039799e-02   3.1158600e-02
   8.1470999e-02   6.7490299e-02
   4.7815599e-02   9.5931599e-02
   2.2703500e-03   1.0468800e-01
  -4.0957299e-02   8.8824499e-02
  -6.7221699e-02   5.4708099e-02
  -7.0045799e-02   1.7095900e-02
  -5.4681499e-02  -9.3681399e-03
  -3.4121300e-02  -1.8406600e-02
  -2.0479300e-02  -1.4483300e-02
  -1.7885600e-02  -8.0062899e-03
  -2.1695400e-02  -7.2504699e-03
  -2.3981100e-02  -1.3061600e-02
  -2.0628000e-02  -1.9994300e-02
  -1.4385100e-02  -2.2456500e-02
  -1.1603800e-02  -2.0578800e-02
  -1.5481100e-02  -2.0837800e-02
  -2.1489200e-02  -3.0669500e-02
  -1.9102200e-02  -5.1168699e-02
   9.1495999e-04  -7.3739499e-02
   3.8812299e-02  -8.3817999e-02
   8.3538499e-02  -6.9566899e-02
   1.1786500e-01  -2.9643600e-02
   1.2769200e-01   2.5350300e-02
   1.0931300e-01   7.8684899e-02
   6.9970899e-02   1.1643400e-01
   2.1936400e-02   1.3340400e-01
  -2.5106900e-02   1.3246600e-01
  -6.7760499e-02   1.1878100e-01
  -1.0648200e-01   9.4086199e-02
  -1.3977400e-01   5.5859099e-02
  -1.6044000e-01   2.0046700e-03
  -1.5767300e-01  -6.2925999e-02
  -1.2408800e-01  -1.2550700e-01
  -6.2597799e-02  -1.6791300e-01
   1.2267300e-02  -1.7675600e-01
   8.0259099e-02  -1.5042400e-01
   1.2499400e-01  -9.9865499e-02
   1.4103000e-01  -4.2236599e-02
   1.3403700e-01   8.2122899e-03
   1.1457800e-01   4.5922599e-02
   9.0432799e-02   7.3099999e-02
   6.3025699e-02   9.3735799e-02
   3.0024000e-02   1.0781900e-01
  -8.7082899e-03   1.1045200e-01
  -4.7176399e-02   9.6444399e-02
  -7.4997199e-02   6.6452499e-02
  -8.3866699e-02   2.9340500e-02
  -7.3859799e-02  -1.7452400e-03
  -5.4477199e-02  -1.7211900e-02
  -3.9110799e-02  -1.7178500e-02
  -3.6519999e-02  -1.1326900e-02
  -4.5259799e-02  -1.2292700e-02
  -5.4992999e-02  -2.7121300e-02
  -5.3704699e-02  -5.2709199e-02
  -3.5665399e-02  -7.8226699e-02
  -4.6262399e-03  -9.2468799e-02
   2.9603700e-02  -9.0666799e-02
   5.8164799e-02  -7.6002699e-02
   7.8255399e-02  -5.5277999e-02
   9.2636599e-02  -3.2646200e-02
   1.0438000e-01  -6.6388099e-03
   1.1150900e-01   2.7062200e-02
   1.0630200e-01   6.9353799e-02
   8.0362699e-02   1.1316500e-01
   3.1918700e-02   1.4478200e-01
  -3.0213000e-02   1.5082300e-01
  -8.9406599e-02   1.2628400e-01
  -1.2931900e-01   7.8011399e-02
  -1.4198900e-01   2.1089200e-02
  -1.3061100e-01  -2.9404400e-02
  -1.0545000e-01  -6.5622199e-02
  -7.6259199e-02  -8.8477999e-02
  -4.6799999e-02  -1.0312500e-01
  -1.5137300e-02  -1.1243800e-01
   2.1178200e-02  -1.1377100e-01
   5.9683499e-02  -1.0142400e-01
   9.2021999e-02  -7.2648299e-02
   1.0849300e-01  -3.2127900e-02
   1.0475100e-01   8.9970799e-03
   8.5404899e-02   3.9291499e-02
   6.1453199e-02   5.3989199e-02
   4.3119999e-02   5.7560199e-02
   3.3196899e-02   5.9817899e-02
   2.5760700e-02   6.8275199e-02
   1.1241800e-02   8.2272899e-02
  -1.5831300e-02   9.3142499e-02
  -5.2030099e-02   9.0252399e-02
  -8.6580999e-02   6.8509399e-02
  -1.0801100e-01   3.1929000e-02
  -1.1096300e-01  -9.0980499e-03
  -9.8327098e-02  -4.4525099e-02
  -7.7531299e-02  -7.0211999e-02
  -5.4233599e-02  -8.8311399e-02
  -2.8533300e-02  -1.0260500e-01
   3.3440899e-03  -1.1287500e-01
   4.3340399e-02  -1.1313200e-01
   8.6586499e-02  -9.5478198e-02
   1.2151200e-01  -5.6877899e-02
   1.3559200e-01  -3.6344799e-03
   1.2291700e-01   5.0167799e-02
   8.8194199e-02   8.9634599e-02
   4.4209499e-02   1.0681300e-01
   4.4315899e-03   1.0396200e-01
  -2.4102900e-02   9.0290199e-02
  -4.2843299e-02   7.4803099e-02
  -5.7745599e-02   6.0549799e-02
  -7.2710999e-02   4.4264199e-02
  -8.5611799e-02   2.1185600e-02
  -8.9863299e-02  -9.0708299e-03
  -8.0104199e-02  -4.0394499e-02
  -5.7341399e-02  -6.3579599e-02
  -2.9336600e-02  -7.2642899e-02
  -5.7195299e-03  -6.9109799e-02
   8.5517299e-03  -6.0803099e-02
   1.6371000e-02  -5.5860199e-02
   2.5747000e-02  -5.6414299e-02
   4.3048199e-02  -5.6752499e-02
   6.7225199e-02  -4.7490999e-02
   8.9379099e-02  -2.2822800e-02
   9.8138898e-02   1.4438700e-02
   8.7042699e-02   5.3716399e-02
   5.8666599e-02   8.2812099e-02
   2.2681000e-02   9.4902498e-02
  -1.0519500e-02   9.1466298e-02
  -3.5813599e-02   7.9369699e-02
  -5.4686699e-02   6.4716399e-02
  -7.1306599e-02   4.8366199e-02
  -8.6810699e-02   2.6541800e-02
  -9.6580698e-02  -4.1383799e-03
  -9.2882898e-02  -4.1388399e-02
  -7.0984899e-02  -7.6204399e-02
  -3.4017499e-02  -9.7283698e-02
   7.3726699e-03  -9.7919398e-02
   4.0697599e-02  -8.0342999e-02
   5.8737099e-02  -5.4235199e-02
   6.3043199e-02  -3.0375299e-02
   6.1408599e-02  -1.3967300e-02
   6.1282699e-02  -2.3852800e-03
   6.4045699e-02   1.1223000e-02
   6.4310099e-02   3.1369799e-02
   5.4596699e-02   5.5717899e-02
   3.1716299e-02   7.5993399e-02
  -1.5899500e-05   8.3549599e-02
  -3.1123199e-02   7.5323499e-02
  -5.3023999e-02   5.5709899e-02
  -6.3180399e-02   3.3054899e-02
  -6.5499399e-02   1.3584200e-02
  -6.5852299e-02  -2.4955100e-03
  -6.6363699e-02  -1.9726800e-02
  -6.3080099e-02  -4.2014699e-02
  -4.9024399e-02  -6.7438699e-02
  -2.0443300e-02  -8.7540299e-02
   1.8530500e-02  -9.2024898e-02
   5.6566699e-02  -7.5676799e-02
   8.1047499e-02  -4.2489199e-02
   8.5209399e-02  -3.9184899e-03
   7.1577799e-02   2.7608900e-02
   4.9435199e-02   4.5419799e-02
   2.8361000e-02   5.0986499e-02
   1.2588600e-02   5.0701299e-02
   7.6010899e-05   4.9875599e-02
  -1.3522800e-02   4.8668099e-02
  -2.9510699e-02   4.2924799e-02
  -4.3862499e-02   2.8961299e-02
  -4.9900999e-02   8.2065899e-03
  -4.3828299e-02  -1.2267600e-02
  -2.8643099e-02  -2.4076100e-02
  -1.3076900e-02  -2.3571400e-02
  -5.9599599e-03  -1.4958100e-02
  -9.9939498e-03  -7.8437299e-03
  -1.9548900e-02  -1.0708900e-02
  -2.4271600e-02  -2.4875500e-02
  -1.6077900e-02  -4.3293599e-02
   5.3600899e-03  -5.5027799e-02
   3.2411399e-02  -5.2243799e-02
   5.4498399e-02  -3.4796299e-02
   6.4551499e-02  -9.4243698e-03
   6.2308199e-02   1.5417800e-02
   5.2446199e-02   3.4957699e-02
   3.9530899e-02   4.9700099e-02
   2.4080600e-02   6.2360399e-02
   2.9925599e-03   7.3014299e-02
  -2.6034200e-02   7.6770999e-02
  -5.9769099e-02   6.6285999e-02
  -8.8568298e-02   3.7552599e-02
  -1.0068700e-01  -5.3730599e-03
  -8.9157998e-02  -5.0568899e-02
  -5.6465299e-02  -8.3758098e-02
  -1.3641500e-02  -9.5656798e-02
   2.5720200e-02  -8.6287698e-02
   5.2474399e-02  -6.3531499e-02
   6.5316399e-02  -3.7269599e-02
   6.8692499e-02  -1.3477000e-02
   6.7383899e-02   7.6475599e-03
   6.2187799e-02   2.8682999e-02
   4.9978599e-02   5.0032599e-02
   2.7836299e-02   6.7309399e-02
  -2.3411100e-03   7.3381199e-02
  -3.2755899e-02   6.3614499e-02
  -5.3442699e-02   4.0201999e-02
  -5.8310699e-02   1.1989400e-02
  -4.9056799e-02  -1.0451500e-02
  -3.3939499e-02  -2.1135400e-02
  -2.2157100e-02  -2.1855200e-02
  -1.7827700e-02  -1.9974200e-02
  -1.7870600e-02  -2.2490000e-02
  -1.5197700e-02  -3.0751899e-02
  -4.7087499e-03  -3.9665699e-02
   1.2439600e-02  -4.1830999e-02
   2.9438299e-02  -3.3382899e-02
   3.8747899e-02  -1.7098900e-02
   3.7546199e-02  -4.6990599e-04
   2.9573799e-02   9.7318698e-03
   2.2032600e-02   1.2224800e-02
   1.9964200e-02   1.1717900e-02
   2.2423900e-02   1.4814200e-02
   2.3363800e-02   2.4498500e-02
   1.6525200e-02   3.7453899e-02
   5.7339499e-04   4.6275799e-02
  -1.9470000e-02   4.4897699e-02
  -3.5616299e-02   3.3087299e-02
  -4.2546099e-02   1.6567400e-02
  -4.1187099e-02   2.6553199e-03
  -3.7475299e-02  -5.2484499e-03
  -3.7208199e-02  -1.0075300e-02
  -4.0911099e-02  -1.8466700e-02
  -4.2705299e-02  -3.4990799e-02
  -3.4220099e-02  -5.7513299e-02
  -1.0825600e-02  -7.7268399e-02
   2.4293800e-02  -8.3757698e-02
   6.1161899e-02  -7.1093099e-02
   8.8379598e-02  -4.1400499e-02
   9.9026098e-02  -3.1178299e-03
   9.3089698e-02   3.4246099e-02
   7.5192699e-02   6.4890199e-02
   4.9931399e-02   8.7696198e-02
   1.8798300e-02   1.0322200e-01
  -1.8839600e-02   1.0974100e-01
  -6.1676799e-02   1.0210100e-01
  -1.0297500e-01   7.4880099e-02
  -1.3111800e-01   2.7769399e-02
  -1.3472200e-01  -3.1016699e-02
  -1.0921500e-01  -8.6395698e-02
  -6.0428099e-02  -1.2274900e-01
  -2.5045700e-03  -1.3115600e-01
   4.8693299e-02  -1.1300200e-01
   8.2532498e-02  -7.7902398e-02
   9.6708398e-02  -3.7710499e-02
   9.5190298e-02  -8.3957298e-04
   8.3340498e-02   2.9576599e-02
   6.4214999e-02   5.3327299e-02
   3.8630099e-02   6.9405199e-02
   8.2624198e-03   7.4543399e-02
  -2.1529700e-02   6.5483299e-02
  -4.2297099e-02   4.3113199e-02
  -4.6837999e-02   1.4746300e-02
  -3.4378199e-02  -8.0706998e-03
  -1.2563600e-02  -1.5494700e-02
   5.7938699e-03  -5.3190099e-03
   9.5932798e-03   1.5229100e-02
  -4.3581699e-03   3.3301999e-02
  -2.9803999e-02   3.7529399e-02
  -5.4990399e-02   2.3882900e-02
  -6.9278199e-02  -3.2226999e-03
  -6.8024999e-02  -3.4710199e-02
  -5.2948899e-02  -6.2339699e-02
  -2.8653399e-02  -8.1967698e-02
   1.3192600e-03  -9.2766698e-02
   3.5609099e-02  -9.3960998e-02
   7.2689499e-02  -8.2555198e-02
   1.0750500e-01  -5.4566699e-02
   1.3062300e-01  -9.2014598e-03
   1.3158900e-01   4.7324499e-02
   1.0481300e-01   1.0182500e-01
   5.4011999e-02   1.3896300e-01
  -8.1606598e-03   1.4825400e-01
  -6.5513699e-02   1.2889200e-01
  -1.0550300e-01   8.9330698e-02
  -1.2377900e-01   4.2079499e-02
  -1.2359100e-01  -2.6826599e-03
  -1.1115700e-01  -4.0539999e-02
  -9.0749398e-02  -7.1606399e-02
  -6.3050999e-02  -9.6408398e-02
  -2.7512999e-02  -1.1263300e-01
   1.3747300e-02  -1.1550000e-01
   5.4127699e-02  -1.0144400e-01
   8.4692298e-02  -7.2012898e-02
   9.8943198e-02  -3.4609299e-02
   9.6647798e-02   9.3195098e-04
   8.3699198e-02   2.7660999e-02
   6.7910699e-02   4.4896699e-02
   5.3732399e-02   5.7165499e-02
   3.9764399e-02   6.9470999e-02
   2.0909600e-02   8.2430398e-02
  -6.4408399e-03   9.0962498e-02
  -4.0087999e-02   8.7600698e-02
  -7.1876398e-02   6.8069399e-02
  -9.1974298e-02   3.5061599e-02
  -9.4601398e-02  -2.5542499e-03
  -8.1195398e-02  -3.4548899e-02
  -5.8918499e-02  -5.4759299e-02
  -3.5803699e-02  -6.3406699e-02
  -1.6167400e-02  -6.5006499e-02
   5.1587499e-04  -6.3849299e-02
   1.6881000e-02  -6.0687399e-02
   3.3662199e-02  -5.3095099e-02
   4.7868599e-02  -3.8930699e-02
   5.4741599e-02  -1.9804800e-02
   5.1949599e-02  -1.4109500e-03
   4.2522099e-02   9.9387798e-03
   3.3807699e-02   1.2125700e-02
   3.2726299e-02   9.6203898e-03
   4.0530999e-02   1.1256400e-02
   5.0933899e-02   2.4505699e-02
   5.3238899e-02   5.0028699e-02
   3.8636999e-02   8.0244998e-02
   5.5977699e-03   1.0296300e-01
  -3.9051399e-02   1.0767900e-01
  -8.3750098e-02   9.0482098e-02
  -1.1778400e-01   5.4759699e-02
  -1.3507400e-01   7.9936698e-03
  -1.3419500e-01  -4.2381499e-02
  -1.1572400e-01  -9.0903098e-02
  -7.9957098e-02  -1.3286200e-01
  -2.7418999e-02  -1.6188000e-01
   3.8073699e-02  -1.6940100e-01
   1.0661900e-01  -1.4771200e-01
   1.6286000e-01  -9.5124798e-02
   1.9095600e-01  -1.9703800e-02
   1.8153600e-01   6.1625599e-02
   1.3649600e-01   1.2891500e-01
   6.8541198e-02   1.6696400e-01
  -4.3496299e-03   1.7067000e-01
  -6.6215499e-02   1.4517900e-01
  -1.0800200e-01   1.0145300e-01
  -1.2788300e-01   5.0618799e-02
  -1.2812400e-01   6.6301599e-04
  -1.1169200e-01  -4.3264499e-02
  -8.1330898e-02  -7.6626398e-02
  -4.1251699e-02  -9.4353998e-02
   9.2977698e-04  -9.2514398e-02
   3.4785899e-02  -7.1756198e-02
   5.0976099e-02  -3.9501499e-02
   4.6325999e-02  -8.2963198e-03
   2.6496799e-02   9.6065398e-03
   3.8727999e-03   8.4378598e-03
  -8.5640098e-03  -8.0515198e-03
  -3.8080599e-03  -2.8777699e-02
   1.6105900e-02  -4.1420099e-02
   4.2181699e-02  -3.8613799e-02
   6.3933199e-02  -2.0578900e-02
   7.4482498e-02   6.8375198e-03
   7.2240098e-02   3.6589699e-02
   5.8917399e-02   6.3848799e-02
   3.6326599e-02   8.6224698e-02
   5.0074199e-03   1.0145000e-01
  -3.4147699e-02   1.0530000e-01
  -7.6882698e-02   9.2272898e-02
  -1.1424700e-01   5.9163499e-02
  -1.3494400e-01   9.0157398e-03
  -1.3053300e-01  -4.7828999e-02
  -1.0024400e-01  -9.7070698e-02
  -5.2054799e-02  -1.2656500e-01
   9.3477198e-04  -1.3151000e-01
   4.6636799e-02  -1.1550700e-01
   7.8750398e-02  -8.7083298e-02
   9.7402198e-02  -5.4298899e-02
   1.0586300e-01  -2.1148100e-02
   1.0625000e-01   1.2108700e-02
   9.7566298e-02   4.5602599e-02
   7.7379798e-02   7.6605398e-02
   4.5494399e-02   9.9210198e-02
   6.4134298e-03   1.0733900e-01
  -3.1646499e-02   9.8770998e-02
  -6.0705499e-02   7.6992898e-02
  -7.7088298e-02   4.9307199e-02
  -8.2591398e-02   2.2482399e-02
  -8.1902398e-02  -8.5392998e-04
  -7.8271398e-02  -2.2413799e-02
  -7.0791798e-02  -4.4966299e-02
  -5.5446299e-02  -6.8184498e-02
  -2.9192499e-02  -8.6966298e-02
   6.0132599e-03  -9.3764398e-02
   4.2440499e-02  -8.3443998e-02
   6.9925498e-02  -5.7222799e-02
   8.1199198e-02  -2.2805299e-02
   7.5609198e-02   9.4907598e-03
   5.8794899e-02   3.1999599e-02
   3.8757599e-02   4.2862199e-02
   2.1244399e-02   4.5228099e-02
   7.6159598e-03   4.3577499e-02
  -3.7121299e-03   4.0205199e-02
  -1.3936800e-02   3.4495899e-02
  -2.1671699e-02   2.5213999e-02
  -2.3823699e-02   1.3537300e-02
  -1.8846000e-02   3.9333199e-03
  -9.5671798e-03   1.7075400e-03
  -2.9004999e-03   8.8114398e-03
  -6.0305299e-03   2.1138499e-02
  -2.1444099e-02   2.9728799e-02
  -4.4304399e-02   2.5576099e-02
  -6.4242798e-02   5.0800699e-03
  -7.0652598e-02  -2.7418899e-02
  -5.8175799e-02  -6.1661698e-02
  -2.9012999e-02  -8.6636898e-02
   9.0428498e-03  -9.5497998e-02
   4.7034999e-02  -8.7320398e-02
   7.8505298e-02  -6.5273098e-02
   1.0018800e-01  -3.3351499e-02
   1.1011200e-01   5.4510499e-03
   1.0555900e-01   4.8222399e-02
   8.3316798e-02   8.9725798e-02
   4.2555299e-02   1.2126300e-01
  -1.1820800e-02   1.3276200e-01
  -6.8361798e-02   1.1751200e-01
  -1.1233100e-01   7.6628598e-02
  -1.3169200e-01   2.0060700e-02
  -1.2237900e-01  -3.6994899e-02
  -8.9688498e-02  -8.0373998e-02
  -4.5052899e-02  -1.0228400e-01
  -4.4478899e-04  -1.0279600e-01
   3.6081799e-02  -8.7265898e-02
   6.1375998e-02  -6.2094098e-02
   7.5076498e-02  -3.1952099e-02
   7.6929698e-02   7.3159698e-06
   6.6104498e-02   3.0051499e-02
   4.3049399e-02   5.2509699e-02
   1.2035800e-02   6.1088898e-02
  -1.8338900e-02   5.2431999e-02
  -3.8006599e-02   2.9336799e-02
  -4.0332899e-02   8.6684398e-04
  -2.5926199e-02  -2.1410399e-02
  -2.6383199e-03  -2.9050799e-02
   1.8495600e-02  -2.0763099e-02
   2.8894999e-02  -2.3518599e-03
   2.6152699e-02   1.7189600e-02
   1.3770100e-02   3.0680699e-02
  -2.3474399e-03   3.5599999e-02
  -1.7780700e-02   3.3341999e-02
  -3.1099499e-02   2.6157899e-02
  -4.2335199e-02   1.4621700e-02
  -5.0247699e-02  -2.2477599e-03
  -5.1134399e-02  -2.4436899e-02
  -4.0598799e-02  -4.8322999e-02
  -1.7185400e-02  -6.6588698e-02
   1.4941500e-02  -7.1374298e-02
   4.6656599e-02  -5.8806398e-02
   6.7917298e-02  -3.1774099e-02
   7.2739998e-02   1.1343400e-03
   6.1881698e-02   2.9989499e-02
   4.1548699e-02   4.8340599e-02
   1.9210100e-02   5.5410699e-02
  -4.7785299e-04   5.4535099e-02
  -1.6923800e-02   4.9408899e-02
  -3.1567799e-02   4.1149199e-02
  -4.4581399e-02   2.8326899e-02
  -5.3178399e-02   9.6834997e-03
  -5.3018999e-02  -1.2899000e-02
  -4.1666599e-02  -3.3818899e-02
  -2.1339699e-02  -4.6342199e-02
   1.3711300e-03  -4.6624699e-02
   1.8898900e-02  -3.6217999e-02
   2.6916999e-02  -2.1134099e-02
   2.6409399e-02  -8.0485698e-03
   2.2167099e-02  -3.2521799e-04
   1.8898100e-02   3.3367899e-03
   1.7860100e-02   6.8040598e-03
   1.6467300e-02   1.2694200e-02
   1.1038000e-02   1.9821399e-02
   4.6755999e-04   2.3866699e-02
  -1.2074000e-02   2.0753999e-02
  -2.0808299e-02   1.0132600e-02
  -2.1198999e-02  -3.7304499e-03
  -1.3140200e-02  -1.4406000e-02
  -1.1133400e-03  -1.7353100e-02
   8.7951998e-03  -1.2625500e-02
   1.2804300e-02  -4.3233199e-03
   1.1422400e-02   2.6758399e-03
   8.1658298e-03   6.1652598e-03
   6.1711398e-03   7.6363298e-03
   5.4406899e-03   1.0208100e-02
   2.9267199e-03   1.5204000e-02
  -4.5800699e-03   2.0190499e-02
  -1.7019600e-02   2.0188399e-02
  -2.9862099e-02   1.1318000e-02
  -3.6298199e-02  -5.7931998e-03
  -3.1440399e-02  -2.5452799e-02
  -1.5609600e-02  -3.9784099e-02
   5.6247998e-03  -4.3141599e-02
   2.4661699e-02  -3.5061999e-02
   3.6061499e-02  -1.9843299e-02
   3.8843199e-02  -3.3067899e-03
   3.5542299e-02   1.0742600e-02
   2.9139499e-02   2.1807399e-02
   2.0483899e-02   3.1076499e-02
   8.2828398e-03   3.8546899e-02
  -8.4277798e-03   4.1513699e-02
  -2.7499699e-02   3.5931599e-02
  -4.3120499e-02   1.9803499e-02
  -4.8396399e-02  -4.0058499e-03
  -3.9537299e-02  -2.7922599e-02
  -1.8737099e-02  -4.3103099e-02
   6.4015598e-03  -4.4078399e-02
   2.6683499e-02  -3.1573199e-02
   3.5924299e-02  -1.1702200e-02
   3.3412499e-02   7.7573198e-03
   2.2910199e-02   2.1382899e-02
   9.3459597e-03   2.7806099e-02
  -4.1530599e-03   2.8391099e-02
  -1.6801300e-02   2.4479599e-02
  -2.8281999e-02   1.5735900e-02
  -3.6474799e-02   1.0365000e-03
  -3.7123799e-02  -1.8884799e-02
  -2.6195599e-02  -3.9438899e-02
  -3.3959999e-03  -5.2937799e-02
   2.5874799e-02  -5.2185999e-02
   5.1968699e-02  -3.4747199e-02
   6.5334898e-02  -4.9858299e-03
   6.1162198e-02   2.7645399e-02
   4.1431999e-02   5.3091999e-02
   1.3239200e-02   6.5142498e-02
  -1.5256500e-02   6.3187198e-02
  -3.8446599e-02   5.0641599e-02
  -5.4276898e-02   3.1713999e-02
  -6.2602198e-02   9.1258897e-03
  -6.2853998e-02  -1.5682600e-02
  -5.3321798e-02  -4.0526599e-02
  -3.2829699e-02  -6.0854998e-02
  -3.4225699e-03  -7.0476998e-02
   2.8396499e-02  -6.4658298e-02
   5.3451998e-02  -4.3545899e-02
   6.4041798e-02  -1.3303500e-02
   5.7895998e-02   1.6241900e-02
   3.9306899e-02   3.6224399e-02
   1.6622800e-02   4.2788699e-02
  -2.2606899e-03   3.8083399e-02
  -1.3497100e-02   2.7826399e-02
  -1.7855799e-02   1.7372900e-02
  -1.8384499e-02   9.0528097e-03
  -1.7304200e-02   2.3504899e-03
  -1.4585500e-02  -3.7553299e-03
  -9.1024397e-03  -8.5664098e-03
  -1.0994800e-03  -9.5724697e-03
   6.3845598e-03  -4.6505599e-03
   8.6630097e-03   5.2689998e-03
   2.5506299e-03   1.5440500e-02
  -1.0786600e-02   1.9463299e-02
  -2.5583399e-02   1.3143400e-02
  -3.4342399e-02  -2.5842399e-03
  -3.2062999e-02  -2.1800899e-02
  -1.9031799e-02  -3.6839999e-02
  -3.4284699e-04  -4.2473799e-02
   1.7396199e-02  -3.8286999e-02
   2.9797999e-02  -2.7837699e-02
   3.6334799e-02  -1.5521800e-02
   3.9029699e-02  -3.6194399e-03
   3.9567499e-02   8.3366698e-03
   3.7289299e-02   2.1647799e-02
   2.9703199e-02   3.5779899e-02
   1.5070300e-02   4.7293299e-02
  -5.0828698e-03   5.1437098e-02
  -2.5694299e-02   4.5326499e-02
  -4.0609699e-02   3.0292399e-02
  -4.6105699e-02   1.1510800e-02
  -4.2951399e-02  -4.9846099e-03
  -3.5477099e-02  -1.5831200e-02
  -2.8308299e-02  -2.1891499e-02
  -2.3141899e-02  -2.6750499e-02
  -1.7909799e-02  -3.3324999e-02
  -8.8913597e-03  -4.1135899e-02
   5.8467798e-03  -4.6280599e-02
   2.4277199e-02  -4.4117299e-02
   4.1129799e-02  -3.2665499e-02
   5.0969898e-02  -1.4223000e-02
   5.1377698e-02   5.9392498e-03
   4.3959599e-02   2.2762299e-02
   3.2603399e-02   3.4080399e-02
   2.0467499e-02   4.0888399e-02
   8.0861098e-03   4.5206599e-02
  -5.9808598e-03   4.7412999e-02
  -2.2577199e-02   4.5307399e-02
  -3.9645199e-02   3.5777299e-02
  -5.2230298e-02   1.7846999e-02
  -5.5090098e-02  -5.3019898e-03
  -4.6155699e-02  -2.7098799e-02
  -2.8324299e-02  -4.0871199e-02
  -8.1705998e-03  -4.3495499e-02
   7.6528598e-03  -3.6913599e-02
   1.5909300e-02  -2.6513399e-02
   1.7860099e-02  -1.7576099e-02
   1.7401299e-02  -1.2299500e-02
   1.7820399e-02  -9.3541197e-03
   1.9615399e-02  -5.9833498e-03
   2.0853399e-02  -7.8808798e-04
   1.9517499e-02   5.0471698e-03
   1.5762100e-02   8.9863597e-03
   1.2133800e-02   9.7190197e-03
   1.1484000e-02   8.8571097e-03
   1.4210000e-02   1.0179400e-02
   1.7111299e-02   1.6776999e-02
   1.5016800e-02   2.8176399e-02
   4.2520099e-03   3.9693699e-02
  -1.4447200e-02   4.4738899e-02
  -3.5691299e-02   3.8651199e-02
  -5.2134198e-02   2.1510099e-02
  -5.8328898e-02  -1.9355199e-03
  -5.3195698e-02  -2.5045299e-02
  -3.9639299e-02  -4.2749899e-02
  -2.1931699e-02  -5.3346898e-02
  -3.0089899e-03  -5.7677698e-02
   1.6316499e-02  -5.6751998e-02
   3.5881099e-02  -4.9998998e-02
   5.3945898e-02  -3.5691399e-02
   6.6361498e-02  -1.3240800e-02
   6.8166698e-02   1.4559400e-02
   5.6692698e-02   4.1387199e-02
   3.3922499e-02   5.9880098e-02
   6.2222798e-03   6.5295898e-02
  -1.8618499e-02   5.7900998e-02
  -3.5171299e-02   4.2451699e-02
  -4.2510699e-02   2.5147399e-02
  -4.3431699e-02   1.0183200e-02
  -4.1544399e-02  -1.7926699e-03
  -3.8492699e-02  -1.2489600e-02
  -3.3292899e-02  -2.3261999e-02
  -2.4073399e-02  -3.3127899e-02
  -1.0635100e-02  -3.9089099e-02
   4.3433599e-03  -3.8454599e-02
   1.6528699e-02  -3.1262999e-02
   2.2721599e-02  -2.0793899e-02
   2.3069999e-02  -1.1619700e-02
   2.0942099e-02  -6.5669298e-03
   2.0438799e-02  -4.8515598e-03
   2.3330599e-02  -2.8290199e-03
   2.7678299e-02   3.1338299e-03
   2.9184299e-02   1.3750100e-02
   2.4305699e-02   2.5999199e-02
   1.2866400e-02   3.5000399e-02
  -1.7133599e-03   3.7192999e-02
  -1.4676800e-02   3.2508299e-02
  -2.2961399e-02   2.4013499e-02
  -2.6768199e-02   1.5415900e-02
  -2.8597299e-02   8.3928597e-03
  -3.0625599e-02   1.7799399e-03
  -3.2543199e-02  -6.8262098e-03
  -3.1579499e-02  -1.8375299e-02
  -2.4729399e-02  -3.0755399e-02
  -1.1468200e-02  -3.9618299e-02
   5.1760798e-03  -4.1115699e-02
   2.0107999e-02  -3.4536899e-02
   2.9195399e-02  -2.2864699e-02
   3.1652899e-02  -1.0803000e-02
   3.0052599e-02  -1.7092899e-03
   2.7999099e-02   4.3239399e-03
   2.7238499e-02   9.8649997e-03
   2.6373899e-02   1.7539699e-02
   2.2126999e-02   2.7443599e-02
   1.2161800e-02   3.6552399e-02
  -2.6891299e-03   4.0592499e-02
  -1.8489599e-02   3.6973499e-02
  -3.0521699e-02   2.6596899e-02
  -3.6135299e-02   1.3213700e-02
  -3.6026099e-02   8.5934997e-04
  -3.3061899e-02  -8.6731597e-03
  -2.9644999e-02  -1.6430099e-02
  -2.5703499e-02  -2.4577099e-02
  -1.8897599e-02  -3.3773199e-02
  -6.9044798e-03  -4.1760899e-02
   9.9848797e-03  -4.4378899e-02
   2.8012999e-02  -3.8352099e-02
   4.1633199e-02  -2.3829399e-02
   4.6614298e-02  -4.7690898e-03
   4.2395299e-02   1.3166500e-02
   3.2052899e-02   2.5733199e-02
   1.9991999e-02   3.2053899e-02
   9.1145497e-03   3.4120299e-02
  -4.7083498e-04   3.4409099e-02
  -1.0373100e-02   3.3553199e-02
  -2.1482599e-02   2.9886899e-02
  -3.2210899e-02   2.1181799e-02
  -3.8896599e-02   7.1570798e-03
  -3.8167799e-02  -9.2844497e-03
  -2.9499999e-02  -2.3199999e-02
  -1.5995799e-02  -3.0420699e-02
  -2.7000199e-03  -3.0028999e-02
   6.4004498e-03  -2.4696899e-02
   1.0564000e-02  -1.8640699e-02
   1.2137100e-02  -1.4696699e-02
   1.4261900e-02  -1.2642600e-02
   1.8221199e-02  -9.9255997e-03
   2.2415899e-02  -4.1415199e-03
   2.3695999e-02   4.6871398e-03
   1.9966199e-02   1.3794000e-02
   1.2027100e-02   1.9550799e-02
   3.2161699e-03   2.0095799e-02
  -2.9018299e-03   1.6685699e-02
  -5.0422798e-03   1.2716900e-02
  -4.9962998e-03   1.1142100e-02
  -6.0964098e-03   1.2235200e-02
  -1.0502000e-02   1.3403500e-02
  -1.7355699e-02   1.1206700e-02
  -2.3211299e-02   4.0716599e-03
  -2.4429599e-02  -6.3318798e-03
  -1.9757499e-02  -1.6088199e-02
  -1.1178200e-02  -2.1655099e-02
  -2.4267599e-03  -2.2149299e-02
   3.6810799e-03  -1.9613799e-02
   7.0793498e-03  -1.7117999e-02
   1.0075900e-02  -1.6185599e-02
   1.5093899e-02  -1.5539099e-02
   2.2291999e-02  -1.2140200e-02
   2.8923899e-02  -3.7479299e-03
   3.0981399e-02   8.9475897e-03
   2.5941899e-02   2.2255099e-02
   1.4597599e-02   3.1575499e-02
   6.3120198e-04   3.4147199e-02
  -1.1720900e-02   3.0460399e-02
  -2.0166899e-02   2.3384099e-02
  -2.5197299e-02   1.5768199e-02
  -2.8741699e-02   8.4146097e-03
  -3.1806799e-02  -2.4331999e-05
  -3.3035799e-02  -1.1178000e-02
  -2.9412799e-02  -2.4635599e-02
  -1.8665399e-02  -3.7078999e-02
  -1.5695199e-03  -4.3709898e-02
   1.7644599e-02  -4.1079299e-02
   3.3224199e-02  -2.9334299e-02
   4.0899899e-02  -1.2279200e-02
   3.9918599e-02   4.7912298e-03
   3.2788899e-02   1.7942999e-02
   2.3093299e-02   2.6170099e-02
   1.3091800e-02   3.0741999e-02
   2.8789999e-03   3.3083199e-02
  -8.4275397e-03   3.3002599e-02
  -2.0605499e-02   2.8729599e-02
  -3.1191599e-02   1.8733899e-02
  -3.6384699e-02   3.8370599e-03
  -3.3464299e-02  -1.2181000e-02
  -2.2946099e-02  -2.4184999e-02
  -8.7862697e-03  -2.8520499e-02
   3.6753599e-03  -2.5120399e-02
   1.0691100e-02  -1.7380499e-02
   1.1977200e-02  -9.8809096e-03
   1.0254400e-02  -5.5619198e-03
   8.9124697e-03  -4.3015598e-03
   9.5687097e-03  -3.7632299e-03
   1.1269500e-02  -1.6949899e-03
   1.1773200e-02   2.1573899e-03
   9.7588896e-03   5.9706798e-03
   6.1385598e-03   7.5658597e-03
   3.4033199e-03   6.4780398e-03
   3.5104299e-03   4.6459998e-03
   6.0024598e-03   5.0712698e-03
   7.9240797e-03   9.3999997e-03
   5.7525098e-03   1.6276899e-02
  -1.9959199e-03   2.1810299e-02
  -1.3393200e-02   2.1941699e-02
  -2.4015999e-02   1.5086099e-02
  -2.9551399e-02   3.1837699e-03
  -2.8273099e-02  -9.5556796e-03
  -2.1691099e-02  -1.9269499e-02
  -1.3039700e-02  -2.4526699e-02
  -4.8482098e-03  -2.6457699e-02
   2.5495499e-03  -2.7011599e-02
   1.0506500e-02  -2.6829999e-02
   2.0068899e-02  -2.4462399e-02
   3.0170799e-02  -1.7566599e-02
   3.7541099e-02  -5.1614698e-03
   3.8524999e-02   1.0852700e-02
   3.1523099e-02   2.6172699e-02
   1.8239099e-02   3.6338299e-02
   2.7789999e-03   3.9174099e-02
  -1.0765700e-02   3.5691799e-02
  -2.0505099e-02   2.8859199e-02
  -2.7155999e-02   2.1224999e-02
  -3.2476999e-02   1.3219600e-02
  -3.7035799e-02   3.4034399e-03
  -3.9110499e-02  -9.5771096e-03
  -3.5651399e-02  -2.4890599e-02
  -2.4642199e-02  -3.8984799e-02
  -7.1047097e-03  -4.7162598e-02
   1.2794300e-02  -4.6235998e-02
   2.9700299e-02  -3.6404499e-02
   3.9763999e-02  -2.1055999e-02
   4.2238098e-02  -4.6963898e-03
   3.8993899e-02   9.4644096e-03
   3.2525799e-02   2.0582399e-02
   2.4079399e-02   2.9318799e-02
   1.3338599e-02   3.5966299e-02
  -1.9780199e-04   3.9235099e-02
  -1.5399999e-02   3.6801099e-02
  -2.8900699e-02   2.7275899e-02
  -3.6436799e-02   1.2051100e-02
  -3.5348599e-02  -4.5556598e-03
  -2.6467299e-02  -1.7222499e-02
  -1.3951599e-02  -2.2445599e-02
  -3.0540099e-03  -2.0375099e-02
   2.7362299e-03  -1.4424899e-02
   3.2956199e-03  -8.9691697e-03
   1.2577400e-03  -6.7395197e-03
  -1.8989099e-04  -7.6579697e-03
   5.7846998e-04  -9.7052996e-03
   3.0672099e-03  -1.0919100e-02
   5.8364098e-03  -1.0865000e-02
   8.2410297e-03  -1.0471100e-02
   1.1173200e-02  -1.0502500e-02
   1.6114199e-02  -1.0089900e-02
   2.3233599e-02  -6.7220897e-03
   3.0145299e-02   2.0398299e-03
   3.2545699e-02   1.6286799e-02
   2.6574599e-02   3.2666499e-02
   1.1398400e-02   4.5479998e-02
  -9.7719696e-03   4.9448598e-02
  -3.0996499e-02   4.2421798e-02
  -4.6438498e-02   2.6312299e-02
  -5.2895798e-02   5.7658298e-03
  -5.0514598e-02  -1.4385299e-02
  -4.1527098e-02  -3.1114599e-02
  -2.8234999e-02  -4.3449598e-02
  -1.1855700e-02  -5.1198598e-02
   7.0051997e-03  -5.3520998e-02
   2.6890699e-02  -4.8731198e-02
   4.4526498e-02  -3.5625799e-02
   5.5477198e-02  -1.5286999e-02
   5.6250498e-02   8.2101497e-03
   4.6445498e-02   2.9040599e-02
   2.9346899e-02   4.2235098e-02
   1.0387900e-02   4.5989098e-02
  -5.5926298e-03   4.2140498e-02
  -1.6513299e-02   3.4532599e-02
  -2.3269599e-02   2.6444199e-02
  -2.8043999e-02   1.8872299e-02
  -3.2078399e-02   1.0755200e-02
  -3.4582499e-02   7.6133397e-04
  -3.3508999e-02  -1.0859200e-02
  -2.7479099e-02  -2.1835099e-02
  -1.7281399e-02  -2.9178499e-02
  -5.7315798e-03  -3.1198099e-02
   4.0295398e-03  -2.8639899e-02
   1.0499600e-02  -2.4052099e-02
   1.4531699e-02  -1.9848799e-02
   1.8249899e-02  -1.6559799e-02
   2.3000799e-02  -1.2626499e-02
   2.7938699e-02  -5.9210398e-03
   3.0379099e-02   4.1652198e-03
   2.7717799e-02   1.5687099e-02
   1.9502799e-02   2.5023499e-02
   8.0909797e-03   2.9096999e-02
  -2.6531799e-03   2.7343199e-02
  -9.7210896e-03   2.1995299e-02
  -1.2701199e-02   1.6476099e-02
  -1.3675799e-02   1.3064299e-02
  -1.5404999e-02   1.1511400e-02
  -1.9167199e-02   9.5528696e-03
  -2.3827499e-02   4.8494098e-03
  -2.6744499e-02  -3.1356299e-03
  -2.5739899e-02  -1.2700399e-02
  -2.0596399e-02  -2.1147599e-02
  -1.2975799e-02  -2.6657299e-02
  -4.9169098e-03  -2.9291999e-02
   2.8116199e-03  -3.0363399e-02
   1.1114700e-02  -3.0715199e-02
   2.1337099e-02  -2.9377099e-02
   3.3324499e-02  -2.3809499e-02
   4.4356598e-02  -1.1747500e-02
   4.9964398e-02   6.6189797e-03
   4.6282098e-02   2.7757599e-02
   3.2419899e-02   4.5984698e-02
   1.1260800e-02   5.6074898e-02
  -1.1851500e-02   5.5641598e-02
  -3.1635199e-02   4.5827698e-02
  -4.4947398e-02   3.0056499e-02
  -5.1206498e-02   1.1917300e-02
  -5.1234198e-02  -6.2685997e-03
  -4.5723298e-02  -2.3348999e-02
  -3.4678299e-02  -3.8149098e-02
  -1.8250399e-02  -4.8496598e-02
   1.8534499e-03  -5.1562398e-02
   2.1780399e-02  -4.5489398e-02
   3.6598498e-02  -3.1129699e-02
   4.2572398e-02  -1.2446399e-02
   3.9179698e-02   4.9973998e-03
   2.9433999e-02   1.6666399e-02
   1.8192199e-02   2.1146599e-02
   9.5055796e-03   2.0369399e-02
   4.7181898e-03   1.7900099e-02
   2.4548999e-03   1.6531899e-02
   2.9002199e-04   1.6817399e-02
  -3.2498999e-03   1.7389499e-02
  -7.8031897e-03   1.6579599e-02
