   6.0406500e+00   5.0264700e-02
   5.8480100e+00   1.1307000e+00
   5.3900900e+00   2.0906700e+00
   4.7514200e+00   2.8719600e+00
   4.0125000e+00   3.4779900e+00
   3.2096700e+00   3.9440700e+00
   2.3338800e+00   4.2893000e+00
   1.3677100e+00   4.4873000e+00
   3.3085700e-01   4.4786600e+00
  -7.0205300e-01   4.2156800e+00
  -1.6263900e+00   3.7053800e+00
  -2.3578600e+00   3.0175600e+00
  -2.8714600e+00   2.2511400e+00
  -3.2007800e+00   1.4830600e+00
  -3.3991100e+00   7.3705300e-01
  -3.4922900e+00  -5.6646900e-03
  -3.4590300e+00  -7.6362100e-01
  -3.2532300e+00  -1.5141000e+00
  -2.8505900e+00  -2.1863300e+00
  -2.2833400e+00  -2.6949800e+00
  -1.6356800e+00  -2.9893700e+00
  -1.0022600e+00  -3.0818000e+00
  -4.3986000e-01  -3.0336300e+00
   5.2518400e-02  -2.9099600e+00
   5.1132900e-01  -2.7366400e+00
   9.6209800e-01  -2.4915900e+00
   1.3849100e+00  -2.1359300e+00
   1.7184400e+00  -1.6602900e+00
   1.8997100e+00  -1.1100700e+00
   1.9094100e+00  -5.6964000e-01
   1.7883100e+00  -1.1626000e-01
   1.6120600e+00   2.2202200e-01
   1.4427600e+00   4.7366600e-01
   1.2934400e+00   6.9119500e-01
   1.1312100e+00   9.0409200e-01
   9.1578300e-01   1.0928000e+00
   6.4319500e-01   1.2034000e+00
   3.6093800e-01   1.1913400e+00
   1.4237100e-01   1.0608100e+00
   3.9437500e-02   8.6916600e-01
   4.9107200e-02   6.9274500e-01
   1.1872800e-01   5.7912800e-01
   1.8611200e-01   5.2139800e-01
   2.2412300e-01   4.7307400e-01
   2.5636400e-01   3.9171800e-01
   3.3263600e-01   2.7770000e-01
   4.8338500e-01   1.7847900e-01
   6.8821400e-01   1.5507700e-01
   8.8282000e-01   2.3617500e-01
   9.9955400e-01   3.9466700e-01
   1.0113400e+00   5.6456000e-01
   9.4613700e-01   6.8562800e-01
   8.6150600e-01   7.4239600e-01
   7.9872500e-01   7.6844800e-01
   7.5142200e-01   8.1339700e-01
   6.7230500e-01   8.9809900e-01
   5.1265500e-01   9.9245300e-01
   2.6439600e-01   1.0329100e+00
  -2.7412000e-02   9.6665400e-01
  -2.9136900e-01   7.8919200e-01
  -4.7587400e-01   5.4712100e-01
  -5.8007900e-01   3.0411000e-01
  -6.4673900e-01   9.5899800e-02
  -7.2289000e-01  -9.1779600e-02
  -8.1853700e-01  -3.0596400e-01
  -8.9489800e-01  -5.8335200e-01
  -8.9123200e-01  -9.1436600e-01
  -7.6998100e-01  -1.2419100e+00
  -5.4608900e-01  -1.4961000e+00
  -2.7837100e-01  -1.6389200e+00
  -2.9429000e-02  -1.6855200e+00
   1.7564700e-01  -1.6863800e+00
   3.6085200e-01  -1.6843000e+00
   5.7276700e-01  -1.6790900e+00
   8.3653400e-01  -1.6267000e+00
   1.1280400e+00  -1.4735700e+00
   1.3836800e+00  -1.1999700e+00
   1.5407100e+00  -8.3957100e-01
   1.5778000e+00  -4.6022400e-01
   1.5256000e+00  -1.2043700e-01
   1.4396900e+00   1.6583900e-01
   1.3566300e+00   4.2989500e-01
   1.2665300e+00   7.1443600e-01
   1.1229700e+00   1.0313700e+00
   8.8237500e-01   1.3436400e+00
   5.4307400e-01   1.5850900e+00
   1.5400900e-01   1.7038100e+00
  -2.1354600e-01   1.6962000e+00
  -5.1025000e-01   1.6064700e+00
  -7.3585600e-01   1.4921400e+00
  -9.2925000e-01   1.3817700e+00
  -1.1295100e+00   1.2569200e+00
  -1.3380000e+00   1.0716700e+00
  -1.5104900e+00   7.9462900e-01
  -1.5856600e+00   4.4119900e-01
  -1.5284300e+00   7.1331300e-02
  -1.3555700e+00  -2.4589100e-01
  -1.1243000e+00  -4.7448500e-01
  -8.9255400e-01  -6.2914500e-01
  -6.8081500e-01  -7.5544000e-01
  -4.6419100e-01  -8.8814800e-01
  -2.0013400e-01  -1.0196500e+00
   1.2964200e-01  -1.1025000e+00
   4.9531000e-01  -1.0842900e+00
   8.3162800e-01  -9.4833500e-01
   1.0779900e+00  -7.2938200e-01
   1.2159300e+00  -4.9223300e-01
   1.2761300e+00  -2.8936300e-01
   1.3100900e+00  -1.2918000e-01
   1.3481500e+00   2.1538100e-02
   1.3758300e+00   2.0346900e-01
   1.3462600e+00   4.2528500e-01
   1.2190600e+00   6.4922500e-01
   9.9595700e-01   8.1297500e-01
   7.2591600e-01   8.7154500e-01
   4.7551700e-01   8.2769300e-01
   2.8669900e-01   7.2807900e-01
   1.5334800e-01   6.2821000e-01
   3.3901600e-02   5.5270600e-01
  -1.1011100e-01   4.8076400e-01
  -2.7918300e-01   3.6744100e-01
  -4.3127100e-01   1.8420700e-01
  -5.1110900e-01  -5.2386500e-02
  -4.9121000e-01  -2.8600400e-01
  -3.9349900e-01  -4.5611900e-01
  -2.7515200e-01  -5.3733200e-01
  -1.8923000e-01  -5.5304300e-01
  -1.4964400e-01  -5.5351700e-01
  -1.2656000e-01  -5.7526300e-01
  -7.5211200e-02  -6.1260800e-01
   2.4182500e-02  -6.2291600e-01
   1.4601800e-01  -5.6132400e-01
   2.3414900e-01  -4.1842300e-01
   2.4093100e-01  -2.3212100e-01
   1.6110000e-01  -6.4449700e-02
   3.4997400e-02   3.9414000e-02
  -8.1160600e-02   7.9276000e-02
  -1.5547100e-01   9.4364300e-02
  -2.0073100e-01   1.2875000e-01
  -2.5991800e-01   1.9429000e-01
  -3.6817200e-01   2.5935200e-01
  -5.2045600e-01   2.7190900e-01
  -6.6971000e-01   1.9949500e-01
  -7.5717700e-01   5.5700400e-02
  -7.5223900e-01  -1.0691100e-01
  -6.7190100e-01  -2.3222100e-01
  -5.6552100e-01  -2.9774100e-01
  -4.7658300e-01  -3.2577000e-01
  -4.1058600e-01  -3.6054500e-01
  -3.3326400e-01  -4.2914300e-01
  -2.0030400e-01  -5.1611200e-01
   4.2230000e-03  -5.7128200e-01
   2.5006800e-01  -5.4502700e-01
   4.7735400e-01  -4.2441700e-01
   6.3522500e-01  -2.4303100e-01
   7.1367500e-01  -5.7123700e-02
   7.4489500e-01   9.3802200e-02
   7.7355400e-01   2.1231400e-01
   8.1890000e-01   3.3538800e-01
   8.5758200e-01   4.9996700e-01
   8.4030200e-01   7.0820500e-01
   7.2965300e-01   9.1905100e-01
   5.3047200e-01   1.0728400e+00
   2.8967400e-01   1.1305300e+00
   6.5595100e-02   1.0982900e+00
  -1.1011900e-01   1.0189900e+00
  -2.4957300e-01   9.3762300e-01
  -3.9213900e-01   8.6669200e-01
  -5.6738500e-01   7.7806500e-01
  -7.6588400e-01   6.2714400e-01
  -9.4031000e-01   3.9093500e-01
  -1.0362200e+00   9.0945900e-02
  -1.0294200e+00  -2.1661000e-01
  -9.4183600e-01  -4.7613400e-01
  -8.2406800e-01  -6.6705500e-01
  -7.1797800e-01  -8.1170500e-01
  -6.2757600e-01  -9.5115700e-01
  -5.2007900e-01  -1.1077400e+00
  -3.5602100e-01  -1.2629600e+00
  -1.2529400e-01  -1.3676500e+00
   1.3849200e-01  -1.3768500e+00
   3.7645000e-01  -1.2830200e+00
   5.4200800e-01  -1.1224500e+00
   6.2950000e-01  -9.5017200e-01
   6.7251600e-01  -8.0212300e-01
   7.1364100e-01  -6.7315000e-01
   7.6877500e-01  -5.2705100e-01
   8.1319900e-01  -3.3068700e-01
   7.9992800e-01  -8.5939600e-02
   6.9637500e-01   1.6500500e-01
   5.1147000e-01   3.6529000e-01
   2.9259000e-01   4.8078800e-01
   9.4508100e-02   5.2121300e-01
  -5.6362800e-02   5.2924200e-01
  -1.7568600e-01   5.4611200e-01
  -3.0291400e-01   5.7984600e-01
  -4.6525800e-01   6.0009100e-01
  -6.5153600e-01   5.6331600e-01
  -8.1591600e-01   4.4904100e-01
  -9.0888200e-01   2.7945600e-01
  -9.1207500e-01   1.0738000e-01
  -8.5077700e-01  -1.8543500e-02
  -7.7468400e-01  -8.5327500e-02
  -7.2156300e-01  -1.2031800e-01
  -6.9120700e-01  -1.6589800e-01
  -6.4917700e-01  -2.4367500e-01
  -5.5716000e-01  -3.3546800e-01
  -4.0665700e-01  -3.9553300e-01
  -2.3022000e-01  -3.8475700e-01
  -8.1521400e-02  -3.0088400e-01
   8.4860300e-04  -1.8185100e-01
   1.8688300e-02  -7.9661700e-02
   9.6900200e-03  -2.4446700e-02
   1.6792100e-02  -5.6816700e-03
   5.4716500e-02   1.5544200e-02
   9.9023600e-02   7.2856400e-02
   1.0584500e-01   1.6530600e-01
   4.7168900e-02   2.5483300e-01
  -6.5206500e-02   2.9252400e-01
  -1.8533700e-01   2.5387200e-01
  -2.6426600e-01   1.5644200e-01
  -2.8325800e-01   4.6692500e-02
  -2.6424400e-01  -3.4024000e-02
  -2.4988700e-01  -7.8591800e-02
  -2.6863400e-01  -1.1651500e-01
  -3.1139200e-01  -1.8802700e-01
  -3.3753200e-01  -3.0979400e-01
  -3.0566000e-01  -4.5842100e-01
  -2.0578600e-01  -5.8439500e-01
  -6.8530000e-02  -6.4607400e-01
   5.5657600e-02  -6.3815000e-01
   1.3159400e-01  -5.9326700e-01
   1.6239900e-01  -5.5576800e-01
   1.8329400e-01  -5.4760200e-01
   2.3117200e-01  -5.5219300e-01
   3.1324200e-01  -5.2840700e-01
   3.9865400e-01  -4.4385400e-01
   4.3955300e-01  -3.0217500e-01
   4.0568000e-01  -1.4352300e-01
   3.0640600e-01  -1.7776200e-02
   1.8363800e-01   4.9394600e-02
   8.1031900e-02   7.2126000e-02
   1.2818700e-02   9.0103200e-02
  -4.4280600e-02   1.3549600e-01
  -1.3015200e-01   2.0630400e-01
  -2.6746100e-01   2.6636700e-01
  -4.4069900e-01   2.7201800e-01
  -6.0411900e-01   2.0518500e-01
  -7.1265300e-01   8.7870400e-02
  -7.5256300e-01  -3.2937000e-02
  -7.4880700e-01  -1.1850900e-01
  -7.4378000e-01  -1.6472600e-01
  -7.6367900e-01  -2.0177900e-01
  -7.9805300e-01  -2.6771200e-01
  -8.0796100e-01  -3.7607200e-01
  -7.5648300e-01  -5.0233500e-01
  -6.3838000e-01  -5.9948100e-01
  -4.8637900e-01  -6.3100700e-01
  -3.4929300e-01  -5.9650100e-01
  -2.5844900e-01  -5.3054700e-01
  -2.0766800e-01  -4.7595900e-01
  -1.6173500e-01  -4.5167300e-01
  -8.6658500e-02  -4.3957800e-01
   2.1384800e-02  -4.0014800e-01
   1.3046400e-01  -3.0485600e-01
   1.9495700e-01  -1.6070400e-01
   1.8860200e-01  -8.1976000e-03
   1.2357600e-01   1.0579800e-01
   4.1272400e-02   1.5987900e-01
  -1.8180900e-02   1.7073100e-01
  -4.4584700e-02   1.7723200e-01
  -6.2928900e-02   2.0832800e-01
  -1.1146900e-01   2.5915300e-01
  -2.0942600e-01   2.9353400e-01
  -3.3894000e-01   2.7100600e-01
  -4.5506900e-01   1.7784200e-01
  -5.1637500e-01   3.8648800e-02
  -5.1310300e-01  -1.0024900e-01
  -4.7183900e-01  -2.0306700e-01
  -4.3334400e-01  -2.6816000e-01
  -4.2054200e-01  -3.2530800e-01
  -4.2098000e-01  -4.0903200e-01
  -3.9701400e-01  -5.2838800e-01
  -3.1592300e-01  -6.5632500e-01
  -1.7705600e-01  -7.4679900e-01
  -1.5383600e-02  -7.6681500e-01
   1.2131000e-01  -7.1929800e-01
   2.0446800e-01  -6.3965500e-01
   2.4199700e-01  -5.6879500e-01
   2.6795400e-01  -5.2310700e-01
   3.1281000e-01  -4.8408500e-01
   3.7707300e-01  -4.1527900e-01
   4.2840200e-01  -2.9354800e-01
   4.2450500e-01  -1.3072600e-01
   3.4453200e-01   3.0856600e-02
   2.0528400e-01   1.4580900e-01
   5.0006600e-02   1.9550600e-01
  -8.1709400e-02   1.9801800e-01
  -1.8025700e-01   1.9094800e-01
  -2.6884300e-01   2.0043700e-01
  -3.8099400e-01   2.1999200e-01
  -5.3009800e-01   2.1520500e-01
  -6.9431400e-01   1.5075000e-01
  -8.2851600e-01   1.9148500e-02
  -8.9442000e-01  -1.5057600e-01
  -8.8631100e-01  -3.1098900e-01
  -8.3311500e-01  -4.2756700e-01
  -7.7547200e-01  -4.9977700e-01
  -7.3527000e-01  -5.5632200e-01
  -7.0070700e-01  -6.2852700e-01
  -6.3801300e-01  -7.2235300e-01
  -5.2075500e-01  -8.1046800e-01
  -3.5425800e-01  -8.5053500e-01
  -1.7644800e-01  -8.1595300e-01
  -3.4228400e-02  -7.1586100e-01
   4.6978100e-02  -5.8931700e-01
   7.7783400e-02  -4.7806800e-01
   9.2818300e-02  -3.9840500e-01
   1.2154900e-01  -3.3318800e-01
   1.6422500e-01  -2.4972000e-01
   1.9123500e-01  -1.2959200e-01
   1.6630700e-01   1.2454300e-02
   7.5877300e-02   1.3516700e-01
  -5.7727700e-02   1.9813400e-01
  -1.8942500e-01   1.8934300e-01
  -2.8106600e-01   1.3229700e-01
  -3.2549200e-01   6.7495500e-02
  -3.4709800e-01   2.2380500e-02
  -3.7886800e-01  -7.5232500e-03
  -4.3362900e-01  -5.2189100e-02
  -4.9150600e-01  -1.4051900e-01
  -5.1323000e-01  -2.7403300e-01
  -4.6925900e-01  -4.2101300e-01
  -3.6268900e-01  -5.3578100e-01
  -2.2861500e-01  -5.8877000e-01
  -1.1036800e-01  -5.8492900e-01
  -3.0480700e-02  -5.5681500e-01
   2.1900200e-02  -5.3789600e-01
   7.7981800e-02  -5.3641500e-01
   1.6091900e-01  -5.2964200e-01
   2.6387200e-01  -4.8275000e-01
   3.5139600e-01  -3.7785100e-01
   3.8327900e-01  -2.3103500e-01
   3.4294300e-01  -8.4310500e-02
   2.4903400e-01   2.1650000e-02
   1.4154600e-01   7.3599000e-02
   5.3022100e-02   9.1216800e-02
  -1.3458600e-02   1.0821500e-01
  -8.3045100e-02   1.4364800e-01
  -1.8587700e-01   1.8535300e-01
  -3.2974300e-01   1.9811500e-01
  -4.8961600e-01   1.5037600e-01
  -6.2220000e-01   3.9196200e-02
  -6.9469900e-01  -1.0547800e-01
  -7.0622700e-01  -2.4056900e-01
  -6.8589000e-01  -3.3883000e-01
  -6.6918100e-01  -4.0534100e-01
  -6.7066100e-01  -4.6936100e-01
  -6.7358000e-01  -5.5803200e-01
  -6.4415100e-01  -6.7213000e-01
  -5.5948100e-01  -7.8239900e-01
  -4.2780000e-01  -8.4933600e-01
  -2.8551300e-01  -8.5151300e-01
  -1.7314700e-01  -8.0103900e-01
  -1.0820400e-01  -7.3450700e-01
  -7.5263400e-02  -6.8626700e-01
  -4.0559500e-02  -6.6418400e-01
   2.0193100e-02  -6.4604000e-01
   1.0190200e-01  -5.9904600e-01
   1.7319000e-01  -5.0745700e-01
   2.0004600e-01  -3.8718200e-01
   1.7204100e-01  -2.7621200e-01
   1.1115500e-01  -2.0803800e-01
   5.6487700e-02  -1.8809800e-01
   3.6315300e-02  -1.9098800e-01
   4.8524800e-02  -1.8046400e-01
   6.4030900e-02  -1.3705800e-01
   5.0398300e-02  -7.2473300e-02
  -2.3623700e-03  -2.0000700e-02
  -7.3400400e-02  -8.3970200e-03
  -1.2635900e-01  -3.9149100e-02
  -1.3675700e-01  -8.4426500e-02
  -1.1064100e-01  -1.0731600e-01
  -8.0357200e-02  -8.9058300e-02
  -8.0619700e-02  -4.2729600e-02
  -1.2293600e-01  -3.1001000e-03
  -1.8762300e-01  -4.0358800e-04
  -2.3930000e-01  -3.7870800e-02
  -2.5400200e-01  -8.9939200e-02
  -2.3731200e-01  -1.2234800e-01
  -2.1981300e-01  -1.1876200e-01
  -2.3337500e-01  -9.3686400e-02
  -2.8630000e-01  -8.1848700e-02
  -3.5618000e-01  -1.1209700e-01
  -4.0589700e-01  -1.8553600e-01
  -4.1068100e-01  -2.7439700e-01
  -3.7583100e-01  -3.4244700e-01
  -3.3181300e-01  -3.7146100e-01
  -3.1059600e-01  -3.7378400e-01
  -3.2121800e-01  -3.8161600e-01
  -3.4310400e-01  -4.2127200e-01
  -3.4211900e-01  -4.9203900e-01
  -2.9712600e-01  -5.6567400e-01
  -2.1688400e-01  -6.0696100e-01
  -1.3445500e-01  -5.9975400e-01
  -8.3343200e-02  -5.5885200e-01
  -7.3363300e-02  -5.1876400e-01
  -8.4394400e-02  -5.0791900e-01
  -8.2606200e-02  -5.2781800e-01
  -4.6755800e-02  -5.5279900e-01
   1.5398700e-02  -5.5045600e-01
   7.2956900e-02  -5.0709800e-01
   9.5490000e-02  -4.3891300e-01
   7.6452600e-02  -3.8033700e-01
   3.8623900e-02  -3.5845100e-01
   1.7433800e-02  -3.7275100e-01
   3.4757600e-02  -3.9557900e-01
   8.2929400e-02  -3.9282700e-01
   1.3094500e-01  -3.4926100e-01
   1.4803400e-01  -2.7936300e-01
   1.2667400e-01  -2.1564800e-01
   8.7654600e-02  -1.8345000e-01
   6.3429700e-02  -1.8140500e-01
   7.2480200e-02  -1.8245400e-01
   1.0418800e-01  -1.5462500e-01
   1.2573600e-01  -8.5877700e-02
   1.0587700e-01   5.7917000e-03
   3.7682600e-02   8.4581300e-02
  -5.6810100e-02   1.2221100e-01
  -1.4338600e-01   1.1724600e-01
  -2.0104900e-01   9.3963500e-02
  -2.3674900e-01   8.1829300e-02
  -2.7834300e-01   9.1339700e-02
  -3.5122800e-01   1.0466700e-01
  -4.5645800e-01   8.8290300e-02
  -5.6703500e-01   1.8118300e-02
  -6.4528200e-01  -1.0183900e-01
  -6.6829900e-01  -2.4130700e-01
  -6.4243900e-01  -3.6465300e-01
  -5.9609100e-01  -4.5505100e-01
  -5.5649100e-01  -5.2375700e-01
  -5.2828700e-01  -5.9768800e-01
  -4.9017400e-01  -6.9497500e-01
  -4.1214400e-01  -8.0724500e-01
  -2.8022800e-01  -9.0226100e-01
  -1.0993100e-01  -9.4508900e-01
   6.1887700e-02  -9.2195900e-01
   2.0067800e-01  -8.4895500e-01
   2.9568900e-01  -7.5913800e-01
   3.6330200e-01  -6.7798400e-01
   4.3002400e-01  -6.0575200e-01
   5.0832800e-01  -5.2003100e-01
   5.8388200e-01  -3.9634300e-01
   6.2400000e-01  -2.3098200e-01
   6.0101500e-01  -4.8578200e-02
   5.1295800e-01   1.1156300e-01
   3.8593100e-01   2.2023300e-01
   2.5640600e-01   2.7572800e-01
   1.4677100e-01   3.0102900e-01
   5.2459000e-02   3.2317000e-01
  -4.9879000e-02   3.5064700e-01
  -1.7966400e-01   3.6605800e-01
  -3.3265400e-01   3.3955700e-01
  -4.7939300e-01   2.5284900e-01
  -5.8321900e-01   1.1545600e-01
  -6.2441700e-01  -3.9169500e-02
  -6.1241500e-01  -1.7490500e-01
  -5.7698000e-01  -2.7571200e-01
  -5.4520700e-01  -3.5294800e-01
  -5.2173400e-01  -4.3203700e-01
  -4.8706700e-01  -5.2891500e-01
  -4.1509200e-01  -6.3433100e-01
  -2.9627300e-01  -7.1804100e-01
  -1.4876400e-01  -7.4980900e-01
  -8.8103800e-03  -7.2136300e-01
   9.2499500e-02  -6.5270500e-01
   1.4875700e-01  -5.7802000e-01
   1.7951300e-01  -5.2177000e-01
   2.1258800e-01  -4.8293700e-01
   2.6099500e-01  -4.3909300e-01
   3.1200900e-01  -3.6693300e-01
   3.3664900e-01  -2.6347300e-01
   3.1229300e-01  -1.5164100e-01
   2.4119600e-01  -6.5889600e-02
   1.5078700e-01  -2.8597900e-02
   7.5411900e-02  -3.5002500e-02
   3.3177600e-02  -5.7951800e-02
   1.5231100e-02  -6.8800500e-02
  -4.6630400e-03  -5.8623300e-02
  -4.7729400e-02  -4.3783200e-02
  -1.1209500e-01  -5.1810300e-02
  -1.7278000e-01  -9.8477700e-02
  -1.9978900e-01  -1.7360400e-01
  -1.8058100e-01  -2.4646200e-01
  -1.2989600e-01  -2.8681900e-01
  -7.9476900e-02  -2.8579500e-01
  -5.5426000e-02  -2.6090600e-01
  -6.0216400e-02  -2.4161800e-01
  -7.2811700e-02  -2.4645100e-01
  -6.6588100e-02  -2.6898700e-01
  -3.1309500e-02  -2.8331400e-01
   1.7605600e-02  -2.6466000e-01
   4.9599100e-02  -2.0948200e-01
   4.1338000e-02  -1.3971200e-01
  -5.9743900e-03  -8.7862500e-02
  -6.7403200e-02  -7.4188000e-02
  -1.1256200e-01  -9.3069800e-02
  -1.2754500e-01  -1.1876800e-01
  -1.2400300e-01  -1.2604100e-01
  -1.2863200e-01  -1.0992900e-01
  -1.6121100e-01  -8.9695600e-02
  -2.1793000e-01  -9.3996600e-02
  -2.7272600e-01  -1.3856500e-01
  -2.9565100e-01  -2.1334900e-01
  -2.7442600e-01  -2.8887800e-01
  -2.2292700e-01  -3.3705500e-01
  -1.7027600e-01  -3.5071800e-01
  -1.3885700e-01  -3.4727800e-01
  -1.2790900e-01  -3.5382800e-01
  -1.1503700e-01  -3.8514900e-01
  -7.4409500e-02  -4.3131700e-01
   2.2545600e-03  -4.6433900e-01
   9.7856800e-02  -4.5877100e-01
   1.8121300e-01  -4.1070900e-01
   2.2895500e-01  -3.4080700e-01
   2.4153100e-01  -2.7907100e-01
   2.4129300e-01  -2.4295000e-01
   2.5424300e-01  -2.2527400e-01
   2.8933500e-01  -2.0105900e-01
   3.3103100e-01  -1.4792300e-01
   3.5070900e-01  -6.4559300e-02
   3.2826300e-01   2.6755000e-02
   2.6749800e-01   9.5532200e-02
   1.9370900e-01   1.2470400e-01
   1.3527500e-01   1.2218600e-01
   1.0322100e-01   1.1371600e-01
   8.4145200e-02   1.2246500e-01
   5.1785900e-02   1.5090900e-01
  -1.1640400e-02   1.7868900e-01
  -1.0053500e-01   1.7801400e-01
  -1.8875500e-01   1.3492100e-01
  -2.4803700e-01   6.0286100e-02
  -2.6807300e-01  -1.7734400e-02
  -2.6311100e-01  -7.4072200e-02
  -2.6014400e-01  -1.0452800e-01
  -2.7773900e-01  -1.2755900e-01
  -3.1154400e-01  -1.6882900e-01
  -3.3744000e-01  -2.4029200e-01
  -3.2991000e-01  -3.2970400e-01
  -2.8167100e-01  -4.0851700e-01
  -2.0973200e-01  -4.5217400e-01
  -1.4329700e-01  -4.5747500e-01
  -1.0269600e-01  -4.4394900e-01
  -8.5254600e-02  -4.3826800e-01
  -6.8715100e-02  -4.5358800e-01
  -2.9514200e-02  -4.7945600e-01
   3.8016400e-02  -4.8990700e-01
   1.1610300e-01  -4.6354600e-01
   1.7584800e-01  -4.0038700e-01
   1.9809900e-01  -3.2268800e-01
   1.8710600e-01  -2.5915100e-01
   1.6669400e-01  -2.2444100e-01
   1.6193300e-01  -2.0945400e-01
   1.8019400e-01  -1.8959300e-01
   2.0593000e-01  -1.4468100e-01
   2.1304500e-01  -7.5343500e-02
   1.8540800e-01  -3.4444800e-03
   1.2992700e-01   4.3758700e-02
   7.2263000e-02   5.3730300e-02
   3.8404000e-02   3.7836700e-02
   3.6026700e-02   2.2680900e-02
   4.9662500e-02   3.0179700e-02
   5.3233000e-02   6.1448700e-02
   3.0376000e-02   9.6620900e-02
  -1.2859800e-02   1.1062900e-01
  -5.2539100e-02   9.2908600e-02
  -6.5105100e-02   5.6043300e-02
  -4.5510600e-02   2.6799000e-02
  -1.1470900e-02   2.6320200e-02
   9.3837900e-03   5.4461800e-02
  -2.5415200e-04   9.0061300e-02
  -3.5001700e-02   1.0688700e-01
  -7.1550100e-02   9.3163500e-02
  -8.6845100e-02   5.9922600e-02
  -7.5842100e-02   3.1946300e-02
  -5.5373800e-02   2.8253800e-02
  -5.1225000e-02   4.6986300e-02
  -7.8235500e-02   6.6171200e-02
  -1.2851000e-01   5.9806700e-02
  -1.7665300e-01   1.7120400e-02
  -1.9807000e-01  -4.9516000e-02
  -1.8651500e-01  -1.1392500e-01
  -1.5768600e-01  -1.5557900e-01
  -1.3628000e-01  -1.7442200e-01
  -1.3641400e-01  -1.8989100e-01
  -1.5031600e-01  -2.2495400e-01
  -1.5386200e-01  -2.8734200e-01
  -1.2477900e-01  -3.6224200e-01
  -5.9725800e-02  -4.2201300e-01
   2.2636700e-02  -4.4563200e-01
   9.4893000e-02  -4.3319300e-01
   1.4039000e-01  -4.0462700e-01
   1.6430900e-01  -3.8370800e-01
   1.8801600e-01  -3.7955300e-01
   2.3109600e-01  -3.7965800e-01
   2.9478900e-01  -3.5970400e-01
   3.5943400e-01  -3.0267900e-01
   3.9790700e-01  -2.1278700e-01
   3.9492300e-01  -1.1361800e-01
   3.5765900e-01  -3.1921700e-02
   3.0973900e-01   2.0754900e-02
   2.7322900e-01   5.4786800e-02
   2.5228900e-01   9.2585200e-02
   2.3083600e-01   1.4973600e-01
   1.8589900e-01   2.2154000e-01
   1.0648000e-01   2.8519800e-01
   3.5580100e-03   3.1600400e-01
  -9.6375800e-02   3.0530600e-01
  -1.6939900e-01   2.6668400e-01
  -2.1024700e-01   2.2571300e-01
  -2.3434400e-01   2.0108500e-01
  -2.6436500e-01   1.9137500e-01
  -3.1161500e-01   1.7736400e-01
  -3.6638600e-01   1.3807400e-01
  -4.0459400e-01   6.8245900e-02
  -4.0564600e-01  -1.6017300e-02
  -3.6801600e-01  -8.7777300e-02
  -3.1071800e-01  -1.2801700e-01
  -2.5960800e-01  -1.3849900e-01
  -2.2883900e-01  -1.3908900e-01
  -2.1147200e-01  -1.5166600e-01
  -1.8623300e-01  -1.8286700e-01
  -1.3518400e-01  -2.1873500e-01
  -5.8831800e-02  -2.3528500e-01
   2.2800100e-02  -2.1693500e-01
   8.3987300e-02  -1.6881100e-01
   1.1156100e-01  -1.1360600e-01
   1.1384000e-01  -7.5355700e-02
   1.1354200e-01  -6.2388100e-02
   1.3010900e-01  -6.2271300e-02
   1.6484100e-01  -5.2482100e-02
   2.0006300e-01  -1.8613700e-02
   2.1288800e-01   3.3721200e-02
   1.9308400e-01   8.2323600e-02
   1.5148200e-01   1.0456900e-01
   1.1255100e-01   9.4063700e-02
   9.6734700e-02   6.5215100e-02
   1.0590000e-01   4.2294900e-02
   1.2282400e-01   4.1305100e-02
   1.2502800e-01   5.8351700e-02
   1.0239400e-01   7.3265200e-02
   6.5226100e-02   6.5638800e-02
   3.6652600e-02   3.1070100e-02
   3.5159600e-02  -1.4723400e-02
   6.0501800e-02  -4.7042200e-02
   9.3643000e-02  -5.0172500e-02
   1.1075400e-01  -2.8620500e-02
   1.0067800e-01  -3.1751300e-03
   7.2678900e-02   5.1513800e-03
   4.8704900e-02  -8.8909000e-03
   4.6097500e-02  -3.0967100e-02
   6.3907300e-02  -3.8341800e-02
   8.3188900e-02  -1.7547000e-02
   8.1047600e-02   2.4876100e-02
   4.7799800e-02   6.6698000e-02
  -5.7184600e-03   8.6115700e-02
  -5.6184300e-02   7.7486200e-02
  -8.5044600e-02   5.4832200e-02
  -9.1937800e-02   4.0552600e-02
  -9.4170300e-02   4.7962700e-02
  -1.1272600e-01   7.0916600e-02
  -1.5547000e-01   8.8362300e-02
  -2.1031000e-01   8.0349600e-02
  -2.5349700e-01   4.3354500e-02
  -2.6679800e-01  -6.6761900e-03
  -2.5057100e-01  -4.5845500e-02
  -2.2290800e-01  -5.9666500e-02
  -2.0556800e-01  -5.3159100e-02
  -2.0739700e-01  -4.6116800e-02
  -2.1778600e-01  -5.7218500e-02
  -2.1508100e-01  -8.9082500e-02
  -1.8351300e-01  -1.2560700e-01
  -1.2580700e-01  -1.4361200e-01
  -6.1899900e-02  -1.2996500e-01
  -1.4747100e-02  -9.1249900e-02
   6.0664300e-03  -4.8706200e-02
   1.0553400e-02  -2.2305700e-02
   1.9765300e-02  -1.6034700e-02
   4.9007300e-02  -1.5482500e-02
   9.5580300e-02   5.1011800e-04
   1.4033300e-01   4.3031200e-02
   1.6182500e-01   1.0388400e-01
   1.5235800e-01   1.6096300e-01
   1.2374900e-01   1.9416200e-01
   9.8493800e-02   1.9977500e-01
   9.3029900e-02   1.9256400e-01
   1.0575100e-01   1.9397400e-01
   1.1878200e-01   2.1548100e-01
   1.1210400e-01   2.4968100e-01
   7.9263900e-02   2.7583900e-01
   3.2767200e-02   2.7564100e-01
  -4.9317100e-03   2.4719100e-01
  -1.7994100e-02   2.0666300e-01
  -8.7888300e-03   1.7636000e-01
   4.2337600e-03   1.6822800e-01
   7.3580700e-04   1.7528200e-01
  -2.6009200e-02   1.7737900e-01
  -6.4023000e-02   1.5689600e-01
  -9.1738200e-02   1.1243700e-01
  -9.4366800e-02   6.0172300e-02
  -7.5107200e-02   2.1868000e-02
  -5.2715400e-02   8.6706000e-03
  -4.7308000e-02   1.2948600e-02
  -6.5161700e-02   1.4335800e-02
  -9.4001800e-02  -4.6237800e-03
  -1.1231400e-01  -4.5077000e-02
  -1.0560200e-01  -9.0823100e-02
  -7.7285700e-02  -1.2037600e-01
  -4.6034800e-02  -1.2296400e-01
  -3.1609700e-02  -1.0635900e-01
  -3.9964000e-02  -9.0653000e-02
  -5.8891100e-02  -9.2737100e-02
  -6.7478400e-02  -1.1327500e-01
  -5.2182100e-02  -1.3602400e-01
  -1.7344800e-02  -1.4000100e-01
   1.7789000e-02  -1.1527500e-01
   3.3274000e-02  -7.0451700e-02
   2.3129600e-02  -2.6228400e-02
  -5.9705800e-04   5.7993000e-05
  -1.7383400e-02   7.1741200e-03
  -1.4107700e-02   1.0406800e-02
   4.7996700e-03   2.9390800e-02
   2.0607800e-02   7.2610300e-02
   1.4456300e-02   1.3033000e-01
  -1.8294600e-02   1.8130200e-01
  -6.4383900e-02   2.0817100e-01
  -1.0239200e-01   2.0992800e-01
  -1.1851400e-01   2.0204200e-01
  -1.1643400e-01   2.0423200e-01
  -1.1388000e-01   2.2518400e-01
  -1.2853700e-01   2.5579600e-01
  -1.6403000e-01   2.7603400e-01
  -2.0660900e-01   2.7017800e-01
  -2.3503700e-01   2.3888600e-01
  -2.3618900e-01   1.9896300e-01
  -2.1456700e-01   1.7101600e-01
  -1.8858000e-01   1.6435100e-01
  -1.7643400e-01   1.7051300e-01
  -1.8235500e-01   1.7029800e-01
  -1.9353600e-01   1.4887200e-01
  -1.9009300e-01   1.0752000e-01
  -1.6042600e-01   6.3120000e-02
  -1.1036100e-01   3.5790200e-02
  -5.9134100e-02   3.4049800e-02
  -2.5310200e-02   4.8736400e-02
  -1.3267300e-02   6.0240000e-02
  -1.0472400e-02   5.3547900e-02
   2.4481400e-03   2.9702000e-02
   3.6503500e-02   5.0208400e-03
   8.5519500e-02  -1.2831700e-03
   1.3035800e-01   1.8309200e-02
   1.5294800e-01   5.3870300e-02
   1.4949500e-01   8.5425800e-02
   1.3288600e-01   9.7871199e-02
   1.2251700e-01   9.2097899e-02
   1.2928100e-01   8.3926400e-02
   1.4710200e-01   9.1690599e-02
   1.5739900e-01   1.2189800e-01
   1.4309700e-01   1.6381800e-01
   1.0156600e-01   1.9708200e-01
   4.6731500e-02   2.0650900e-01
  -1.1987300e-03   1.9296800e-01
  -3.0566300e-02   1.7208300e-01
  -4.6434900e-02   1.6185000e-01
  -6.5943800e-02   1.6858200e-01
  -1.0441600e-01   1.8186300e-01
  -1.6277900e-01   1.8232300e-01
  -2.2584300e-01   1.5634500e-01
  -2.7274600e-01   1.0658300e-01
  -2.9168200e-01   5.0365100e-02
  -2.8782300e-01   7.2158900e-03
  -2.7851200e-01  -1.5038700e-02
  -2.7946100e-01  -2.5109800e-02
  -2.9246800e-01  -4.0436300e-02
  -3.0395700e-01  -7.2728400e-02
  -2.9545200e-01  -1.1787800e-01
  -2.5802200e-01  -1.5792200e-01
  -1.9975200e-01  -1.7360300e-01
  -1.4059800e-01  -1.5807100e-01
  -9.8484699e-02  -1.2141800e-01
  -7.7154200e-02  -8.2695199e-02
  -6.4847600e-02  -5.5523100e-02
  -4.4718100e-02  -3.8206300e-02
  -8.9731499e-03  -1.5808100e-02
   3.4038900e-02   2.7449400e-02
   6.5210300e-02   9.4915499e-02
   6.8475900e-02   1.7347400e-01
   4.2620900e-02   2.4184400e-01
   2.1954100e-03   2.8499100e-01
  -3.3118600e-02   3.0383200e-01
  -5.2633600e-02   3.1300500e-01
  -6.1628700e-02   3.2850300e-01
  -7.5982900e-02   3.5464400e-01
  -1.0864600e-01   3.8027200e-01
  -1.5829800e-01   3.8706800e-01
  -2.0885600e-01   3.6366300e-01
  -2.4027500e-01   3.1484100e-01
  -2.4251700e-01   2.5884600e-01
  -2.2221000e-01   2.1480900e-01
  -1.9702500e-01   1.8974900e-01
  -1.8211000e-01   1.7487800e-01
  -1.7886700e-01   1.5388100e-01
  -1.7454000e-01   1.1677400e-01
  -1.5284400e-01   6.8741100e-02
  -1.0750700e-01   2.7216500e-02
  -4.8394000e-02   9.3832599e-03
   4.4914800e-03   1.9539600e-02
   3.4648800e-02   4.5868100e-02
   4.0132000e-02   6.9034600e-02
   3.3752900e-02   7.6116099e-02
   3.2394700e-02   6.9370400e-02
   4.3611900e-02   6.3309400e-02
   5.9692300e-02   7.2417800e-02
   6.3659600e-02   9.8928199e-02
   4.2626100e-02   1.2999100e-01
  -1.6641800e-03   1.4644100e-01
  -5.3125100e-02   1.3656100e-01
  -9.2277799e-02   1.0449100e-01
  -1.0963800e-01   6.6955200e-02
  -1.1150600e-01   4.0843400e-02
  -1.1390500e-01   3.1032600e-02
  -1.2936800e-01   2.7626000e-02
  -1.5666300e-01   1.4596500e-02
  -1.8127100e-01  -1.6811000e-02
  -1.8624800e-01  -6.0159300e-02
  -1.6523400e-01  -9.7444799e-02
  -1.2774800e-01  -1.1158400e-01
  -9.2748499e-02  -9.8375099e-02
  -7.5295799e-02  -6.8957100e-02
  -7.6358299e-02  -4.0991100e-02
  -8.3360799e-02  -2.5287500e-02
  -8.0942699e-02  -1.8010400e-02
  -6.3670600e-02  -4.3126400e-03
  -4.1008300e-02   2.9427400e-02
  -3.0745900e-02   8.4109399e-02
  -4.5849300e-02   1.4592400e-01
  -8.4668499e-02   1.9543100e-01
  -1.3189800e-01   2.2090200e-01
  -1.6955200e-01   2.2589600e-01
  -1.8966800e-01   2.2545300e-01
  -1.9918600e-01   2.3386500e-01
  -2.1341500e-01   2.5335700e-01
  -2.4314100e-01   2.7224100e-01
  -2.8523100e-01   2.7392600e-01
  -3.2389700e-01   2.4990900e-01
  -3.4171200e-01   2.0687500e-01
  -3.3206300e-01   1.6250800e-01
  -3.0367200e-01   1.3314100e-01
  -2.7379800e-01   1.2254100e-01
  -2.5531000e-01   1.2023600e-01
  -2.4739800e-01   1.1053800e-01
  -2.3690100e-01   8.5353799e-02
  -2.0916800e-01   5.1033200e-02
  -1.6014900e-01   2.4055500e-02
  -1.0051200e-01   1.8839900e-02
  -4.8625100e-02   3.6913400e-02
  -1.7693400e-02   6.5638600e-02
  -6.7394999e-03   8.7459399e-02
  -2.1904400e-03   9.2680099e-02
   1.1187900e-02   8.6148799e-02
   3.8322500e-02   8.2858799e-02
   6.9886699e-02   9.5878499e-02
   8.9322599e-02   1.2580100e-01
   8.5469599e-02   1.5972600e-01
   6.1204100e-02   1.8054000e-01
   3.1538100e-02   1.7946100e-01
   1.2615100e-02   1.6236600e-01
   9.9188299e-03   1.4512700e-01
   1.4587400e-02   1.4151100e-01
   1.0571600e-02   1.5279100e-01
  -1.2821800e-02   1.6691600e-01
  -5.2508700e-02   1.6778800e-01
  -9.3683299e-02   1.4761100e-01
  -1.2075500e-01   1.1292700e-01
  -1.2886100e-01   7.9793399e-02
  -1.2723300e-01   6.1782700e-02
  -1.3189400e-01   5.9892500e-02
  -1.5321900e-01   6.2006000e-02
  -1.8780000e-01   5.2288600e-02
  -2.2072800e-01   2.3399400e-02
  -2.3657400e-01  -1.7710000e-02
  -2.3072800e-01  -5.4763300e-02
  -2.1256800e-01  -7.4097499e-02
  -1.9809000e-01  -7.4523499e-02
  -1.9765500e-01  -6.7670299e-02
  -2.0814200e-01  -6.8597999e-02
  -2.1545200e-01  -8.3836699e-02
  -2.0545800e-01  -1.0593400e-01
  -1.7508500e-01  -1.1865300e-01
  -1.3515500e-01  -1.0889700e-01
  -1.0283400e-01  -7.6361899e-02
  -8.9407099e-02  -3.3664100e-02
  -9.2594999e-02   3.1042000e-03
  -9.9157099e-02   2.6196100e-02
  -9.5728199e-02   4.1466100e-02
  -7.9612799e-02   6.3116299e-02
  -6.1322399e-02   1.0196800e-01
  -5.6915800e-02   1.5618600e-01
  -7.5931399e-02   2.1152100e-01
  -1.1402700e-01   2.5091100e-01
  -1.5587100e-01   2.6623700e-01
  -1.8608300e-01   2.6339300e-01
  -1.9995100e-01   2.5693300e-01
  -2.0587500e-01   2.5843500e-01
  -2.1777600e-01   2.6743700e-01
  -2.4330800e-01   2.7182500e-01
  -2.7688800e-01   2.5736000e-01
  -3.0287000e-01   2.1909200e-01
  -3.0650800e-01   1.6600400e-01
  -2.8446500e-01   1.1533400e-01
  -2.4696500e-01   8.0841599e-02
  -2.1002800e-01   6.3821799e-02
  -1.8369700e-01   5.3573900e-02
  -1.6515900e-01   3.6845300e-02
  -1.4191800e-01   9.0031199e-03
  -1.0252400e-01  -2.1595100e-02
  -4.6667100e-02  -3.9371500e-02
   1.3099800e-02  -3.3084000e-02
   5.9355299e-02  -4.4288500e-03
   8.1557699e-02   3.2813400e-02
   8.2731399e-02   6.2442499e-02
   7.6133199e-02   7.7031699e-02
   7.4513299e-02   8.2251199e-02
   8.0155899e-02   9.1158299e-02
   8.3246999e-02   1.1289600e-01
   6.9772599e-02   1.4445300e-01
   3.2916600e-02   1.7180400e-01
  -2.0722200e-02   1.7960400e-01
  -7.4847899e-02   1.6215900e-01
  -1.1436300e-01   1.2740500e-01
  -1.3527000e-01   9.0936799e-02
  -1.4619800e-01   6.4628699e-02
  -1.6050900e-01   4.8436300e-02
  -1.8506700e-01   3.1525400e-02
  -2.1424100e-01   1.7742800e-03
  -2.3370000e-01  -4.3643100e-02
  -2.3113600e-01  -9.4687499e-02
  -2.0576700e-01  -1.3466800e-01
  -1.6944300e-01  -1.5159800e-01
  -1.3847900e-01  -1.4617400e-01
  -1.2236900e-01  -1.3041500e-01
  -1.1784700e-01  -1.1806800e-01
  -1.1268400e-01  -1.1409200e-01
  -9.6234899e-02  -1.1116500e-01
  -6.8651299e-02  -9.5824699e-02
  -4.1729800e-02  -5.9524899e-02
  -3.0712300e-02  -6.1736699e-03
  -4.3225700e-02   4.9602600e-02
  -7.3704599e-02   9.2209499e-02
  -1.0749300e-01   1.1553200e-01
  -1.3150900e-01   1.2625900e-01
  -1.4342200e-01   1.3766500e-01
  -1.5245500e-01   1.5864000e-01
  -1.7130700e-01   1.8632700e-01
  -2.0537800e-01   2.0794000e-01
  -2.4755400e-01   2.1038700e-01
  -2.8252200e-01   1.9035900e-01
  -2.9740900e-01   1.5726200e-01
  -2.9071700e-01   1.2672500e-01
  -2.7286200e-01   1.0959600e-01
  -2.5794600e-01   1.0467700e-01
  -2.5302700e-01   1.0063600e-01
  -2.5300300e-01   8.5549899e-02
  -2.4492900e-01   5.6782599e-02
  -2.1844900e-01   2.3684900e-02
  -1.7438200e-01   1.0580300e-03
  -1.2493400e-01  -1.6703000e-03
  -8.5337899e-02   1.2629700e-02
  -6.3225899e-02   3.0992900e-02
  -5.3724799e-02   4.0010500e-02
  -4.3923200e-02   3.5635800e-02
  -2.3273600e-02   2.5763300e-02
   7.9759899e-03   2.3692800e-02
   3.8700500e-02   3.7490000e-02
   5.5199599e-02   6.3340799e-02
   5.1569099e-02   8.7947299e-02
   3.4275300e-02   9.8156199e-02
   1.7465300e-02   9.0539199e-02
   1.2560700e-02   7.3696199e-02
   1.9990200e-02   6.1567699e-02
   2.9277200e-02   6.2839599e-02
   2.7362500e-02   7.4453499e-02
   8.8245399e-03   8.4100099e-02
  -1.9754700e-02   7.9765199e-02
  -4.4568600e-02   5.9063899e-02
  -5.4870999e-02   3.1286200e-02
  -5.0972199e-02   1.0609000e-02
  -4.3898700e-02   5.6172499e-03
  -4.6990500e-02   1.3055400e-02
  -6.5801599e-02   2.0512000e-02
  -9.3931899e-02   1.5974200e-02
  -1.1791100e-01  -2.9926200e-03
  -1.2740200e-01  -2.7376000e-02
  -1.2298400e-01  -4.3542100e-02
  -1.1563800e-01  -4.3558600e-02
  -1.1833700e-01  -3.1188900e-02
  -1.3613700e-01  -1.9030700e-02
  -1.6227300e-01  -1.8981400e-02
  -1.8317900e-01  -3.3255000e-02
  -1.8864600e-01  -5.2736999e-02
  -1.7940400e-01  -6.3897399e-02
  -1.6642700e-01  -5.9008699e-02
  -1.6251200e-01  -4.1936200e-02
  -1.7252900e-01  -2.5140000e-02
  -1.8972300e-01  -2.0190400e-02
  -2.0084600e-01  -2.8991000e-02
  -1.9620500e-01  -4.2350900e-02
  -1.7701900e-01  -4.6963900e-02
  -1.5451500e-01  -3.5495400e-02
  -1.4148200e-01  -1.2138600e-02
  -1.4267500e-01   1.0546200e-02
  -1.5133700e-01   2.1096000e-02
  -1.5443400e-01   1.7740200e-02
  -1.4263100e-01   9.6344499e-03
  -1.1743600e-01   9.8272699e-03
  -9.0135699e-02   2.5306100e-02
  -7.3342699e-02   5.1660199e-02
  -7.1578199e-02   7.6380899e-02
  -7.8015599e-02   8.8276299e-02
  -7.9825499e-02   8.5858099e-02
  -6.8056899e-02   7.8359299e-02
  -4.4564300e-02   7.8630299e-02
  -2.0749200e-02   9.3305799e-02
  -9.0852599e-03   1.1768100e-01
  -1.3849300e-02   1.3915300e-01
  -2.8057800e-02   1.4660000e-01
  -3.8894800e-02   1.3858800e-01
  -3.7488500e-02   1.2420900e-01
  -2.5621400e-02   1.1595300e-01
  -1.4300600e-02   1.2003000e-01
  -1.5291000e-02   1.3150000e-01
  -3.2033800e-02   1.3786900e-01
  -5.6823099e-02   1.2845000e-01
  -7.6362999e-02   1.0238500e-01
  -8.1492599e-02   6.9292699e-02
  -7.3727999e-02   4.2088200e-02
  -6.3707599e-02   2.7421800e-02
  -6.2763499e-02   2.0986100e-02
  -7.4038099e-02   1.1212000e-02
  -8.9886699e-02  -1.1477300e-02
  -9.7530199e-02  -4.6887499e-02
  -8.8674699e-02  -8.4650099e-02
  -6.5822099e-02  -1.1150300e-01
  -4.0513300e-02  -1.2075900e-01
  -2.4855800e-02  -1.1682200e-01
  -2.2749600e-02  -1.1138700e-01
  -2.7429300e-02  -1.1424400e-01
  -2.7135500e-02  -1.2568300e-01
  -1.4572100e-02  -1.3624900e-01
   7.0451899e-03  -1.3401500e-01
   2.5947900e-02  -1.1385200e-01
   3.0305900e-02  -8.1669599e-02
   1.6842000e-02  -5.0411799e-02
  -6.9210199e-03  -3.0845600e-02
  -2.8441200e-02  -2.4079900e-02
  -3.9561000e-02  -2.1437100e-02
  -4.2412400e-02  -1.1709800e-02
  -4.7378599e-02   9.7449799e-03
  -6.4697699e-02   3.6990400e-02
  -9.6101899e-02   5.7623899e-02
  -1.3284900e-01   6.1906999e-02
  -1.6165100e-01   5.0005799e-02
  -1.7403100e-01   3.1879400e-02
  -1.7206900e-01   1.9916700e-02
  -1.6622900e-01   1.9899200e-02
  -1.6698100e-01   2.7102800e-02
  -1.7658900e-01   3.0440700e-02
  -1.8729000e-01   2.1454100e-02
  -1.8723200e-01   1.2977400e-03
  -1.6965200e-01  -1.9593000e-02
  -1.3833200e-01  -2.8916800e-02
  -1.0519500e-01  -2.1406800e-02
  -8.1859499e-02  -2.5092900e-03
  -7.1512999e-02   1.5907000e-02
  -6.7222099e-02   2.4531200e-02
  -5.7884199e-02   2.3476500e-02
  -3.7265800e-02   2.1857400e-02
  -9.2472699e-03   3.0438100e-02
   1.4710400e-02   5.2959999e-02
   2.3956600e-02   8.2741499e-02
   1.6551900e-02   1.0714000e-01
   7.0934199e-04   1.1651500e-01
  -1.1297300e-02   1.1094200e-01
  -1.2144100e-02   9.9633599e-02
  -4.5852099e-03   9.3567099e-02
   1.1398100e-03   9.6927999e-02
  -4.3994799e-03   1.0386300e-01
  -2.2149900e-02   1.0298500e-01
  -4.3356999e-02   8.6194699e-02
  -5.5736599e-02   5.5126399e-02
  -5.2375999e-02   2.0333000e-02
  -3.6648200e-02  -6.1786599e-03
  -1.9454200e-02  -1.9424800e-02
  -1.0910600e-02  -2.4554800e-02
  -1.2787000e-02  -3.2293600e-02
  -1.7402900e-02  -5.0219899e-02
  -1.3783300e-02  -7.6516099e-02
   3.6221400e-03  -1.0093600e-01
   3.0283700e-02  -1.1225600e-01
   5.4533099e-02  -1.0656300e-01
   6.5885599e-02  -9.0126899e-02
   6.2461699e-02  -7.4694499e-02
   5.1928099e-02  -6.8777099e-02
   4.5292599e-02  -7.1526899e-02
   4.8286199e-02  -7.3796499e-02
   5.6871999e-02  -6.5539399e-02
   6.0273199e-02  -4.3908099e-02
   4.9209099e-02  -1.5897900e-02
   2.3093100e-02   6.4715199e-03
  -9.2570599e-03   1.4796900e-02
  -3.5926700e-02   1.0230200e-02
  -5.0458099e-02   2.2530800e-03
  -5.6198499e-02   1.2491100e-03
  -6.3190899e-02   1.0519300e-02
  -8.0009199e-02   2.3781700e-02
  -1.0675000e-01   3.0027600e-02
  -1.3450100e-01   2.2031600e-02
  -1.5168800e-01   2.0576000e-03
  -1.5249700e-01  -1.9559500e-02
  -1.4101100e-01  -3.1881200e-02
  -1.2795200e-01  -3.1236800e-02
  -1.2252400e-01  -2.3566900e-02
  -1.2553500e-01  -1.9506800e-02
  -1.2898500e-01  -2.5968700e-02
  -1.2241200e-01  -4.0617799e-02
  -1.0114600e-01  -5.3424399e-02
  -7.0224699e-02  -5.4107299e-02
  -4.0989099e-02  -3.9830899e-02
  -2.2947400e-02  -1.7337400e-02
  -1.7045600e-02   2.0816100e-03
  -1.5412700e-02   1.0954600e-02
  -7.7340999e-03   1.1011700e-02
   1.0603200e-02   1.1531300e-02
   3.4768400e-02   2.1939500e-02
   5.3974499e-02   4.4293199e-02
   5.9537899e-02   7.1349399e-02
   5.1404999e-02   9.1681699e-02
   3.8210799e-02   9.7970299e-02
   3.0838900e-02   9.2204399e-02
   3.4362300e-02   8.3885999e-02
   4.4451099e-02   8.2625999e-02
   5.0934099e-02   9.0755199e-02
   4.5783799e-02   1.0154000e-01
   2.9457500e-02   1.0433400e-01
   1.0790400e-02   9.2744899e-02
   5.2846199e-04   6.9621599e-02
   3.3999100e-03   4.5094399e-02
   1.4716900e-02   2.9156200e-02
   2.4057500e-02   2.4398300e-02
   2.3220000e-02   2.4378800e-02
   1.2424100e-02   1.8825900e-02
   7.8937899e-05   1.7068500e-03
  -3.6778800e-03  -2.3957600e-02
   5.2414699e-03  -4.8172099e-02
   2.1676100e-02  -6.1350699e-02
   3.5010700e-02  -6.1410299e-02
   3.7082399e-02  -5.5209599e-02
   2.8216900e-02  -5.3262299e-02
   1.6844400e-02  -6.1737999e-02
   1.3008800e-02  -7.7800999e-02
   2.0701300e-02  -9.1796099e-02
   3.4818600e-02  -9.4597499e-02
   4.5028699e-02  -8.4544699e-02
   4.3596599e-02  -6.8714999e-02
   3.1235000e-02  -5.7585899e-02
   1.6556700e-02  -5.7141399e-02
   9.5567199e-03  -6.4400299e-02
   1.4066500e-02  -6.9737299e-02
   2.4884200e-02  -6.4225199e-02
   3.1734000e-02  -4.6436499e-02
   2.7040200e-02  -2.3566800e-02
   1.1626400e-02  -6.0548899e-03
  -5.9577899e-03   2.0860700e-04
  -1.5947100e-02  -1.8168900e-03
  -1.4761500e-02  -2.7521300e-03
  -7.6899299e-03   5.9007199e-03
  -4.8346899e-03   2.5126300e-02
  -1.3398500e-02   4.7453499e-02
  -3.2151200e-02   6.2406499e-02
  -5.2251399e-02   6.4220299e-02
  -6.3781699e-02   5.5990699e-02
  -6.3042399e-02   4.7147599e-02
  -5.5093699e-02   4.6192599e-02
  -4.9648699e-02   5.4219199e-02
  -5.3457799e-02   6.4118899e-02
  -6.4967999e-02   6.6061199e-02
  -7.5304299e-02   5.5082699e-02
  -7.4828399e-02   3.5038299e-02
  -6.0312299e-02   1.5927700e-02
  -3.7314399e-02   6.6281699e-03
  -1.5985000e-02   8.5254499e-03
  -3.5001299e-03   1.4837600e-02
   1.1470300e-03   1.6104300e-02
   6.0686499e-03   7.6511499e-03
   1.9965300e-02  -6.6398699e-03
   4.5127699e-02  -1.7110700e-02
   7.5270299e-02  -1.5548400e-02
   9.9840399e-02  -1.3817600e-03
   1.1154900e-01   1.7825300e-02
   1.1144500e-01   3.1941800e-02
   1.0772100e-01   3.5678099e-02
   1.0920300e-01   3.2241300e-02
   1.1847000e-01   3.0504400e-02
   1.2982700e-01   3.7870799e-02
   1.3364700e-01   5.4268499e-02
   1.2378400e-01   7.1834799e-02
   1.0243300e-01   8.0537599e-02
   7.8757799e-02   7.5484199e-02
   6.2324599e-02   6.0405799e-02
   5.6304799e-02   4.4705799e-02
   5.5556899e-02   3.6333099e-02
   5.1001399e-02   3.5880599e-02
   3.6933299e-02   3.6364499e-02
   1.5712000e-02   2.8819200e-02
  -3.7294799e-03   9.4454699e-03
  -1.2424900e-02  -1.7120400e-02
  -8.0124399e-03  -4.0898299e-02
   3.5447199e-03  -5.3684499e-02
   1.2443700e-02  -5.4827699e-02
   1.2329400e-02  -5.1321499e-02
   4.8792999e-03  -5.2178899e-02
  -1.7564000e-03  -6.1377499e-02
   5.6041999e-04  -7.4721499e-02
   1.3485400e-02  -8.2987799e-02
   3.0649500e-02  -7.8954499e-02
   4.2216399e-02  -6.2979499e-02
   4.2089999e-02  -4.2903799e-02
   3.2330200e-02  -2.8356200e-02
   2.1453400e-02  -2.3763100e-02
   1.7927800e-02  -2.5335600e-02
   2.3796300e-02  -2.4279000e-02
   3.3240799e-02  -1.3759300e-02
   3.7151699e-02   5.6668999e-03
   3.0212500e-02   2.6273900e-02
   1.5122100e-02   3.8863199e-02
   7.5412099e-04   3.9615199e-02
  -4.3522699e-03   3.2911499e-02
   1.7510600e-03   2.8004000e-02
   1.3134500e-02   3.2060500e-02
   2.0620700e-02   4.4845899e-02
   1.8805100e-02   5.9044399e-02
   1.0148400e-02   6.5946799e-02
   3.0566400e-03   6.2174499e-02
   5.4231099e-03   5.2338399e-02
   1.8537200e-02   4.5626499e-02
   3.5973499e-02   4.8910699e-02
   4.8297399e-02   6.1589199e-02
   5.0022399e-02   7.6058199e-02
   4.3563599e-02   8.3438299e-02
   3.7219499e-02   8.0212699e-02
   3.8734699e-02   7.0761299e-02
   4.9335099e-02   6.3895499e-02
   6.2746499e-02   6.6040599e-02
   6.9928799e-02   7.6242399e-02
   6.5926799e-02   8.6775399e-02
   5.3650599e-02   8.8886799e-02
   4.1731599e-02   7.9322099e-02
   3.8089899e-02   6.2705599e-02
   4.4081899e-02   4.7990799e-02
   5.3645199e-02   4.1688599e-02
   5.8062199e-02   4.3003499e-02
   5.2716799e-02   4.4548999e-02
   4.0719799e-02   3.8082799e-02
   3.0665800e-02   2.0903800e-02
   3.0228900e-02  -1.9299300e-03
   4.0448199e-02  -2.1234600e-02
   5.5016499e-02  -3.0424400e-02
   6.5090999e-02  -3.0240600e-02
   6.5970099e-02  -2.7922900e-02
   6.0579699e-02  -3.1475899e-02
   5.7143699e-02  -4.3389199e-02
   6.2819699e-02  -5.8568599e-02
   7.8126999e-02  -6.8038199e-02
   9.6381598e-02  -6.5603599e-02
   1.0855600e-01  -5.2435799e-02
   1.0987600e-01  -3.6122399e-02
   1.0317700e-01  -2.4926500e-02
   9.6489798e-02  -2.1612200e-02
   9.6725398e-02  -2.1507900e-02
   1.0424200e-01  -1.6258200e-02
   1.1242500e-01  -4.0564699e-04
   1.1258100e-01   2.4188700e-02
   1.0044900e-01   4.9431699e-02
   7.9406399e-02   6.6762999e-02
   5.7955299e-02   7.3241199e-02
   4.3425799e-02   7.3362399e-02
   3.6654899e-02   7.5269399e-02
   3.1666399e-02   8.4250899e-02
   2.0565800e-02   9.8474498e-02
  -7.7043599e-05   1.1018600e-01
  -2.6205900e-02   1.1146700e-01
  -4.8908099e-02   1.0019000e-01
  -6.0713499e-02   8.1677199e-02
  -6.0808699e-02   6.4816499e-02
  -5.5251599e-02   5.5591099e-02
  -5.2060099e-02   5.2906499e-02
  -5.4922499e-02   4.9851699e-02
  -6.0305799e-02   3.9401799e-02
  -6.0145599e-02   2.0214400e-02
  -4.8071399e-02  -1.8893200e-03
  -2.4446000e-02  -1.7891900e-02
   3.5957299e-03  -2.2002600e-02
   2.7137700e-02  -1.5696400e-02
   4.1734299e-02  -6.3414199e-03
   5.0216099e-02  -1.4829000e-03
   5.9967199e-02  -3.1286099e-03
   7.6779899e-02  -6.3564599e-03
   9.9971698e-02  -3.2782199e-03
   1.2248100e-01   1.0667300e-02
   1.3587400e-01   3.2876199e-02
   1.3648400e-01   5.5114699e-02
   1.2804200e-01   6.9277499e-02
   1.1883100e-01   7.3030999e-02
   1.1552800e-01   7.1105599e-02
   1.1838200e-01   7.1298699e-02
   1.2136700e-01   7.8253199e-02
   1.1714300e-01   8.9739898e-02
   1.0303300e-01   9.8258698e-02
   8.3476799e-02   9.6736598e-02
   6.7071999e-02   8.3997599e-02
   6.0438099e-02   6.5859899e-02
   6.3528899e-02   5.1026499e-02
   6.9910399e-02   4.4870599e-02
   7.1769899e-02   4.5794699e-02
   6.5845799e-02   4.6879199e-02
   5.5796999e-02   4.1528799e-02
   4.9239399e-02   2.8807699e-02
   5.1724299e-02   1.4406600e-02
   6.2242799e-02   6.5073799e-03
   7.3676899e-02   9.6753098e-03
   7.7866999e-02   2.1399800e-02
   7.1479199e-02   3.3894099e-02
   5.8256999e-02   3.9787999e-02
   4.5990299e-02   3.7413299e-02
   4.0523599e-02   3.1710699e-02
   4.1354799e-02   3.0111699e-02
   4.2149199e-02   3.6552699e-02
   3.5757899e-02   4.8181499e-02
   1.9921700e-02   5.7263199e-02
  -6.7457699e-04   5.6848999e-02
  -1.7562900e-02   4.5926199e-02
  -2.4488100e-02   3.0166099e-02
  -2.1725400e-02   1.7719000e-02
  -1.5488600e-02   1.3247000e-02
  -1.2916300e-02   1.4697400e-02
  -1.6462000e-02   1.5230000e-02
  -2.1948000e-02   8.8008598e-03
  -2.1750200e-02  -4.8581099e-03
  -1.0691100e-02  -1.9654400e-02
   9.8290798e-03  -2.7401099e-02
   3.2595299e-02  -2.3717700e-02
   4.9661199e-02  -1.1119000e-02
   5.7920199e-02   3.0204799e-03
   6.0976499e-02   1.2062100e-02
   6.5941899e-02   1.5017500e-02
   7.7622099e-02   1.7073200e-02
   9.4521898e-02   2.5355600e-02
   1.0970400e-01   4.3172399e-02
   1.1584900e-01   6.7110999e-02
   1.1069400e-01   8.9205298e-02
   9.8725098e-02   1.0254100e-01
   8.7862498e-02   1.0607800e-01
   8.3643798e-02   1.0506500e-01
   8.5295198e-02   1.0676900e-01
   8.6636798e-02   1.1477300e-01
   8.1099198e-02   1.2616600e-01
   6.7023199e-02   1.3374600e-01
   4.9212599e-02   1.3153800e-01
   3.5558799e-02   1.1945200e-01
   3.1290199e-02   1.0352700e-01
   3.5190299e-02   9.1587798e-02
   4.0634999e-02   8.7586098e-02
   4.0647599e-02   8.8889598e-02
   3.3144999e-02   8.8543298e-02
   2.2415900e-02   8.0761298e-02
   1.5740000e-02   6.5474299e-02
   1.7734900e-02   4.8491199e-02
   2.6728699e-02   3.7163899e-02
   3.5910899e-02   3.4849399e-02
   3.8389899e-02   3.8368699e-02
   3.2332199e-02   4.0383199e-02
   2.2303100e-02   3.4891999e-02
   1.5811200e-02   2.1695900e-02
   1.7679800e-02   6.4726599e-03
   2.6503799e-02  -3.5677399e-03
   3.5851599e-02  -5.1377499e-03
   3.9277399e-02  -1.3020400e-03
   3.5324799e-02   9.4813398e-04
   2.8724299e-02  -3.8749899e-03
   2.6876699e-02  -1.5442400e-02
   3.4282399e-02  -2.7679799e-02
   4.9126899e-02  -3.3170299e-02
   6.4592199e-02  -2.8560299e-02
   7.3886099e-02  -1.6897100e-02
   7.5180999e-02  -5.1548099e-03
   7.2735699e-02   1.1477100e-03
   7.3377199e-02   2.1484200e-03
   8.1034598e-02   3.4790399e-03
   9.3480398e-02   1.1871400e-02
   1.0375800e-01   2.9868699e-02
   1.0521900e-01   5.3649299e-02
   9.6364498e-02   7.5609598e-02
   8.1853098e-02   8.9752098e-02
   6.8923899e-02   9.5815698e-02
   6.1968499e-02   9.9047198e-02
   5.9358299e-02   1.0582400e-01
   5.4913499e-02   1.1847100e-01
   4.2881399e-02   1.3320800e-01
   2.2632300e-02   1.4279600e-01
  -4.9240899e-04   1.4186600e-01
  -1.8829400e-02   1.3091300e-01
  -2.7787599e-02   1.1593100e-01
  -2.8923299e-02   1.0398400e-01
  -2.8398299e-02   9.8068298e-02
  -3.2017699e-02   9.5129398e-02
  -4.0623299e-02   8.8726098e-02
  -4.9334099e-02   7.4280298e-02
  -5.1200899e-02   5.2923999e-02
  -4.2497799e-02   3.1018099e-02
  -2.5640699e-02   1.5701600e-02
  -7.5252398e-03   9.8334898e-03
   5.4557199e-03   1.0139300e-02
   1.1951600e-02   9.9430998e-03
   1.6334500e-02   4.3986299e-03
   2.5033899e-02  -5.7476899e-03
   4.1326299e-02  -1.4701300e-02
   6.2538699e-02  -1.6043000e-02
   8.1784698e-02  -7.6679698e-03
   9.2916598e-02   6.5039699e-03
   9.4946898e-02   1.9340700e-02
   9.2601598e-02   2.5701999e-02
   9.2601598e-02   2.6104399e-02
   9.8496698e-02   2.6090199e-02
   1.0796000e-01   3.1801199e-02
   1.1457600e-01   4.5121699e-02
   1.1275400e-01   6.2072599e-02
   1.0203100e-01   7.5663198e-02
   8.7510298e-02   8.1034198e-02
   7.6112398e-02   7.8996498e-02
   7.1473098e-02   7.5296998e-02
   7.1354998e-02   7.6176398e-02
   6.9512299e-02   8.3591298e-02
   6.0583699e-02   9.3711098e-02
   4.4301699e-02   9.9814298e-02
   2.5835699e-02   9.7381098e-02
   1.2019900e-02   8.7521398e-02
   6.3293499e-03   7.6152898e-02
   6.4048499e-03   6.9562199e-02
   5.9883699e-03   6.9716299e-02
  -2.1071700e-04   7.2870198e-02
  -1.2409400e-02   7.2511198e-02
  -2.5509799e-02   6.4399299e-02
  -3.2896299e-02   4.9884299e-02
  -3.1388299e-02   3.4993199e-02
  -2.3604199e-02   2.5989399e-02
  -1.5956500e-02   2.4767599e-02
  -1.3809300e-02   2.7563399e-02
  -1.7467800e-02   2.7938099e-02
  -2.2027700e-02   2.1765000e-02
  -2.1184200e-02   1.0435800e-02
  -1.2104300e-02  -1.3373500e-04
   2.3293999e-03  -3.9369299e-03
   1.5595200e-02   6.1387499e-04
   2.2352000e-02   9.5102698e-03
   2.2352700e-02   1.6184700e-02
   2.0500600e-02   1.6453900e-02
   2.3020299e-02   1.1628200e-02
   3.2654899e-02   7.4455598e-03
   4.6523299e-02   9.6528398e-03
   5.8251599e-02   1.9591200e-02
   6.2750699e-02   3.3125899e-02
   6.0019099e-02   4.3723699e-02
   5.5094599e-02   4.7339099e-02
   5.4201899e-02   4.5410699e-02
   6.0016099e-02   4.3708099e-02
   6.9624298e-02   4.7912199e-02
   7.6716298e-02   5.9279499e-02
   7.6332498e-02   7.3663598e-02
   6.8572198e-02   8.4621598e-02
   5.8462699e-02   8.8238798e-02
   5.2103099e-02   8.6014698e-02
   5.2014699e-02   8.3633598e-02
   5.5220099e-02   8.6559198e-02
   5.5501999e-02   9.5794998e-02
   4.8124999e-02   1.0701900e-01
   3.3449099e-02   1.1373600e-01
   1.6709600e-02   1.1206600e-01
   4.1460999e-03   1.0353600e-01
  -1.5809500e-03   9.3794798e-02
  -3.2183199e-03   8.8229698e-02
  -6.6229099e-03   8.7829698e-02
  -1.6094900e-02   8.8421898e-02
  -3.0885299e-02   8.3859598e-02
  -4.5524199e-02   7.0743798e-02
  -5.3722499e-02   5.1104699e-02
  -5.2896299e-02   3.1024199e-02
  -4.5905399e-02   1.6249300e-02
  -3.8711099e-02   8.1180298e-03
  -3.5748799e-02   2.8676699e-03
  -3.6529499e-02  -5.1728699e-03
  -3.6042799e-02  -1.8946300e-02
  -2.8647999e-02  -3.6110499e-02
  -1.2499100e-02  -5.0505199e-02
   8.8459398e-03  -5.6534299e-02
   2.8848399e-02  -5.3156499e-02
   4.2609499e-02  -4.4480099e-02
   5.0200599e-02  -3.6533199e-02
   5.6205099e-02  -3.2669899e-02
   6.5846698e-02  -3.1093899e-02
   8.0658698e-02  -2.6364799e-02
   9.6987698e-02  -1.3731000e-02
   1.0846900e-01   7.0029598e-03
   1.1060500e-01   3.1008599e-02
   1.0398300e-01   5.1722599e-02
   9.3721498e-02   6.5408898e-02
   8.5568198e-02   7.3557898e-02
   8.1617898e-02   8.1332898e-02
   7.8883298e-02   9.3266698e-02
   7.1783598e-02   1.0948800e-01
   5.6646499e-02   1.2533900e-01
   3.4801299e-02   1.3468000e-01
   1.1914900e-02   1.3437100e-01
  -5.9323699e-03   1.2654600e-01
  -1.6467300e-02   1.1697200e-01
  -2.2565299e-02   1.1073400e-01
  -2.9720999e-02   1.0852200e-01
  -4.1584299e-02   1.0631000e-01
  -5.6953699e-02   9.8651398e-02
  -7.0502998e-02   8.3078498e-02
  -7.6683898e-02   6.2257999e-02
  -7.3846198e-02   4.2271899e-02
  -6.5458498e-02   2.8320999e-02
  -5.7511299e-02   2.1095599e-02
  -5.4072999e-02   1.6546700e-02
  -5.4356999e-02   9.2106498e-03
  -5.3504299e-02  -3.4444099e-03
  -4.6468699e-02  -1.8942900e-02
  -3.2047899e-02  -3.1562999e-02
  -1.4002600e-02  -3.6589499e-02
   1.5816100e-03  -3.3834399e-02
   1.0691300e-02  -2.7761299e-02
   1.4216300e-02  -2.4125899e-02
   1.7084900e-02  -2.5677999e-02
   2.4370999e-02  -3.0172399e-02
   3.7328099e-02  -3.2177599e-02
   5.2349399e-02  -2.7299399e-02
   6.3629598e-02  -1.5610700e-02
   6.7502098e-02  -1.6934600e-03
   6.5164398e-02   8.7320798e-03
   6.1731998e-02   1.3034100e-02
   6.2343998e-02   1.3554500e-02
   6.8271498e-02   1.5735000e-02
   7.5966998e-02   2.3911599e-02
   7.9762398e-02   3.7962799e-02
   7.6162698e-02   5.3341999e-02
   6.6482398e-02   6.4454498e-02
   5.5837399e-02   6.8814298e-02
   4.9266899e-02   6.8831698e-02
   4.7929299e-02   6.9885498e-02
   4.8250399e-02   7.6148698e-02
   4.4663599e-02   8.7329498e-02
   3.3861399e-02   9.8790398e-02
   1.7344800e-02   1.0494700e-01
   3.4932099e-04   1.0336900e-01
  -1.2022600e-02   9.6485098e-02
  -1.8530900e-02   8.9618798e-02
  -2.2566699e-02   8.6851098e-02
  -2.9390399e-02   8.7861398e-02
  -4.1940699e-02   8.8131898e-02
  -5.8392699e-02   8.2361798e-02
  -7.3311598e-02   6.8503298e-02
  -8.1526998e-02   4.9372799e-02
  -8.1798698e-02   3.0628299e-02
  -7.7514098e-02   1.6656500e-02
  -7.3909698e-02   7.4835198e-03
  -7.3940598e-02  -9.6014498e-04
  -7.5935398e-02  -1.3439500e-02
  -7.4813998e-02  -3.1467699e-02
  -6.5944998e-02  -5.1809799e-02
  -4.8721999e-02  -6.8575098e-02
  -2.7160299e-02  -7.7318198e-02
  -7.0693898e-03  -7.8058998e-02
   8.0513398e-03  -7.4956498e-02
   1.9296400e-02  -7.2908798e-02
   3.1105399e-02  -7.3673998e-02
   4.7452599e-02  -7.4457798e-02
   6.8378798e-02  -7.0036098e-02
   8.9507298e-02  -5.6801999e-02
   1.0491900e-01  -3.5672099e-02
   1.1122400e-01  -1.1653700e-02
   1.0976000e-01   9.5959598e-03
   1.0529200e-01   2.5620899e-02
   1.0220800e-01   3.8529399e-02
   1.0110900e-01   5.2866499e-02
   9.8390097e-02   7.1635598e-02
   8.9100898e-02   9.3506898e-02
   7.0927198e-02   1.1334200e-01
   4.6261699e-02   1.2564800e-01
   2.0795899e-02   1.2836700e-01
  -3.1078299e-04   1.2414000e-01
  -1.5798700e-02   1.1811900e-01
  -2.8692099e-02   1.1400500e-01
  -4.3441799e-02   1.1129900e-01
  -6.2021898e-02   1.0585600e-01
  -8.1958198e-02   9.3300898e-02
  -9.7794497e-02   7.2691798e-02
  -1.0489400e-01   4.7658599e-02
  -1.0271100e-01   2.4132799e-02
  -9.5062498e-02   6.3774698e-03
  -8.7219598e-02  -5.6998999e-03
  -8.2010898e-02  -1.5948500e-02
  -7.7893498e-02  -2.8574199e-02
  -7.0424598e-02  -4.4539099e-02
  -5.5996899e-02  -6.0500598e-02
  -3.4987699e-02  -7.1095998e-02
  -1.1920300e-02  -7.2845398e-02
   7.4960498e-03  -6.6717198e-02
   2.0221999e-02  -5.7421498e-02
   2.7742399e-02  -4.9967699e-02
   3.4541099e-02  -4.6088299e-02
   4.4374499e-02  -4.3217999e-02
   5.7181498e-02  -3.6776899e-02
   6.8968598e-02  -2.4000999e-02
   7.4752398e-02  -6.4009698e-03
   7.2322298e-02   1.1023700e-02
   6.3969698e-02   2.3229099e-02
   5.4874899e-02   2.8629999e-02
   4.9367999e-02   3.0026399e-02
   4.7885599e-02   3.2267599e-02
   4.6906399e-02   3.8436299e-02
   4.1890699e-02   4.7442999e-02
   3.0977199e-02   5.4842399e-02
   1.6627800e-02   5.6240698e-02
   3.9718299e-03   5.0698699e-02
  -2.8951999e-03   4.1550899e-02
  -3.8588199e-03   3.4016499e-02
  -2.7546399e-03   3.1408199e-02
  -4.3917899e-03   3.2799999e-02
  -1.0887200e-02   3.3900899e-02
  -2.0079899e-02   3.0458499e-02
  -2.7210999e-02   2.1602499e-02
  -2.8582099e-02   1.0597300e-02
  -2.4410899e-02   2.4406699e-03
  -1.8721599e-02   1.3436100e-04
  -1.6354000e-02   2.4524099e-03
  -1.9358299e-02   4.8937599e-03
  -2.5497499e-02   3.0935599e-03
  -2.9982699e-02  -3.8887899e-03
  -2.9117799e-02  -1.2884900e-02
  -2.3093299e-02  -1.9040699e-02
  -1.5821000e-02  -1.9501299e-02
  -1.1949500e-02  -1.5564300e-02
  -1.3327600e-02  -1.1676000e-02
  -1.7598600e-02  -1.2039000e-02
  -1.9983499e-02  -1.7404900e-02
  -1.6901600e-02  -2.4477999e-02
  -8.6852498e-03  -2.8376899e-02
   6.5636998e-04  -2.6285999e-02
   6.4376898e-03  -1.9538099e-02
   6.7838198e-03  -1.2561400e-02
   3.9682399e-03  -9.5022597e-03
   2.5994899e-03  -1.1087600e-02
   6.0418598e-03  -1.4101400e-02
   1.3786600e-02  -1.3864300e-02
   2.1763599e-02  -7.8326298e-03
   2.5353399e-02   2.4092799e-03
   2.2818899e-02   1.2267300e-02
   1.6564600e-02   1.7514000e-02
   1.1281200e-02   1.7368600e-02
   1.0390600e-02   1.4956600e-02
   1.3485600e-02   1.4816900e-02
   1.6696000e-02   1.9354599e-02
   1.5694000e-02   2.6931699e-02
   9.0550397e-03   3.3037899e-02
  -5.7222698e-04   3.3651699e-02
  -8.3694998e-03   2.8245899e-02
  -1.0882000e-02   2.0168399e-02
  -8.5108398e-03   1.4118700e-02
  -5.0883599e-03   1.2637400e-02
  -4.8726899e-03   1.4262600e-02
  -9.2461497e-03   1.4740600e-02
  -1.5619000e-02   1.0360200e-02
  -1.9363399e-02   8.7844997e-04
  -1.7307100e-02  -1.0177800e-02
  -1.0141800e-02  -1.8061499e-02
  -1.9263999e-03  -2.0273799e-02
   2.9304699e-03  -1.8331399e-02
   2.9234799e-03  -1.6508100e-02
   4.8195899e-04  -1.8513099e-02
   1.1794400e-05  -2.4629799e-02
   4.4427099e-03  -3.1477099e-02
   1.2901800e-02  -3.4567599e-02
   2.1273899e-02  -3.1718199e-02
   2.5221799e-02  -2.4731299e-02
   2.3378799e-02  -1.8077499e-02
   1.8303099e-02  -1.5582000e-02
   1.4483500e-02  -1.7622499e-02
   1.4913300e-02  -2.0950699e-02
   1.8830799e-02  -2.1259199e-02
   2.2328099e-02  -1.6539200e-02
   2.1360099e-02  -8.6837597e-03
   1.4866100e-02  -2.1240599e-03
   5.6414498e-03  -5.3714298e-04
  -1.6968900e-03  -4.1164499e-03
  -4.1092399e-03  -9.4660297e-03
  -2.3259799e-03  -1.2189300e-02
  -1.8552899e-04  -1.0206700e-02
  -1.6314600e-03  -5.2934298e-03
  -7.6507698e-03  -1.6818500e-03
  -1.5471700e-02  -2.7981699e-03
  -2.0623299e-02  -8.6104697e-03
  -2.0291699e-02  -1.5595400e-02
  -1.5431800e-02  -1.9344899e-02
  -1.0041200e-02  -1.7838099e-02
  -8.1519898e-03  -1.2905900e-02
  -1.0820200e-02  -8.7903097e-03
  -1.5385300e-02  -8.8985897e-03
  -1.7549399e-02  -1.3214500e-02
  -1.4690500e-02  -1.8321599e-02
  -7.8972498e-03  -2.0012899e-02
  -1.1870700e-03  -1.6503500e-02
   1.4959600e-03  -9.8129797e-03
  -7.7144898e-04  -4.2751099e-03
  -5.2256098e-03  -3.3066599e-03
  -7.5270998e-03  -6.8804198e-03
  -5.0446398e-03  -1.1606900e-02
   1.1735500e-03  -1.3351300e-02
   7.2251798e-03  -1.0396200e-02
   9.3403497e-03  -4.7542599e-03
   6.7608398e-03  -6.4410498e-04
   2.3319799e-03  -1.2886400e-03
   3.6339299e-04  -6.4642398e-03
   3.3815799e-03  -1.2652300e-02
   1.0230700e-02  -1.5673300e-02
   1.6951999e-02  -1.3806900e-02
   1.9766599e-02  -9.0414697e-03
   1.7901599e-02  -5.5171798e-03
   1.4122700e-02  -6.3530198e-03
   1.2581500e-02  -1.1264500e-02
   1.5615800e-02  -1.6773799e-02
   2.1929799e-02  -1.8846599e-02
   2.7529399e-02  -1.5955200e-02
   2.8700899e-02  -1.0249700e-02
   2.4778999e-02  -5.9569598e-03
   1.8613599e-02  -6.2227298e-03
   1.4394100e-02  -1.0787500e-02
   1.4484700e-02  -1.6246199e-02
   1.7667099e-02  -1.8683199e-02
   2.0114999e-02  -1.6678599e-02
   1.8352199e-02  -1.2407700e-02
   1.1948400e-02  -1.0004800e-02
   3.9122799e-03  -1.2435100e-02
  -1.5140000e-03  -1.9242199e-02
  -1.9867299e-03  -2.6872799e-02
   1.2465100e-03  -3.1324399e-02
   4.3643699e-03  -3.1110499e-02
   3.9179299e-03  -2.8302399e-02
  -5.3111498e-04  -2.6870699e-02
  -6.0756898e-03  -2.9593599e-02
  -8.6785497e-03  -3.5879199e-02
  -6.2536698e-03  -4.2149899e-02
  -2.7933699e-04  -4.4496099e-02
   5.2752998e-03  -4.1587999e-02
   6.8940998e-03  -3.5646899e-02
   4.1010799e-03  -3.0749299e-02
  -2.5930699e-04  -2.9754599e-02
  -2.2484799e-03  -3.2182999e-02
   1.2891000e-04  -3.4643599e-02
   5.3796998e-03  -3.3476399e-02
   9.6355197e-03  -2.7601199e-02
   9.5763097e-03  -1.9412299e-02
   4.9485198e-03  -1.3045100e-02
  -1.2256700e-03  -1.1326600e-02
  -4.9009798e-03  -1.3717100e-02
  -4.0155299e-03  -1.6790399e-02
   2.0395199e-05  -1.6879699e-02
   3.4698499e-03  -1.2878800e-02
   3.1698399e-03  -7.0804898e-03
  -1.0163200e-03  -3.4236099e-03
  -6.0519698e-03  -4.4848999e-03
  -7.9930297e-03  -9.4963997e-03
  -4.9486998e-03  -1.4887800e-02
   1.5022000e-03  -1.6939699e-02
   7.5048598e-03  -1.4539700e-02
   9.8220497e-03  -9.9612097e-03
   8.2363497e-03  -7.0858298e-03
   5.6489298e-03  -8.4257097e-03
   5.8110798e-03  -1.3202700e-02
   1.0415100e-02  -1.7935199e-02
   1.7750499e-02  -1.9081899e-02
   2.3940799e-02  -1.5735699e-02
   2.5821899e-02  -1.0329700e-02
   2.3282899e-02  -6.8252998e-03
   1.9304999e-02  -7.7565397e-03
   1.7676199e-02  -1.2366100e-02
   2.0119299e-02  -1.7235099e-02
   2.5004299e-02  -1.8918599e-02
   2.8614099e-02  -1.6585099e-02
   2.7994999e-02  -1.2661100e-02
   2.3229499e-02  -1.0998200e-02
   1.7411599e-02  -1.3953900e-02
   1.4346500e-02  -2.0598699e-02
   1.5718399e-02  -2.7400299e-02
   1.9866099e-02  -3.0861999e-02
   2.3084599e-02  -3.0117099e-02
   2.2458499e-02  -2.7519299e-02
   1.8079799e-02  -2.6793599e-02
   1.2972700e-02  -3.0154899e-02
   1.0792200e-02  -3.6581299e-02
   1.3042700e-02  -4.2545399e-02
   1.7923699e-02  -4.4646299e-02
   2.1672499e-02  -4.2147899e-02
   2.1382399e-02  -3.7505699e-02
   1.7164499e-02  -3.4491199e-02
   1.2022300e-02  -3.5338499e-02
   9.5437297e-03  -3.9074299e-02
   1.1164500e-02  -4.2287599e-02
   1.5074599e-02  -4.1748899e-02
   1.7590799e-02  -3.6890099e-02
   1.5950499e-02  -3.0268299e-02
   1.0409100e-02  -2.5667299e-02
   4.0574699e-03  -2.5277299e-02
   5.0363498e-04  -2.8086199e-02
   1.1767300e-03  -3.0693699e-02
   4.2915199e-03  -2.9923399e-02
   6.2496298e-03  -2.5251499e-02
   4.4085199e-03  -1.9215699e-02
  -8.8140997e-04  -1.5500999e-02
  -6.5111198e-03  -1.6157699e-02
  -8.9358697e-03  -2.0056799e-02
  -6.8250698e-03  -2.3749299e-02
  -2.0355199e-03  -2.4071099e-02
   1.8217799e-03  -2.0519699e-02
   2.1293699e-03  -1.5608499e-02
  -7.5633197e-04  -1.2936000e-02
  -3.7874399e-03  -1.4439900e-02
  -3.5489199e-03  -1.8914599e-02
   1.1391400e-03  -2.2910799e-02
   8.3101697e-03  -2.3330099e-02
   1.4315100e-02  -1.9748499e-02
   1.6547999e-02  -1.4714099e-02
   1.5369499e-02  -1.1800400e-02
   1.3777700e-02  -1.2895600e-02
   1.5083199e-02  -1.6779699e-02
   2.0353999e-02  -2.0062299e-02
   2.7565799e-02  -1.9764299e-02
   3.3093799e-02  -1.5585799e-02
   3.4415499e-02  -1.0147200e-02
   3.1976199e-02  -7.0254798e-03
   2.8811999e-02  -8.0767897e-03
   2.8223099e-02  -1.2071200e-02
   3.1264299e-02  -1.5665099e-02
   3.5949699e-02  -1.5968599e-02
   3.8769999e-02  -1.2757600e-02
   3.7364799e-02  -8.6598497e-03
   3.2327499e-02  -7.1773198e-03
   2.6777099e-02  -1.0046000e-02
   2.4028399e-02  -1.5931099e-02
   2.5124199e-02  -2.1438299e-02
   2.8094899e-02  -2.3670699e-02
   2.9497999e-02  -2.2391499e-02
   2.7062899e-02  -2.0162199e-02
   2.1437999e-02  -2.0356699e-02
   1.5718399e-02  -2.4563699e-02
   1.3119200e-02  -3.1344299e-02
   1.4557799e-02  -3.7282499e-02
   1.7973499e-02  -3.9529599e-02
   1.9895499e-02  -3.7915899e-02
   1.8066199e-02  -3.5036399e-02
   1.3135500e-02  -3.4253299e-02
   8.1493197e-03  -3.7133599e-02
   6.2284898e-03  -4.2259799e-02
   8.2000097e-03  -4.6310598e-02
   1.1974000e-02  -4.6584298e-02
   1.4133199e-02  -4.3051798e-02
   1.2526700e-02  -3.8386699e-02
   7.9051297e-03  -3.5953399e-02
   3.3614399e-03  -3.7279099e-02
   2.0081999e-03  -4.0919999e-02
   4.6499798e-03  -4.3573598e-02
   9.2092197e-03  -4.2586698e-02
   1.2331800e-02  -3.7958799e-02
   1.1948600e-02  -3.2326099e-02
   8.8506997e-03  -2.8947099e-02
   6.0884898e-03  -2.9218499e-02
   6.6529298e-03  -3.1605099e-02
   1.1197500e-02  -3.2788899e-02
   1.7522199e-02  -3.0166799e-02
   2.2204299e-02  -2.3804699e-02
   2.3138299e-02  -1.6376899e-02
   2.1063599e-02  -1.1144500e-02
   1.8930099e-02  -9.5099497e-03
   1.9593399e-02  -9.9987796e-03
   2.3589999e-02  -9.4348097e-03
   2.8679199e-02  -5.4122598e-03
   3.1496799e-02   1.8101399e-03
   3.0065699e-02   9.4259597e-03
   2.5267699e-02   1.4117799e-02
   2.0166699e-02   1.4472399e-02
   1.7704199e-02   1.1950800e-02
   1.8513999e-02   9.6901296e-03
   2.0506999e-02   1.0054300e-02
   2.0531999e-02   1.2793200e-02
   1.6847299e-02   1.5204699e-02
   1.0526900e-02   1.4173099e-02
   4.7371998e-03   8.5378897e-03
   2.4329299e-03   2.6895299e-06
   4.2136198e-03  -8.1011897e-03
   7.9568297e-03  -1.3255100e-02
   1.0495200e-02  -1.5552799e-02
   1.0059600e-02  -1.7503699e-02
   7.6362797e-03  -2.2000599e-02
   6.2139298e-03  -2.9998399e-02
   8.4959897e-03  -3.9665799e-02
   1.4814299e-02  -4.7651498e-02
   2.2822299e-02  -5.1506598e-02
   2.9197599e-02  -5.1430998e-02
   3.2063599e-02  -5.0029798e-02
   3.2300599e-02  -5.0272598e-02
   3.2764299e-02  -5.3205498e-02
   3.6011799e-02  -5.7146698e-02
   4.2264798e-02  -5.8970698e-02
   4.9152198e-02  -5.6499698e-02
   5.3425698e-02  -5.0190498e-02
   5.3345998e-02  -4.2840898e-02
   4.9936698e-02  -3.7539599e-02
   4.6162398e-02  -3.5414099e-02
   4.4658698e-02  -3.4875199e-02
   4.5736098e-02  -3.2922599e-02
   4.7164998e-02  -2.7514799e-02
   4.5898098e-02  -1.9205399e-02
   4.0420098e-02  -1.0808800e-02
   3.1945399e-02  -5.3520098e-03
   2.3559299e-02  -3.8648999e-03
   1.7957499e-02  -4.6792198e-03
   1.5494699e-02  -4.7595898e-03
   1.4016599e-02  -2.0533099e-03
   1.0593100e-02   2.9222599e-03
   3.8355499e-03   7.4531997e-03
  -4.9587598e-03   8.6758097e-03
  -1.2697900e-02   5.7440798e-03
  -1.6745199e-02   4.7914698e-04
  -1.6824199e-02  -3.9857298e-03
  -1.5142599e-02  -5.5341298e-03
  -1.4648599e-02  -4.6062798e-03
  -1.6747399e-02  -3.7893399e-03
  -2.0208099e-02  -5.7758498e-03
  -2.2085599e-02  -1.1241800e-02
  -1.9955299e-02  -1.8251799e-02
  -1.3768799e-02  -2.3639899e-02
  -5.9271198e-03  -2.5319599e-02
   4.7781398e-04  -2.3776799e-02
   3.9204598e-03  -2.1624699e-02
   5.4919598e-03  -2.1564599e-02
   7.9565097e-03  -2.4304599e-02
   1.3537899e-02  -2.8010499e-02
   2.2118399e-02  -2.9701999e-02
   3.1216299e-02  -2.7530999e-02
   3.7757499e-02  -2.2217699e-02
   4.0302198e-02  -1.6556699e-02
   4.0044998e-02  -1.3371899e-02
   3.9839798e-02  -1.3465299e-02
   4.1995698e-02  -1.5106799e-02
   4.6514698e-02  -1.5440099e-02
   5.1103098e-02  -1.2731100e-02
   5.2939098e-02  -7.7497597e-03
   5.0853798e-02  -3.2396399e-03
   4.6269398e-02  -1.8785499e-03
   4.2184698e-02  -4.2739798e-03
   4.0976198e-02  -8.5084297e-03
   4.2674698e-02  -1.1573800e-02
   4.5013598e-02  -1.1606100e-02
   4.5202798e-02  -9.2325096e-03
   4.2076698e-02  -7.0183097e-03
   3.6989299e-02  -7.4447097e-03
   3.2781499e-02  -1.0956400e-02
   3.1609999e-02  -1.5561099e-02
   3.3282599e-02  -1.8285399e-02
   3.5362799e-02  -1.7384399e-02
   3.4963299e-02  -1.3637099e-02
   3.0873099e-02  -9.7522696e-03
   2.4414499e-02  -8.3411697e-03
   1.8393999e-02  -9.9933296e-03
   1.4950999e-02  -1.2906499e-02
   1.3939899e-02  -1.4341499e-02
   1.3071099e-02  -1.2789499e-02
   9.7007396e-03  -9.2043796e-03
   2.9101699e-03  -6.3630397e-03
  -5.6989898e-03  -6.8355097e-03
  -1.3096499e-02  -1.1097300e-02
  -1.6976099e-02  -1.7204199e-02
  -1.7345199e-02  -2.2266199e-02
  -1.6361399e-02  -2.4597899e-02
  -1.6552499e-02  -2.4916599e-02
  -1.8782199e-02  -2.5687599e-02
  -2.1506899e-02  -2.9121199e-02
  -2.1891199e-02  -3.5347499e-02
  -1.7937099e-02  -4.2155298e-02
  -1.0017800e-02  -4.6498798e-02
  -6.5936797e-04  -4.6636498e-02
   7.2602197e-03  -4.3293798e-02
   1.2533299e-02  -3.8984198e-02
   1.6342099e-02  -3.6015699e-02
   2.1144399e-02  -3.4701699e-02
   2.8585099e-02  -3.3133499e-02
   3.8026198e-02  -2.8683099e-02
   4.6817598e-02  -2.0094899e-02
   5.2109698e-02  -8.5782697e-03
   5.2843498e-02   2.9266099e-03
   5.0421498e-02   1.1758800e-02
   4.7563798e-02   1.7308399e-02
   4.6223498e-02   2.1222799e-02
   4.6142598e-02   2.5909699e-02
   4.5136398e-02   3.2485799e-02
   4.0881098e-02   3.9736298e-02
   3.2842599e-02   4.4877898e-02
   2.2875999e-02   4.5552798e-02
   1.4038499e-02   4.1546498e-02
   8.5048597e-03   3.4934499e-02
   6.1527397e-03   2.8553399e-02
   4.8741398e-03   2.3952699e-02
   2.3602799e-03   2.0373799e-02
  -2.0029199e-03   1.5516299e-02
  -6.5693797e-03   7.4964897e-03
  -8.6255196e-03  -3.4968799e-03
  -6.4354497e-03  -1.5112799e-02
  -5.8875698e-04  -2.4388899e-02
   6.3694097e-03  -2.9775699e-02
   1.1746700e-02  -3.2112699e-02
   1.4586499e-02  -3.3829099e-02
   1.6209799e-02  -3.6984598e-02
   1.9022199e-02  -4.1639998e-02
   2.4501299e-02  -4.5787998e-02
   3.1900899e-02  -4.6891198e-02
   3.8657498e-02  -4.3856398e-02
   4.2193598e-02  -3.7943798e-02
   4.1756898e-02  -3.1921999e-02
   3.8907798e-02  -2.8104299e-02
