   3.7043000e+00   6.9340400e-02
   3.3105200e+00   1.5247700e+00
   2.3362500e+00   2.6271900e+00
   1.0321900e+00   3.1655400e+00
  -2.9939100e-01   3.0888800e+00
  -1.3969500e+00   2.4913700e+00
  -2.0937400e+00   1.5531800e+00
  -2.3225700e+00   4.7758500e-01
  -2.0920100e+00  -5.4533100e-01
  -1.4658800e+00  -1.3470300e+00
  -5.6184200e-01  -1.7833000e+00
   4.4195800e-01  -1.7550400e+00
   1.3194300e+00  -1.2480300e+00
   1.8454400e+00  -3.6677400e-01
   1.8696900e+00   6.7072100e-01
   1.3786600e+00   1.5908800e+00
   5.0771700e-01   2.1552300e+00
  -5.0850400e-01   2.2399800e+00
  -1.4232100e+00   1.8645600e+00
  -2.0566400e+00   1.1595500e+00
  -2.3305100e+00   2.9950100e-01
  -2.2523300e+00  -5.5759000e-01
  -1.8752000e+00  -1.2952300e+00
  -1.2681800e+00  -1.8296600e+00
  -5.1428600e-01  -2.0937000e+00
   2.7529300e-01  -2.0402700e+00
   9.5925400e-01  -1.6696400e+00
   1.3958800e+00  -1.0581100e+00
   1.4965500e+00  -3.5715100e-01
   1.2709500e+00   2.5060700e-01
   8.3072400e-01   6.2083800e-01
   3.4301400e-01   7.0365800e-01
  -4.2073400e-02   5.5295600e-01
  -2.4821800e-01   2.8475000e-01
  -2.8329200e-01   1.2719100e-02
  -2.0434600e-01  -1.9849100e-01
  -6.7397800e-02  -3.3756200e-01
   1.0164100e-01  -4.1561900e-01
   2.9890200e-01  -4.3139800e-01
   5.1181100e-01  -3.6254700e-01
   6.9734300e-01  -1.8896100e-01
   7.9215000e-01   7.3802000e-02
   7.5012200e-01   3.6256900e-01
   5.7867700e-01   5.9148500e-01
   3.4326200e-01   6.9983800e-01
   1.3204400e-01   6.8895800e-01
   2.8469900e-03   6.1997300e-01
  -5.0913200e-02   5.7160400e-01
  -9.0849800e-02   5.8635400e-01
  -1.8696800e-01   6.4236700e-01
  -3.6642900e-01   6.7014800e-01
  -5.9318200e-01   6.0141000e-01
  -7.9115800e-01   4.1509100e-01
  -8.9243900e-01   1.4909500e-01
  -8.7519600e-01  -1.2752600e-01
  -7.6596200e-01  -3.5842900e-01
  -6.0899300e-01  -5.2638400e-01
  -4.3016100e-01  -6.4451500e-01
  -2.2539300e-01  -7.2343800e-01
   1.7473100e-02  -7.4470600e-01
   2.8271600e-01  -6.6582100e-01
   5.0903700e-01  -4.5643000e-01
   6.0999800e-01  -1.3887400e-01
   5.2339900e-01   2.0023000e-01
   2.5675100e-01   4.4161400e-01
  -1.0401500e-01   4.9152100e-01
  -4.3125300e-01   3.2983900e-01
  -6.1542000e-01   1.7670400e-02
  -6.1058500e-01  -3.3859900e-01
  -4.3974200e-01  -6.4072900e-01
  -1.6312600e-01  -8.3429600e-01
   1.6237900e-01  -9.0774000e-01
   5.0213100e-01  -8.6481100e-01
   8.3108500e-01  -6.9961000e-01
   1.1070800e+00  -3.9857100e-01
   1.2598500e+00   3.0867900e-02
   1.2133600e+00   5.2984200e-01
   9.3126500e-01   9.8602000e-01
   4.5408500e-01   1.2709300e+00
  -1.0169400e-01   1.2982600e+00
  -5.8780500e-01   1.0670300e+00
  -8.8715600e-01   6.6178900e-01
  -9.5804800e-01   2.0955800e-01
  -8.3531300e-01  -1.7806100e-01
  -5.9365200e-01  -4.4210100e-01
  -3.0272600e-01  -5.7449300e-01
  -5.0599400e-03  -5.8838100e-01
   2.7343500e-01  -4.9014400e-01
   4.9760900e-01  -2.7756000e-01
   6.1108200e-01   3.5827000e-02
   5.5506400e-01   3.9398900e-01
   3.0822800e-01   6.9779900e-01
  -8.2186600e-02   8.4017100e-01
  -5.0532800e-01   7.5858600e-01
  -8.3088600e-01   4.7085600e-01
  -9.6755600e-01   6.8949100e-02
  -8.9991200e-01  -3.2654400e-01
  -6.8219000e-01  -6.2235100e-01
  -3.9686000e-01  -7.8423500e-01
  -1.0870000e-01  -8.2860100e-01
   1.5505000e-01  -7.8713400e-01
   3.9004400e-01  -6.7526600e-01
   5.8426400e-01  -4.8889800e-01
   7.0135300e-01  -2.2905600e-01
   6.9496600e-01   6.9479800e-02
   5.4483300e-01   3.3371600e-01
   2.8581800e-01   4.8175800e-01
   4.0758000e-03   4.6839700e-01
  -2.0210400e-01   3.1484600e-01
  -2.7272800e-01   9.9863200e-02
  -2.1430300e-01  -8.3641100e-02
  -8.7354200e-02  -1.7793200e-01
   3.6733900e-02  -1.8328400e-01
   1.1852900e-01  -1.4145900e-01
   1.6398900e-01  -9.5309100e-02
   2.0248200e-01  -5.6111100e-02
   2.4993000e-01  -2.3425300e-03
   2.8771800e-01   9.1701600e-02
   2.7449900e-01   2.2240700e-01
   1.8146400e-01   3.4698600e-01
   2.2612300e-02   4.0710100e-01
  -1.4531500e-01   3.6924000e-01
  -2.5566100e-01   2.5121600e-01
  -2.7454300e-01   1.1359200e-01
  -2.2221400e-01   2.0803300e-02
  -1.5706000e-01  -4.9784900e-04
  -1.3361900e-01   2.4060300e-02
  -1.6506100e-01   3.9288400e-02
  -2.1706800e-01   3.0759000e-03
  -2.3651700e-01  -8.2646300e-02
  -1.9273100e-01  -1.7491700e-01
  -1.0024600e-01  -2.2328100e-01
  -6.7031100e-03  -2.0769900e-01
   4.3900400e-02  -1.5204000e-01
   4.3871300e-02  -1.0350800e-01
   2.5286800e-02  -9.4584600e-02
   3.1901300e-02  -1.1735400e-01
   8.1589200e-02  -1.3041400e-01
   1.4889100e-01  -9.3354600e-02
   1.8200400e-01  -2.3038700e-03
   1.4218200e-01   1.0129400e-01
   3.6023800e-02   1.5658600e-01
  -8.4141100e-02   1.2562600e-01
  -1.5302400e-01   2.1148300e-02
  -1.3496500e-01  -1.0067500e-01
  -4.5731000e-02  -1.7724200e-01
   6.1564000e-02  -1.7930000e-01
   1.3497600e-01  -1.2504100e-01
   1.5764400e-01  -5.9750000e-02
   1.5247600e-01  -1.8057400e-02
   1.5579100e-01   1.6589800e-03
   1.8188400e-01   3.1320500e-02
   2.0709400e-01   1.0105900e-01
   1.8660900e-01   2.0689400e-01
   9.1567600e-02   3.0456900e-01
  -6.2176000e-02   3.3607500e-01
  -2.1673100e-01   2.7019000e-01
  -3.0603900e-01   1.2706200e-01
  -2.9725700e-01  -3.1898300e-02
  -2.1001900e-01  -1.4213500e-01
  -1.0015400e-01  -1.7488100e-01
  -2.0414400e-02  -1.4943600e-01
   1.2704100e-02  -1.1140500e-01
   2.2434000e-02  -9.4764800e-02
   4.4778800e-02  -9.6995400e-02
   9.3438200e-02  -8.5711600e-02
   1.4462000e-01  -3.0593200e-02
   1.5397000e-01   6.5188400e-02
   9.2748200e-02   1.5953700e-01
  -2.4875400e-02   1.9754500e-01
  -1.4529400e-01   1.5032100e-01
  -2.0852400e-01   3.7502600e-02
  -1.8724700e-01  -8.3891700e-02
  -1.0345400e-01  -1.5665200e-01
  -1.0756000e-02  -1.5970500e-01
   4.4148700e-02  -1.1748000e-01
   5.2258400e-02  -7.6503600e-02
   4.3026400e-02  -6.7778100e-02
   5.5799100e-02  -8.3726100e-02
   1.0474100e-01  -8.6814100e-02
   1.6465800e-01  -4.2579000e-02
   1.8884500e-01   4.8921000e-02
   1.4542300e-01   1.4799300e-01
   4.4266900e-02   2.0118500e-01
  -6.6431700e-02   1.7910600e-01
  -1.3206300e-01   9.7837500e-02
  -1.2854100e-01   7.7407200e-03
  -7.6993000e-02  -4.2109500e-02
  -2.5607500e-02  -3.7445900e-02
  -1.2654000e-02  -5.5749200e-03
  -3.8624500e-02   9.0236000e-03
  -6.8252300e-02  -1.8802600e-02
  -6.0353900e-02  -7.4270800e-02
  -2.3294200e-03  -1.1364400e-01
   7.7293900e-02  -9.8360600e-02
   1.2814500e-01  -2.6225700e-02
   1.1477200e-01   6.4278400e-02
   4.3218000e-02   1.2017700e-01
  -4.2663700e-02   1.1127400e-01
  -9.2439300e-02   5.0739600e-02
  -8.4514800e-02  -1.6158800e-02
  -3.9394700e-02  -4.6354600e-02
  -1.3200500e-03  -3.0307800e-02
  -2.7362600e-03   3.1358000e-03
  -3.8871400e-02   1.1572700e-02
  -7.1801900e-02  -2.5798400e-02
  -6.0811600e-02  -8.9837800e-02
   4.2435100e-03  -1.3424900e-01
   9.2238300e-02  -1.2006900e-01
   1.5132000e-01  -4.5856900e-02
   1.4562800e-01   4.9341100e-02
   8.0856100e-02   1.1274600e-01
  -3.3574100e-04   1.1452300e-01
  -4.9461500e-02   6.7226800e-02
  -4.6481200e-02   1.3928400e-02
  -1.1738600e-02  -5.4545800e-03
   1.2798600e-02   1.6084500e-02
  -1.9136900e-03   4.9210400e-02
  -4.8364900e-02   5.3303600e-02
  -8.7943300e-02   1.0423700e-02
  -8.1320000e-02  -5.8170700e-02
  -2.0486600e-02  -1.0599000e-01
   6.2252800e-02  -9.5558800e-02
   1.1568500e-01  -2.7185500e-02
   1.0585300e-01   5.9582800e-02
   4.0140200e-02   1.1320000e-01
  -3.8582500e-02   1.0594500e-01
  -8.3184800e-02   5.1884500e-02
  -7.5448500e-02  -5.9525600e-03
  -3.6602800e-02  -2.8942700e-02
  -7.9730000e-03  -1.1325600e-02
  -1.7131900e-02   1.7620400e-02
  -5.5724200e-02   1.8832800e-02
  -8.5995000e-02  -2.3644300e-02
  -7.0994400e-02  -8.7707800e-02
  -5.2396500e-03  -1.2804900e-01
   7.7897900e-02  -1.0990900e-01
   1.2827700e-01  -3.6289000e-02
   1.1442600e-01   5.2114900e-02
   4.6039200e-02   1.0458100e-01
  -3.3175700e-02   9.5285800e-02
  -7.6824900e-02   3.9760300e-02
  -6.7932300e-02  -1.8867600e-02
  -2.8137700e-02  -4.2945600e-02
   2.1674300e-03  -2.7504500e-02
  -3.0477900e-03  -1.2742500e-03
  -3.4709200e-02  -1.3373300e-03
  -5.6166600e-02  -4.1371200e-02
  -3.3137800e-02  -9.8265800e-02
   3.7046300e-02  -1.2782600e-01
   1.1965600e-01  -9.8002200e-02
   1.6530700e-01  -1.4558100e-02
   1.4468900e-01   8.0479100e-02
   6.9518000e-02   1.3688300e-01
  -1.5815700e-02   1.3025600e-01
  -6.5617800e-02   7.7065900e-02
  -6.3910500e-02   2.0038600e-02
  -3.2342200e-02  -4.5273000e-03
  -9.8786200e-03   7.3073400e-03
  -2.0474500e-02   2.7254600e-02
  -5.3766100e-02   2.0229300e-02
  -7.3595100e-02  -2.4998400e-02
  -4.7724800e-02  -8.3920700e-02
   2.4223900e-02  -1.1278300e-01
   1.0642100e-01  -8.1306200e-02
   1.5006800e-01   3.0619200e-03
   1.2733100e-01   9.7946900e-02
   5.0819200e-02   1.5424200e-01
  -3.5777600e-02   1.4903600e-01
  -8.8812100e-02   9.9127400e-02
  -9.4318300e-02   4.5630900e-02
  -7.4377700e-02   2.1835600e-02
  -6.6185700e-02   2.8814700e-02
  -9.0428600e-02   3.7036100e-02
  -1.3346600e-01   1.2249700e-02
  -1.5706900e-01  -5.4592800e-02
  -1.2832100e-01  -1.3667400e-01
  -4.6802200e-02  -1.8850600e-01
   5.1889000e-02  -1.7834700e-01
   1.1939800e-01  -1.1154600e-01
   1.2754600e-01  -2.7215500e-02
   8.6525900e-02   2.9326500e-02
   3.5044800e-02   3.7760100e-02
   1.0233300e-02   1.4448700e-02
   2.0220700e-02  -3.6831300e-03
   4.0047300e-02   9.6890400e-03
   3.3706100e-02   4.8145300e-02
  -1.4794600e-02   7.6473200e-02
  -8.5342000e-02   5.7883900e-02
  -1.3328800e-01  -1.6084400e-02
  -1.2044100e-01  -1.1572600e-01
  -4.2550500e-02  -1.9112800e-01
   6.7059700e-02  -2.0484600e-01
   1.6016700e-01  -1.5532900e-01
   2.0553100e-01  -7.4260600e-02
   2.0632300e-01  -7.6172700e-04
   1.9081500e-01   4.7350200e-02
   1.8457400e-01   8.3236400e-02
   1.8647500e-01   1.3462100e-01
   1.6777400e-01   2.1455100e-01
   9.5637400e-02   3.0274400e-01
  -3.6573000e-02   3.5317100e-01
  -1.9569900e-01   3.2368100e-01
  -3.2335800e-01   2.0653600e-01
  -3.6939700e-01   3.7506000e-02
  -3.2095700e-01  -1.2341200e-01
  -2.0714300e-01  -2.2603500e-01
  -7.7230800e-02  -2.5491200e-01
   3.0557900e-02  -2.2875400e-01
   1.0675000e-01  -1.7744600e-01
   1.6324900e-01  -1.1618900e-01
   2.0922700e-01  -3.7534900e-02
   2.3162700e-01   7.2837400e-02
   1.9786600e-01   2.1009900e-01
   8.0625900e-02   3.3643200e-01
  -1.1343800e-01   3.9327800e-01
  -3.3377000e-01   3.3388700e-01
  -5.0476200e-01   1.5439300e-01
  -5.6275300e-01  -9.8537100e-02
  -4.8730900e-01  -3.4943700e-01
  -3.0694700e-01  -5.3075300e-01
  -7.7608300e-02  -6.1045600e-01
   1.4905700e-01  -5.9431500e-01
   3.4503300e-01  -5.0580700e-01
   5.0177200e-01  -3.6255400e-01
   6.1057200e-01  -1.6889600e-01
   6.4766700e-01   7.0351200e-02
   5.7995100e-01   3.2831400e-01
   3.8989800e-01   5.4776200e-01
   1.0139100e-01   6.5806100e-01
  -2.1515100e-01   6.1002400e-01
  -4.6653200e-01   4.0642000e-01
  -5.7729800e-01   1.0691600e-01
  -5.2256800e-01  -1.9719700e-01
  -3.3364900e-01  -4.2302200e-01
  -7.5396500e-02  -5.2631500e-01
   1.8722200e-01  -5.0583600e-01
   4.1086500e-01  -3.8481100e-01
   5.7282900e-01  -1.8801100e-01
   6.5503200e-01   6.6630900e-02
   6.3210500e-01   3.5721800e-01
   4.7819300e-01   6.4078500e-01
   1.9023800e-01   8.4958500e-01
  -1.9020800e-01   9.1099700e-01
  -5.7678200e-01   7.8255500e-01
  -8.6606900e-01   4.7991600e-01
  -9.7985500e-01   7.7798100e-02
  -8.9728800e-01  -3.1914000e-01
  -6.5825400e-01  -6.1881100e-01
  -3.3811100e-01  -7.7284400e-01
  -1.2004500e-02  -7.8068400e-01
   2.6859200e-01  -6.7024200e-01
   4.7628200e-01  -4.7377400e-01
   5.9279500e-01  -2.1774100e-01
   5.9734100e-01   6.8819300e-02
   4.7223000e-01   3.3981300e-01
   2.2336500e-01   5.3015600e-01
  -1.0164300e-01   5.7549400e-01
  -4.1637400e-01   4.4468400e-01
  -6.2438800e-01   1.6365500e-01
  -6.5978000e-01  -1.8770600e-01
  -5.1555600e-01  -5.0692300e-01
  -2.4269200e-01  -7.1106200e-01
   7.8299400e-02  -7.6522700e-01
   3.7415500e-01  -6.8297600e-01
   6.0144900e-01  -5.0359400e-01
   7.4488700e-01  -2.6568100e-01
   7.9975900e-01   4.1201100e-03
   7.5757700e-01   2.8288600e-01
   6.0892100e-01   5.3612600e-01
   3.6137000e-01   7.1377200e-01
   5.5962300e-02   7.6640400e-01
  -2.3539800e-01   6.7321900e-01
  -4.3576400e-01   4.6166400e-01
  -4.9841600e-01   2.0210300e-01
  -4.2910300e-01  -2.2469600e-02
  -2.8030200e-01  -1.5410200e-01
  -1.2108800e-01  -1.8185100e-01
  -2.3509400e-03  -1.3574000e-01
   6.0838600e-02  -5.9614000e-02
   8.1292900e-02   1.6653900e-02
   7.6284500e-02   8.6831300e-02
   4.8771900e-02   1.5631800e-01
  -1.2229900e-02   2.2175300e-01
  -1.1408100e-01   2.6127500e-01
  -2.4204100e-01   2.4500500e-01
  -3.5730800e-01   1.5825400e-01
  -4.1604000e-01   1.8671800e-02
  -3.9680800e-01  -1.2797100e-01
  -3.1610100e-01  -2.3293000e-01
  -2.1917000e-01  -2.7388500e-01
  -1.5120200e-01  -2.6775800e-01
  -1.2840100e-01  -2.5737500e-01
  -1.2902800e-01  -2.8098900e-01
  -1.1032000e-01  -3.4586100e-01
  -3.8876600e-02  -4.2387900e-01
   8.6954100e-02  -4.7114200e-01
   2.3746300e-01  -4.5641700e-01
   3.7243400e-01  -3.7806500e-01
   4.6553900e-01  -2.5885500e-01
   5.1412400e-01  -1.2528200e-01
   5.2880400e-01   1.0647300e-02
   5.1374800e-01   1.5225300e-01
   4.5596900e-01   3.0162000e-01
   3.3459700e-01   4.4051000e-01
   1.4457400e-01   5.2690600e-01
  -8.3657900e-02   5.1400800e-01
  -2.8597600e-01   3.8103100e-01
  -3.9082300e-01   1.5469200e-01
  -3.5513400e-01  -9.4936100e-02
  -1.8755000e-01  -2.8362500e-01
   5.5424000e-02  -3.4994000e-01
   2.9673900e-01  -2.7800200e-01
   4.7124700e-01  -9.4808800e-02
   5.4378200e-01   1.5144400e-01
   5.0603200e-01   4.1401800e-01
   3.6164900e-01   6.5588900e-01
   1.1656200e-01   8.4240400e-01
  -2.1534400e-01   9.3122300e-01
  -5.9633100e-01   8.7523500e-01
  -9.5527100e-01   6.4326000e-01
  -1.1991600e+00   2.4721300e-01
  -1.2458000e+00  -2.4432000e-01
  -1.0613500e+00  -7.1996800e-01
  -6.8028800e-01  -1.0636200e+00
  -1.9494800e-01  -1.1971900e+00
   2.7977300e-01  -1.1054400e+00
   6.4639200e-01  -8.3163500e-01
   8.4877400e-01  -4.5157700e-01
   8.7244300e-01  -4.4682100e-02
   7.3025200e-01   3.2135300e-01
   4.5004600e-01   5.9002600e-01
   7.4657300e-02   7.1100100e-01
  -3.2988400e-01   6.4476400e-01
  -6.7257300e-01   3.8089700e-01
  -8.5442700e-01  -4.0944000e-02
  -8.0260800e-01  -5.2560900e-01
  -5.0488300e-01  -9.4391200e-01
  -2.3228800e-02  -1.1753100e+00
   5.2412100e-01  -1.1513100e+00
   1.0043000e+00  -8.7711600e-01
   1.3134300e+00  -4.2199600e-01
   1.4012600e+00   1.1272900e-01
   1.2694800e+00   6.2780600e-01
   9.5368200e-01   1.0451600e+00
   5.0606100e-01   1.3091700e+00
  -9.9482600e-03   1.3812100e+00
  -5.1626700e-01   1.2413000e+00
  -9.2134800e-01   9.0115200e-01
  -1.1370700e+00   4.1882100e-01
  -1.1092800e+00  -1.0150800e-01
  -8.4591200e-01  -5.3384900e-01
  -4.2368300e-01  -7.7205800e-01
   3.5220000e-02  -7.6845000e-01
   4.0654000e-01  -5.4864100e-01
   6.0548900e-01  -1.9531200e-01
   6.0625400e-01   1.8815600e-01
   4.3407500e-01   5.1293300e-01
   1.4133100e-01   7.2190600e-01
  -2.1386600e-01   7.8676100e-01
  -5.7494200e-01   6.9700900e-01
  -8.8288500e-01   4.5579200e-01
  -1.0743000e+00   8.7627400e-02
  -1.0927800e+00  -3.5062400e-01
  -9.1233500e-01  -7.7070100e-01
  -5.5849200e-01  -1.0742900e+00
  -1.0991800e-01  -1.1881500e+00
   3.2578400e-01  -1.0941500e+00
   6.5180800e-01  -8.3602900e-01
   8.1620400e-01  -4.9811700e-01
   8.2236900e-01  -1.6842000e-01
   7.1322300e-01   9.2529800e-02
   5.4256000e-01   2.6159200e-01
   3.5297100e-01   3.4175000e-01
   1.7167500e-01   3.4362700e-01
   2.0459200e-02   2.7601400e-01
  -7.4747800e-02   1.5133800e-01
  -8.7189900e-02  -2.2034300e-03
  -5.5887800e-03  -1.3688800e-01
   1.4933400e-01  -1.9903400e-01
   3.2372100e-01  -1.5453800e-01
   4.5050900e-01  -9.7953300e-03
   4.8060900e-01   1.8771000e-01
   4.0621900e-01   3.7189700e-01
   2.6130700e-01   4.9061200e-01
   9.9286100e-02   5.2813200e-01
  -3.7016100e-02   5.0458900e-01
  -1.3374300e-01   4.5516600e-01
  -2.0277300e-01   4.0520500e-01
  -2.6269600e-01   3.5845600e-01
  -3.2038500e-01   3.0439300e-01
  -3.6721300e-01   2.3568100e-01
  -3.9116100e-01   1.5977600e-01
  -3.9289400e-01   9.4470000e-02
  -3.9067100e-01   5.1032200e-02
  -4.0806000e-01   1.9541600e-02
  -4.5284000e-01  -2.9741300e-02
  -5.0375700e-01  -1.2715000e-01
  -5.1732000e-01  -2.7901300e-01
  -4.5251800e-01  -4.5565100e-01
  -2.9779900e-01  -6.0211400e-01
  -8.2071900e-02  -6.6610900e-01
   1.3799600e-01  -6.2551700e-01
   3.0607400e-01  -4.9815700e-01
   3.9141000e-01  -3.2897600e-01
   3.9620900e-01  -1.6507400e-01
   3.4362500e-01  -3.6091700e-02
   2.5850300e-01   4.8572800e-02
   1.5647100e-01   8.8145900e-02
   4.8346000e-02   7.7918000e-02
  -4.6961500e-02   8.8058100e-03
  -9.5688600e-02  -1.1909000e-01
  -5.8896800e-02  -2.8016000e-01
   8.4517600e-02  -4.1991600e-01
   3.1665800e-01  -4.7219100e-01
   5.7770300e-01  -3.8958600e-01
   7.8648900e-01  -1.6911800e-01
   8.7416100e-01   1.4321700e-01
   8.1161200e-01   4.7201700e-01
   6.1575200e-01   7.4391300e-01
   3.3395900e-01   9.1214200e-01
   1.9796500e-02   9.6217200e-01
  -2.8346500e-01   9.0062600e-01
  -5.4375500e-01   7.4090400e-01
  -7.3140400e-01   4.9869800e-01
  -8.1423800e-01   1.9987900e-01
  -7.6607500e-01  -1.0923700e-01
  -5.8556100e-01  -3.6324100e-01
  -3.1125400e-01  -4.9667900e-01
  -1.8481600e-02  -4.7281700e-01
   2.0529500e-01  -3.0471400e-01
   2.9502100e-01  -5.4001400e-02
   2.3323700e-01   1.9371000e-01
   5.2128400e-02   3.6310800e-01
  -1.8668200e-01   4.1400600e-01
  -4.2023800e-01   3.4511200e-01
  -6.0309500e-01   1.7983900e-01
  -7.0902100e-01  -5.1696900e-02
  -7.2147300e-01  -3.2075800e-01
  -6.2646300e-01  -5.9519700e-01
  -4.1746500e-01  -8.3113100e-01
  -1.0981800e-01  -9.7432300e-01
   2.4833400e-01  -9.7688100e-01
   5.8164700e-01  -8.2159600e-01
   8.1192000e-01  -5.3775700e-01
   8.8944400e-01  -1.9559200e-01
   8.1316200e-01   1.2019800e-01
   6.2757700e-01   3.4354000e-01
   3.9901700e-01   4.4818900e-01
   1.8652900e-01   4.4680800e-01
   2.4454700e-02   3.7254600e-01
  -7.6199800e-02   2.5822300e-01
  -1.1449500e-01   1.2719300e-01
  -8.8717600e-02  -1.3079600e-03
   1.9142600e-03  -1.0183800e-01
   1.4510500e-01  -1.4084800e-01
   3.0524700e-01  -8.9110200e-02
   4.2758300e-01   5.8485300e-02
   4.5878700e-01   2.7069600e-01
   3.7289700e-01   4.8679500e-01
   1.8589300e-01   6.4129700e-01
  -5.1355400e-02   6.9257100e-01
  -2.7785500e-01   6.3813500e-01
  -4.4947000e-01   5.0829700e-01
  -5.5193800e-01   3.4430100e-01
  -5.9433600e-01   1.7678000e-01
  -5.9128100e-01   1.8295900e-02
  -5.4905000e-01  -1.2806600e-01
  -4.6596500e-01  -2.5441300e-01
  -3.4488200e-01  -3.4210500e-01
  -2.0534500e-01  -3.7054700e-01
  -8.2866600e-02  -3.3432700e-01
  -1.2925800e-02  -2.5449600e-01
  -9.8877500e-03  -1.7313000e-01
  -5.6190700e-02  -1.3246900e-01
  -1.1073400e-01  -1.5181400e-01
  -1.3191900e-01  -2.1776000e-01
  -1.0027500e-01  -2.9441200e-01
  -2.5902400e-02  -3.4626000e-01
   6.3133200e-02  -3.5788200e-01
   1.4185100e-01  -3.3758500e-01
   2.0321000e-01  -3.0434100e-01
   2.5674000e-01  -2.6949800e-01
   3.1375400e-01  -2.2786500e-01
   3.7213100e-01  -1.6472000e-01
   4.1357900e-01  -7.2427500e-02
   4.1611600e-01   3.7371900e-02
   3.7219600e-01   1.3671900e-01
   2.9798300e-01   1.9838000e-01
   2.2556600e-01   2.1466000e-01
   1.8276600e-01   2.0369400e-01
   1.7483300e-01   1.9781800e-01
   1.8135200e-01   2.2181700e-01
   1.7078200e-01   2.7641900e-01
   1.2222900e-01   3.3865600e-01
   3.8942600e-02   3.7839600e-01
  -5.5636300e-02   3.7869500e-01
  -1.3548600e-01   3.4525800e-01
  -1.8964200e-01   2.9885700e-01
  -2.2677400e-01   2.5749000e-01
  -2.6402400e-01   2.2249200e-01
  -3.0956900e-01   1.7938300e-01
  -3.5311600e-01   1.1246800e-01
  -3.7222700e-01   2.1409800e-02
  -3.4993400e-01  -7.3761600e-02
  -2.9006200e-01  -1.4394200e-01
  -2.1801400e-01  -1.7071900e-01
  -1.6552900e-01  -1.5996600e-01
  -1.5001800e-01  -1.3883100e-01
  -1.6337700e-01  -1.3784800e-01
  -1.7835900e-01  -1.7085600e-01
  -1.6776500e-01  -2.2699800e-01
  -1.2246500e-01  -2.8008900e-01
  -5.5452600e-02  -3.0787200e-01
   1.0194400e-02  -3.0667400e-01
   5.9600600e-02  -2.9092600e-01
   9.6413400e-02  -2.7874800e-01
   1.3746100e-01  -2.7539500e-01
   1.9631200e-01  -2.6780600e-01
   2.6894400e-01  -2.3470900e-01
   3.3317900e-01  -1.6457500e-01
   3.6295200e-01  -6.7423000e-02
   3.4698400e-01   2.9109200e-02
   2.9775000e-01   9.7145000e-02
   2.4367100e-01   1.2685900e-01
   2.0991500e-01   1.3222100e-01
   2.0171800e-01   1.3993000e-01
   2.0228900e-01   1.6968200e-01
   1.8653000e-01   2.2023200e-01
   1.4016400e-01   2.7122200e-01
   7.0060700e-02   2.9891200e-01
  -1.5308400e-03   2.9368200e-01
  -5.3965400e-02   2.6615200e-01
  -8.3149100e-02   2.3768700e-01
  -1.0305600e-01   2.2300700e-01
  -1.3289200e-01   2.1858100e-01
  -1.8009400e-01   2.0588300e-01
  -2.3259200e-01   1.6706400e-01
  -2.6669800e-01   1.0090200e-01
  -2.6495200e-01   2.6459100e-02
  -2.3044000e-01  -2.8918700e-02
  -1.8647600e-01  -4.8718400e-02
  -1.6137800e-01  -3.9401000e-02
  -1.6918400e-01  -2.6444600e-02
  -2.0025200e-01  -3.7011900e-02
  -2.2841700e-01  -8.1761600e-02
  -2.2917500e-01  -1.4878100e-01
  -1.9547000e-01  -2.1346100e-01
  -1.3984600e-01  -2.5630500e-01
  -8.2259500e-02  -2.7510300e-01
  -3.3653900e-02  -2.8262300e-01
   1.1658700e-02  -2.9237900e-01
   6.8900700e-02  -3.0423600e-01
   1.4672900e-01  -3.0173900e-01
   2.3509200e-01  -2.6391100e-01
   3.0725700e-01  -1.8288500e-01
   3.3556400e-01  -7.3842900e-02
   3.0986400e-01   3.0921600e-02
   2.4523200e-01   1.0033200e-01
   1.7314300e-01   1.2254900e-01
   1.2226700e-01   1.1012400e-01
   1.0245800e-01   8.9134800e-02
   1.0282100e-01   8.0748900e-02
   1.0412200e-01   8.8772800e-02
   9.5266700e-02   1.0171900e-01
   8.1023300e-02   1.0661000e-01
   7.5405500e-02   1.0285100e-01
   8.6500500e-02   1.0473800e-01
   1.0533700e-01   1.3022700e-01
   1.0839300e-01   1.8455500e-01
   7.2836900e-02   2.5171000e-01
  -6.4050800e-03   3.0115400e-01
  -1.1055500e-01   3.0585700e-01
  -2.0684000e-01   2.5904900e-01
  -2.6765500e-01   1.7780700e-01
  -2.8561200e-01   9.1123100e-02
  -2.7421300e-01   2.1298600e-02
  -2.5454700e-01  -2.7904400e-02
  -2.3859500e-01  -6.8383800e-02
  -2.2177300e-01  -1.1335300e-01
  -1.8986100e-01  -1.6331600e-01
  -1.3428400e-01  -2.0354100e-01
  -6.3233500e-02  -2.1509500e-01
   5.9396800e-04  -1.9079900e-01
   3.4518600e-02  -1.4348600e-01
   3.1921400e-02  -9.9597800e-02
   7.6084900e-03  -8.2297400e-02
  -1.1885100e-02  -9.6310800e-02
  -6.2078500e-03  -1.2563800e-01
   2.5676700e-02  -1.4577800e-01
   6.6574100e-02  -1.4137900e-01
   9.5190700e-02  -1.1631300e-01
   1.0249100e-01  -8.8977900e-02
   9.7991500e-02  -7.6794100e-02
   1.0146500e-01  -8.1875300e-02
   1.2661200e-01  -8.8820400e-02
   1.6928200e-01  -7.6243500e-02
   2.0925800e-01  -3.3214500e-02
   2.2429700e-01   3.1907000e-02
   2.0577200e-01   9.6931100e-02
   1.6414300e-01   1.4140400e-01
   1.2022000e-01   1.6044400e-01
   8.9042100e-02   1.6638300e-01
   6.8785000e-02   1.7710000e-01
   4.3275200e-02   2.0011100e-01
  -3.7233800e-03   2.2481300e-01
  -7.3338800e-02   2.2912600e-01
  -1.4727600e-01   1.9590600e-01
  -1.9806200e-01   1.2695900e-01
  -2.0668200e-01   4.4156200e-02
  -1.7489400e-01  -2.3403000e-02
  -1.2345900e-01  -5.6953000e-02
  -7.7912400e-02  -5.7835800e-02
  -5.2567100e-02  -4.2974900e-02
  -4.4325500e-02  -3.0283800e-02
  -4.0098900e-02  -2.5558100e-02
  -3.1154500e-02  -2.0815300e-02
  -2.2522600e-02  -4.8756200e-03
  -2.9636100e-02   2.2719300e-02
  -6.4501200e-02   4.6135400e-02
  -1.2216500e-01   4.1409600e-02
  -1.7852500e-01  -6.8766400e-03
  -2.0232300e-01  -9.2509000e-02
  -1.7358500e-01  -1.8808700e-01
  -9.5793799e-02  -2.5932400e-01
   6.5597300e-03  -2.8356500e-01
   1.0294500e-01  -2.6002200e-01
   1.7342600e-01  -2.0548900e-01
   2.1551500e-01  -1.3997600e-01
   2.3767600e-01  -7.3667400e-02
   2.4608900e-01  -4.8436600e-03
   2.3615800e-01   7.0671300e-02
   1.9602300e-01   1.4724400e-01
   1.1950200e-01   2.0542400e-01
   1.7932700e-02   2.2087400e-01
  -7.9430500e-02   1.8065300e-01
  -1.3853900e-01   9.4984699e-02
  -1.3907100e-01  -4.7548200e-03
  -8.5832200e-02  -8.1451300e-02
  -5.2585000e-03  -1.1109300e-01
   7.0312100e-02  -9.2723299e-02
   1.1956800e-01  -4.3728800e-02
   1.3912100e-01   1.4766200e-02
   1.3712600e-01   7.0994000e-02
   1.2037900e-01   1.2479100e-01
   8.6119800e-02   1.7868100e-01
   2.5419700e-02   2.2644000e-01
  -6.4641800e-02   2.4976100e-01
  -1.7030300e-01   2.2722300e-01
  -2.6171700e-01   1.4978100e-01
  -3.0631900e-01   3.1229900e-02
  -2.8668500e-01  -9.4951999e-02
  -2.1071100e-01  -1.9142700e-01
  -1.0702500e-01  -2.3536800e-01
  -8.8155399e-03  -2.2743600e-01
   6.2802100e-02  -1.8620400e-01
   1.0501300e-01  -1.3321100e-01
   1.2639100e-01  -8.0056700e-02
   1.3386500e-01  -2.6508400e-02
   1.2465500e-01   3.0440700e-02
   8.9711599e-02   8.5262200e-02
   2.5629300e-02   1.2070800e-01
  -5.5144800e-02   1.1656200e-01
  -1.2514500e-01   6.4459600e-02
  -1.5488500e-01  -2.2490200e-02
  -1.2971200e-01  -1.1330800e-01
  -5.8811000e-02  -1.7460300e-01
   3.0105400e-02  -1.8783100e-01
   1.0680400e-01  -1.5689900e-01
   1.5417100e-01  -1.0165500e-01
   1.7316700e-01  -4.2844100e-02
   1.7495500e-01   1.0156000e-02
   1.6757200e-01   6.0303800e-02
   1.4810500e-01   1.1313500e-01
   1.0652000e-01   1.6515800e-01
   3.7780600e-02   2.0059800e-01
  -4.7879500e-02   1.9997500e-01
  -1.2560900e-01   1.5452900e-01
  -1.6833400e-01   7.5474300e-02
  -1.6265800e-01  -9.5509299e-03
  -1.1697100e-01  -7.1158600e-02
  -5.5877200e-02  -9.4127499e-02
  -4.8664200e-03  -8.3688499e-02
   2.3932100e-02  -5.8345200e-02
   3.5186200e-02  -3.5153100e-02
   4.1529900e-02  -1.8572500e-02
   5.0124900e-02  -8.2575599e-04
   5.5415000e-02   2.7365300e-02
   4.3743900e-02   6.4778100e-02
   6.0955900e-03   9.6433899e-02
  -5.1264900e-02   1.0224700e-01
  -1.0707200e-01   7.1408600e-02
  -1.3686400e-01   1.1642700e-02
  -1.2810800e-01  -5.3943800e-02
  -8.7731499e-02  -1.0057500e-01
  -3.6644900e-02  -1.1638300e-01
   4.6279200e-03  -1.0755000e-01
   2.8649500e-02  -9.0754999e-02
   4.3024800e-02  -7.9089399e-02
   6.0787100e-02  -7.2268800e-02
   8.7122699e-02  -5.8432500e-02
   1.1298600e-01  -2.5830000e-02
   1.2074300e-01   2.4932900e-02
   9.7670199e-02   7.7880899e-02
   4.6995700e-02   1.1066400e-01
  -1.2108700e-02   1.0916600e-01
  -5.5949100e-02   7.6980099e-02
  -7.0941900e-02   3.2743900e-02
  -6.0877800e-02  -2.6526500e-03
  -4.1786400e-02  -1.9493900e-02
  -2.8657000e-02  -2.3510900e-02
  -2.4260200e-02  -2.8260100e-02
  -1.8508000e-02  -4.1912500e-02
   1.3940700e-03  -5.8933900e-02
   3.8086100e-02  -6.3306500e-02
   7.8717699e-02  -4.1027500e-02
   1.0170900e-01   7.5948899e-03
   9.0989399e-02   6.5372300e-02
   4.7346600e-02   1.0774000e-01
  -1.1481800e-02   1.1769400e-01
  -6.2035400e-02   9.5497299e-02
  -8.9468099e-02   5.6428900e-02
  -9.4684399e-02   1.8747000e-02
  -8.9603899e-02  -8.8155799e-03
  -8.4907599e-02  -3.0699100e-02
  -8.0197599e-02  -5.7013200e-02
  -6.4417100e-02  -9.1277499e-02
  -2.6276800e-02  -1.2351500e-01
   3.3497000e-02  -1.3471900e-01
   9.7961699e-02  -1.0992400e-01
   1.4180100e-01  -5.0316700e-02
   1.4617900e-01   2.4823100e-02
   1.1020500e-01   8.8231299e-02
   5.0935200e-02   1.1993500e-01
  -7.8306999e-03   1.1711900e-01
  -4.9719200e-02   9.2148799e-02
  -7.2843899e-02   6.1110500e-02
  -8.5429599e-02   3.2036800e-02
  -9.4451399e-02   1.7246000e-03
  -9.6926199e-02  -3.6953100e-02
  -8.1166599e-02  -8.3696199e-02
  -3.7299600e-02  -1.2512500e-01
   3.1174600e-02  -1.4025500e-01
   1.0426500e-01  -1.1389700e-01
   1.5424800e-01  -4.8384900e-02
   1.6090300e-01   3.5191800e-02
   1.2284500e-01   1.0768000e-01
   5.7245100e-02   1.4734800e-01
  -1.1493500e-02   1.4971400e-01
  -6.5767400e-02   1.2561400e-01
  -1.0170200e-01   9.0087099e-02
  -1.2497900e-01   5.1133700e-02
  -1.4013500e-01   6.8896099e-03
  -1.4271200e-01  -4.7246600e-02
  -1.2109900e-01  -1.0803200e-01
  -6.6992300e-02  -1.5973200e-01
   1.3747400e-02  -1.8030400e-01
   9.8916399e-02  -1.5486200e-01
   1.5938900e-01  -8.6862999e-02
   1.7443200e-01   1.3869500e-03
   1.4265100e-01   7.9875599e-02
   8.1246399e-02   1.2634500e-01
   1.4526700e-02   1.3579800e-01
  -3.9902300e-02   1.1833300e-01
  -7.7739199e-02   8.8151699e-02
  -1.0373500e-01   5.2728600e-02
  -1.2132600e-01   1.0359700e-02
  -1.2534500e-01  -4.2733900e-02
  -1.0424900e-01  -1.0229500e-01
  -5.0470400e-02  -1.5201500e-01
   2.9278500e-02  -1.7006100e-01
   1.1246900e-01  -1.4234300e-01
   1.7044300e-01  -7.3077199e-02
   1.8342200e-01   1.5322300e-02
   1.5078100e-01   9.3562199e-02
   8.9719599e-02   1.4053600e-01
   2.3680900e-02   1.5213700e-01
  -3.1030300e-02   1.3855800e-01
  -7.1193099e-02   1.1324400e-01
  -1.0197500e-01   8.2476999e-02
  -1.2656200e-01   4.3436400e-02
  -1.3919100e-01  -8.4171999e-03
  -1.2767900e-01  -6.9321499e-02
  -8.3783599e-02  -1.2343400e-01
  -1.3238400e-02  -1.4941300e-01
   6.2940300e-02  -1.3334500e-01
   1.1798000e-01  -7.8784299e-02
   1.3372300e-01  -6.3026600e-03
   1.1007100e-01   5.7599500e-02
   6.3121800e-02   9.4742699e-02
   1.3719100e-02   1.0304300e-01
  -2.5139300e-02   9.3083199e-02
  -5.3205200e-02   7.6998599e-02
  -7.7488499e-02   5.8615300e-02
  -1.0163700e-01   3.2320200e-02
  -1.1919600e-01  -8.9234299e-03
  -1.1651300e-01  -6.3275399e-02
  -8.3335499e-02  -1.1618400e-01
  -2.2929600e-02  -1.4686000e-01
   4.6464400e-02  -1.4090700e-01
   1.0068200e-01  -1.0003800e-01
   1.2319800e-01  -4.1622500e-02
   1.1375900e-01   1.1800800e-02
   8.6173699e-02   4.5656700e-02
   5.7309200e-02   5.9905900e-02
   3.5607000e-02   6.4886799e-02
   1.7505600e-02   7.0286699e-02
  -6.1049799e-03   7.6079999e-02
  -3.8973700e-02   7.2491399e-02
  -7.3060599e-02   4.8910000e-02
  -9.2007699e-02   4.6657700e-03
  -8.2236799e-02  -4.6992100e-02
  -4.3412100e-02  -8.5296799e-02
   9.7302299e-03  -9.4465999e-02
   5.5845500e-02  -7.3331099e-02
   7.9764399e-02  -3.5161000e-02
   8.0464199e-02   2.0197100e-03
   6.8764599e-02   2.7348600e-02
   5.6995700e-02   4.2538900e-02
   4.8810000e-02   5.7151600e-02
   3.6985900e-02   7.7863399e-02
   1.0791500e-02   1.0041200e-01
  -3.2961100e-02   1.1078700e-01
  -8.3984899e-02   9.5097499e-02
  -1.2273600e-01   5.0770100e-02
  -1.3214200e-01  -9.4450699e-03
  -1.0847800e-01  -6.3981399e-02
  -6.3540799e-02  -9.5010399e-02
  -1.6652100e-02  -9.8151899e-02
   1.7531800e-02  -8.2650299e-02
   3.6554000e-02  -6.2475799e-02
   4.7929600e-02  -4.5479800e-02
   5.9576299e-02  -2.8915800e-02
   7.0865299e-02  -4.4962900e-03
   7.1632399e-02   3.1352600e-02
   5.0202100e-02   7.0505299e-02
   4.3399000e-03   9.5482999e-02
  -5.3489500e-02   9.0070599e-02
  -1.0114300e-01   5.0696900e-02
  -1.1909000e-01  -9.7942499e-03
  -1.0151800e-01  -6.8946499e-02
  -5.8593699e-02  -1.0739100e-01
  -8.6615399e-03  -1.1860600e-01
   3.3604600e-02  -1.0929000e-01
   6.4453399e-02  -9.0975799e-02
   8.8924099e-02  -6.9938099e-02
   1.1189500e-01  -4.3335200e-02
   1.3008800e-01  -4.3819900e-03
   1.3191700e-01   4.7922800e-02
   1.0582000e-01   1.0273900e-01
   5.0866800e-02   1.4058500e-01
  -1.8719100e-02   1.4433000e-01
  -7.9261599e-02   1.1038400e-01
  -1.1019800e-01   5.1975300e-02
  -1.0504800e-01  -8.0353999e-03
  -7.3393199e-02  -4.9924200e-02
  -3.2973200e-02  -6.6668399e-02
   1.9762100e-03  -6.4161099e-02
   2.7678300e-02  -5.2951900e-02
   4.8583500e-02  -3.8540200e-02
   6.8689599e-02  -1.7905300e-02
   8.4064999e-02   1.5261300e-02
   8.3120499e-02   6.1199099e-02
   5.4944999e-02   1.0860900e-01
  -5.3739000e-04   1.3826100e-01
  -6.8666699e-02   1.3391600e-01
  -1.2611200e-01   9.2993399e-02
  -1.5330000e-01   2.9227400e-02
  -1.4481700e-01  -3.4853400e-02
  -1.1077600e-01  -8.0500799e-02
  -6.8636299e-02  -1.0176000e-01
  -3.1727700e-02  -1.0513500e-01
  -2.7721600e-03  -1.0110400e-01
   2.3471600e-02  -9.4583199e-02
   5.1417800e-02  -8.1780799e-02
   7.7324799e-02  -5.5615999e-02
   8.9714399e-02  -1.4994700e-02
   7.7607199e-02   2.9917100e-02
   4.0323200e-02   6.1310199e-02
  -8.9603599e-03   6.4279399e-02
  -4.9258900e-02   3.6840900e-02
  -6.3672399e-02  -7.9806999e-03
  -4.8921800e-02  -4.9761200e-02
  -1.5945900e-02  -7.2731799e-02
   1.8550100e-02  -7.3888699e-02
   4.3218400e-02  -6.1815899e-02
   5.7816599e-02  -4.7804700e-02
   6.9858799e-02  -3.6429400e-02
   8.5441099e-02  -2.2815300e-02
   1.0186400e-01   1.5657700e-03
   1.0811500e-01   3.9444300e-02
   9.3051899e-02   8.2417899e-02
   5.5021699e-02   1.1438000e-01
   5.3152399e-03   1.2161600e-01
  -3.7618200e-02   1.0222400e-01
  -5.9353999e-02   6.7816199e-02
  -5.8105799e-02   3.6060100e-02
  -4.4628400e-02   1.9366100e-02
  -3.3671500e-02   1.7834800e-02
  -3.3421000e-02   2.1318700e-02
  -4.0679900e-02   1.8642800e-02
  -4.5064200e-02   6.7755099e-03
  -3.8622900e-02  -7.0240999e-03
  -2.3246400e-02  -1.1553700e-02
  -1.0031900e-02  -1.4348000e-03
  -1.1010700e-02   1.7405600e-02
  -2.9560400e-02   3.0970800e-02
  -5.6912299e-02   2.6908800e-02
  -7.7603699e-02   3.4753900e-03
  -7.9968999e-02  -2.9006500e-02
  -6.3934399e-02  -5.5347399e-02
  -4.0380600e-02  -6.6026999e-02
  -2.2651900e-02  -6.3266199e-02
  -1.6646400e-02  -5.8233899e-02
  -1.6916600e-02  -6.1668599e-02
  -1.1603400e-02  -7.5119799e-02
   7.6738099e-03  -8.9471799e-02
   3.8574400e-02  -9.1839999e-02
   6.9000899e-02  -7.5564499e-02
   8.5580999e-02  -4.5681000e-02
   8.3275099e-02  -1.5685100e-02
   6.8863799e-02   2.0003700e-03
   5.5708599e-02   4.6928800e-03
   5.3765799e-02   7.6479899e-04
   6.2397099e-02   2.6969900e-03
   7.1361599e-02   1.7205700e-02
   6.9151299e-02   3.9960000e-02
   5.2265899e-02   5.8890099e-02
   2.8325500e-02   6.3546599e-02
   1.0604600e-02   5.3368799e-02
   8.0919599e-03   3.8533200e-02
   1.8582800e-02   3.2661100e-02
   3.0045700e-02   4.2816700e-02
   2.9277000e-02   6.4276999e-02
   1.1390200e-02   8.3960899e-02
  -1.6910200e-02   8.9900199e-02
  -4.2603400e-02   7.9635199e-02
  -5.6076299e-02   6.1303499e-02
  -5.7902099e-02   4.6767899e-02
  -5.7596799e-02   4.2154500e-02
  -6.5422999e-02   4.3084800e-02
  -8.3613399e-02   3.8259600e-02
  -1.0382000e-01   1.8654000e-02
  -1.1285300e-01  -1.4725700e-02
  -1.0245900e-01  -5.0524699e-02
  -7.5756999e-02  -7.4552799e-02
  -4.5447800e-02  -7.9599099e-02
  -2.5057100e-02  -7.0259699e-02
  -1.9691400e-02  -5.9221399e-02
  -2.3122900e-02  -5.7836399e-02
  -2.3226200e-02  -6.8052399e-02
  -1.1526200e-02  -8.1656499e-02
   1.0406900e-02  -8.7210799e-02
   3.2493000e-02  -7.9245599e-02
   4.4304000e-02  -6.2630399e-02
   4.3500500e-02  -4.8773699e-02
   3.7995200e-02  -4.6575099e-02
   4.0085100e-02  -5.5083599e-02
   5.6934799e-02  -6.3561199e-02
   8.4611999e-02  -5.9054199e-02
   1.1025100e-01  -3.5886400e-02
   1.2082400e-01  -1.0305300e-06
   1.1204800e-01   3.5074600e-02
   9.0876499e-02   5.7608699e-02
   6.9854799e-02   6.5401599e-02
   5.7724899e-02   6.6208399e-02
   5.3385499e-02   7.0749799e-02
   4.7684399e-02   8.3796499e-02
   3.1506900e-02   1.0020300e-01
   3.8274600e-03   1.0891900e-01
  -2.6559900e-02   1.0188800e-01
  -4.7084299e-02   8.0950999e-02
  -5.0713099e-02   5.7374299e-02
  -4.1486800e-02   4.4164899e-02
  -3.2012900e-02   4.6822299e-02
  -3.4669800e-02   5.9393399e-02
  -5.2982999e-02   6.8755399e-02
  -7.9480199e-02   6.3920399e-02
  -1.0145900e-01   4.3460799e-02
  -1.1019900e-01   1.5665900e-02
  -1.0665900e-01  -8.4269399e-03
  -9.9501799e-02  -2.3620100e-02
  -9.7177299e-02  -3.4124800e-02
  -1.0034800e-01  -4.9400199e-02
  -1.0064400e-01  -7.5527799e-02
  -8.6885699e-02  -1.0887100e-01
  -5.4131399e-02  -1.3710000e-01
  -8.6794599e-03  -1.4709400e-01
   3.4938800e-02  -1.3402200e-01
   6.2957799e-02  -1.0489600e-01
   7.0901799e-02  -7.3977999e-02
   6.5532599e-02  -5.3412799e-02
   5.9033099e-02  -4.5924099e-02
   5.9972599e-02  -4.4719799e-02
   6.7844499e-02  -4.0270600e-02
   7.5072699e-02  -2.8477700e-02
   7.4590199e-02  -1.3844200e-02
   6.6817799e-02  -5.2405899e-03
   6.0371199e-02  -7.6613899e-03
   6.5691299e-02  -1.6558100e-02
   8.6330299e-02  -1.9472700e-02
   1.1459600e-01  -4.1740199e-03
   1.3514700e-01   3.2498000e-02
   1.3426100e-01   8.1569299e-02
   1.0826500e-01   1.2697200e-01
   6.5230299e-02   1.5511500e-01
   1.8989600e-02   1.6219500e-01
  -1.9907000e-02   1.5428500e-01
  -4.9617399e-02   1.4072800e-01
  -7.5151299e-02   1.2627300e-01
  -1.0123800e-01   1.0812200e-01
  -1.2595300e-01   8.0023999e-02
  -1.4046900e-01   3.9969000e-02
  -1.3542900e-01  -4.9233899e-03
  -1.0917100e-01  -4.0656699e-02
  -7.1330499e-02  -5.4659899e-02
  -3.8603100e-02  -4.4297999e-02
  -2.5242100e-02  -1.9343600e-02
  -3.4797100e-02   3.5736900e-03
  -5.8785899e-02   1.0746500e-02
  -8.2970499e-02  -1.3662300e-03
  -9.6483099e-02  -2.6180000e-02
  -9.7235299e-02  -5.3610799e-02
  -9.0136999e-02  -7.7830999e-02
  -8.0234699e-02  -1.0017700e-01
  -6.6693999e-02  -1.2526400e-01
  -4.2717099e-02  -1.5381400e-01
  -1.6833900e-03  -1.7836200e-01
   5.5262199e-02  -1.8587100e-01
   1.1637000e-01  -1.6589500e-01
   1.6403000e-01  -1.1849900e-01
   1.8430200e-01  -5.5971999e-02
   1.7473900e-01   3.2670000e-03
   1.4513300e-01   4.4577099e-02
   1.1079500e-01   6.4100199e-02
   8.3310499e-02   6.8371299e-02
   6.5221799e-02   6.7470199e-02
   5.1916999e-02   6.7230599e-02
   3.8464600e-02   6.6349399e-02
   2.5526800e-02   6.0160699e-02
   1.9455500e-02   4.7532499e-02
   2.6440900e-02   3.4877300e-02
   4.5443199e-02   3.3526800e-02
   6.5839999e-02   5.1962999e-02
   7.2302099e-02   8.8608099e-02
   5.3937399e-02   1.3079700e-01
   1.1359500e-02   1.6118100e-01
  -4.3363799e-02   1.6740700e-01
  -9.3879399e-02   1.4848500e-01
  -1.2878400e-01   1.1369600e-01
  -1.4657100e-01   7.5271699e-02
  -1.5330700e-01   4.0461799e-02
  -1.5548200e-01   8.7161099e-03
  -1.5394300e-01  -2.4455800e-02
  -1.4365800e-01  -6.0575199e-02
  -1.1931100e-01  -9.4151599e-02
  -8.2043199e-02  -1.1508000e-01
  -4.1621999e-02  -1.1590600e-01
  -1.1749100e-02  -9.8397599e-02
  -1.5460100e-03  -7.4120599e-02
  -9.3427299e-03  -5.8067399e-02
  -2.3431400e-02  -5.9568499e-02
  -2.9443300e-02  -7.6835299e-02
  -1.9211000e-02  -9.8902799e-02
   5.0349299e-03  -1.1339300e-01
   3.3773400e-02  -1.1439800e-01
   5.7871499e-02  -1.0491000e-01
   7.4885399e-02  -9.2507199e-02
   8.9350599e-02  -8.2060999e-02
   1.0720500e-01  -7.1379699e-02
   1.2905200e-01  -5.3230399e-02
   1.4784000e-01  -2.2119100e-02
   1.5309400e-01   1.9599500e-02
   1.3866200e-01   6.1326299e-02
   1.0810500e-01   9.0271999e-02
   7.3403199e-02   9.9744799e-02
   4.7635299e-02   9.3613999e-02
   3.6740799e-02   8.3597699e-02
   3.6252499e-02   8.1262399e-02
   3.5233600e-02   9.0470499e-02
   2.4394000e-02   1.0560700e-01
   2.3993400e-03   1.1657300e-01
  -2.4090600e-02   1.1654800e-01
  -4.6307999e-02   1.0661300e-01
  -6.0399599e-02   9.3920599e-02
  -7.0079399e-02   8.5092399e-02
  -8.2897099e-02   8.0218099e-02
  -1.0312300e-01   7.2306199e-02
  -1.2693500e-01   5.2785899e-02
  -1.4390800e-01   1.8913600e-02
  -1.4398500e-01  -2.2674000e-02
  -1.2487400e-01  -5.9229199e-02
  -9.4322399e-02  -7.9860099e-02
  -6.5439799e-02  -8.2508099e-02
  -4.8341699e-02  -7.4908099e-02
  -4.4077799e-02  -6.8903799e-02
  -4.5069099e-02  -7.2330399e-02
  -4.1441099e-02  -8.4342899e-02
  -2.8344400e-02  -9.7349999e-02
  -8.8126299e-03  -1.0370500e-01
   9.7321599e-03  -1.0180200e-01
   2.2302600e-02  -9.6851099e-02
   3.0949800e-02  -9.5836799e-02
   4.3372199e-02  -1.0073700e-01
   6.6455399e-02  -1.0551100e-01
   9.9692199e-02  -9.9518399e-02
   1.3369800e-01  -7.5106999e-02
   1.5530300e-01  -3.3800700e-02
   1.5577800e-01   1.3590100e-02
   1.3634200e-01   5.3212499e-02
   1.0704200e-01   7.6392499e-02
   7.9911499e-02   8.4049399e-02
   6.1445299e-02   8.4389999e-02
   4.9747499e-02   8.5939499e-02
   3.8061199e-02   9.1298599e-02
   2.1567400e-02   9.6239199e-02
   1.9726300e-03   9.4517799e-02
  -1.3731400e-02   8.4340399e-02
  -1.9325200e-02   7.1159599e-02
  -1.5394800e-02   6.4349099e-02
  -1.0398100e-02   7.0097799e-02
  -1.5548400e-02   8.5919299e-02
  -3.7036699e-02   1.0113300e-01
  -7.1253599e-02   1.0329300e-01
  -1.0658500e-01   8.6108599e-02
  -1.3057500e-01   5.3250399e-02
  -1.3735800e-01   1.5449100e-02
  -1.3015600e-01  -1.6827500e-02
  -1.1739300e-01  -3.9684799e-02
  -1.0567000e-01  -5.6633699e-02
  -9.5081699e-02  -7.3737799e-02
  -8.0329499e-02  -9.3183799e-02
  -5.6524299e-02  -1.1048500e-01
  -2.4907700e-02  -1.1760900e-01
   6.2516899e-03  -1.0964100e-01
   2.6609700e-02  -8.9744299e-02
   3.1008700e-02  -6.8337599e-02
   2.3599500e-02  -5.6741399e-02
   1.5575500e-02  -5.9746399e-02
   1.7960800e-02  -7.2480299e-02
   3.4552399e-02  -8.3843599e-02
   5.9989199e-02  -8.3996599e-02
   8.4123099e-02  -7.0482799e-02
   9.9251798e-02  -4.8717099e-02
   1.0480100e-01  -2.6852800e-02
   1.0615200e-01  -9.2221599e-03
   1.0886300e-01   6.5329599e-03
   1.1304700e-01   2.6503500e-02
   1.1247100e-01   5.4177399e-02
   9.9261898e-02   8.5849099e-02
   7.0662799e-02   1.1162100e-01
   3.2584099e-02   1.2157900e-01
  -3.0104400e-03   1.1270000e-01
  -2.5262900e-02   9.1375599e-02
  -3.1067900e-02   6.9552399e-02
  -2.6476100e-02   5.7205399e-02
  -2.1960300e-02   5.6483899e-02
  -2.5118500e-02   6.1583099e-02
  -3.6146599e-02   6.4094399e-02
  -4.9177599e-02   5.9572299e-02
  -5.8080699e-02   5.0317699e-02
  -6.1973399e-02   4.2427399e-02
  -6.6031599e-02   3.9648299e-02
  -7.6911199e-02   3.9065399e-02
  -9.6350098e-02   3.2257899e-02
  -1.1804900e-01   1.1331600e-02
  -1.3054600e-01  -2.4589900e-02
  -1.2430800e-01  -6.7348399e-02
  -9.8011798e-02  -1.0392500e-01
  -5.9525999e-02  -1.2397800e-01
  -2.0915000e-02  -1.2546500e-01
   8.8583299e-03  -1.1451700e-01
   2.8316900e-02  -1.0001500e-01
   4.2054699e-02  -8.7137899e-02
   5.5070599e-02  -7.4740399e-02
   6.7551799e-02  -5.8294499e-02
   7.4317399e-02  -3.5762699e-02
   6.9401599e-02  -1.1484200e-02
   5.2154399e-02   5.3225899e-03
   2.9912100e-02   6.6520899e-03
   1.4765700e-02  -8.0398299e-03
   1.6389300e-02  -3.0193800e-02
   3.5920299e-02  -4.6595399e-02
   6.5225499e-02  -4.6962999e-02
   9.2018398e-02  -2.9453300e-02
   1.0710600e-01  -4.4213599e-04
   1.0866200e-01   3.0837499e-02
   1.0083600e-01   5.8532599e-02
   8.8341699e-02   8.2620399e-02
   7.1636999e-02   1.0603700e-01
   4.6670899e-02   1.2917900e-01
   9.4541498e-03   1.4656700e-01
  -3.8213699e-02   1.4877800e-01
  -8.6643099e-02   1.2865700e-01
  -1.2197800e-01   8.7324999e-02
  -1.3358700e-01   3.5385999e-02
  -1.2011900e-01  -1.1904200e-02
  -9.0048898e-02  -4.2424299e-02
  -5.6423699e-02  -5.2736499e-02
  -2.9589100e-02  -4.7907799e-02
  -1.2903900e-02  -3.6299799e-02
  -3.9731499e-03  -2.3559000e-02
   3.0584299e-04  -1.0298900e-02
  -6.1930399e-04   5.1723099e-03
  -1.0902500e-02   2.1804500e-02
  -3.3773199e-02   3.3048199e-02
  -6.6222599e-02   2.9229000e-02
  -9.7490398e-02   3.8286599e-03
  -1.1326200e-01  -4.0806399e-02
  -1.0321900e-01  -9.2735498e-02
  -6.6945999e-02  -1.3566100e-01
  -1.4184800e-02  -1.5689300e-01
   4.0650199e-02  -1.5287000e-01
   8.5835399e-02  -1.2892200e-01
   1.1665700e-01  -9.4069798e-02
   1.3429100e-01  -5.5104099e-02
   1.4101900e-01  -1.4290100e-02
   1.3616600e-01   2.8098900e-02
   1.1630600e-01   6.9150199e-02
   7.9626099e-02   1.0102500e-01
   3.0786899e-02   1.1361200e-01
  -1.8092500e-02   1.0072200e-01
  -5.1965199e-02   6.5404999e-02
  -6.0388199e-02   2.0188300e-02
  -4.3109799e-02  -1.8466500e-02
  -9.9310698e-03  -3.8121899e-02
   2.5013100e-02  -3.5644799e-02
   5.0604299e-02  -1.6673600e-02
   6.2882699e-02   9.7242698e-03
   6.3763299e-02   3.6948499e-02
   5.6206599e-02   6.3075799e-02
   4.0206199e-02   8.8314298e-02
   1.2986600e-02   1.1047400e-01
  -2.6797000e-02   1.2278700e-01
  -7.4478299e-02   1.1649500e-01
  -1.1861500e-01   8.6737798e-02
  -1.4546600e-01   3.7402499e-02
  -1.4613900e-01  -1.8993800e-02
  -1.2159000e-01  -6.6880399e-02
  -8.1994199e-02  -9.5219998e-02
  -4.0873199e-02  -1.0217800e-01
  -8.0052599e-03  -9.4021298e-02
   1.4194400e-02  -7.9503999e-02
   2.8854099e-02  -6.4041499e-02
   3.9463899e-02  -4.7815599e-02
   4.5733699e-02  -2.8685499e-02
   4.3798299e-02  -7.0258899e-03
   3.0465699e-02   1.1823500e-02
   7.8900099e-03   1.9841400e-02
  -1.5419100e-02   1.1858600e-02
  -2.8583499e-02  -9.8720398e-03
  -2.4795400e-02  -3.5786599e-02
  -5.6277299e-03  -5.4137999e-02
   1.9975600e-02  -5.7738399e-02
   4.1406799e-02  -4.7650999e-02
   5.2788999e-02  -3.1344699e-02
   5.5612099e-02  -1.6831600e-02
   5.5992199e-02  -7.1535799e-03
   5.8906099e-02   8.3259298e-04
   6.3884999e-02   1.2753800e-02
   6.5389199e-02   3.1189799e-02
   5.7424599e-02   5.2697699e-02
   3.8708699e-02   6.9721699e-02
   1.4304400e-02   7.5905199e-02
  -7.6105099e-03   7.0686999e-02
  -2.1399900e-02   5.9593499e-02
  -2.7714999e-02   4.9943099e-02
  -3.2410699e-02   4.5218299e-02
  -4.1397499e-02   4.2438799e-02
  -5.5328799e-02   3.4641399e-02
  -6.8232799e-02   1.6705300e-02
  -7.1290999e-02  -9.8151098e-03
  -5.9121399e-02  -3.6535099e-02
  -3.4020899e-02  -5.3029599e-02
  -5.0914899e-03  -5.3213599e-02
   1.7101600e-02  -3.8828399e-02
   2.6488599e-02  -1.7733700e-02
   2.3929600e-02   1.4759100e-03
   1.4750400e-02   1.4421500e-02
   3.7129399e-03   2.1920700e-02
  -8.4395498e-03   2.6683199e-02
  -2.4138200e-02   2.8789599e-02
  -4.4657999e-02   2.3956500e-02
  -6.6014799e-02   6.3651899e-03
  -7.8820698e-02  -2.5860300e-02
  -7.2899799e-02  -6.6747699e-02
  -4.3784099e-02  -1.0349200e-01
   3.4307199e-03  -1.2228000e-01
   5.5720599e-02  -1.1530300e-01
   9.8328898e-02  -8.4447498e-02
   1.2148500e-01  -3.9435299e-02
   1.2344000e-01   7.9206298e-03
   1.0845800e-01   4.9196099e-02
   8.2036298e-02   8.1025198e-02
   4.7420099e-02   1.0261000e-01
   5.9956699e-03   1.1198300e-01
  -3.9217399e-02   1.0478000e-01
  -8.0497098e-02   7.7063298e-02
  -1.0616600e-01   3.0229199e-02
  -1.0563700e-01  -2.6034799e-02
  -7.5757999e-02  -7.5754999e-02
  -2.4041200e-02  -1.0317800e-01
   3.3760099e-02  -9.9999998e-02
   8.0525998e-02  -6.8856999e-02
   1.0489400e-01  -2.1048400e-02
   1.0445000e-01   2.9644299e-02
   8.3725598e-02   7.2822399e-02
   4.9340099e-02   1.0348900e-01
   6.3229699e-03   1.1990200e-01
  -4.1853199e-02   1.2012600e-01
  -9.0312898e-02   1.0088900e-01
  -1.3026700e-01   6.0172599e-02
  -1.5011500e-01   1.5679300e-03
  -1.4044800e-01  -6.3456899e-02
  -9.9944798e-02  -1.1809000e-01
  -3.7940599e-02  -1.4682300e-01
   2.8581799e-02  -1.4240500e-01
   8.2121198e-02  -1.0879200e-01
   1.1166900e-01  -5.8363199e-02
   1.1555800e-01  -5.4488699e-03
   9.9082498e-02   3.9548599e-02
   6.9417099e-02   7.2029399e-02
   3.1824399e-02   9.0879398e-02
  -1.0354700e-02   9.4885298e-02
  -5.2793999e-02   8.1453298e-02
  -8.7694498e-02   4.8978799e-02
  -1.0476500e-01   9.1539098e-04
  -9.5893098e-02  -5.2185599e-02
  -6.0533099e-02  -9.5192198e-02
  -7.8230398e-03  -1.1467700e-01
   4.6592599e-02  -1.0524100e-01
   8.7429098e-02  -7.1807199e-02
   1.0615400e-01  -2.6465399e-02
   1.0310700e-01   1.7951600e-02
   8.4583398e-02   5.3300799e-02
   5.7558399e-02   7.7377198e-02
   2.6049999e-02   9.1033898e-02
  -8.5414098e-03   9.4235198e-02
  -4.4132799e-02   8.4612798e-02
  -7.5094498e-02   5.9802599e-02
  -9.2852398e-02   2.1568400e-02
  -9.0151598e-02  -2.1967200e-02
  -6.6086399e-02  -5.8430899e-02
  -2.8060399e-02  -7.6849298e-02
   1.1165000e-02  -7.3246798e-02
   3.9699199e-02  -5.2402199e-02
   5.2025199e-02  -2.4568799e-02
   5.0286199e-02   5.4046199e-04
   4.0893999e-02   1.8396700e-02
   2.9274099e-02   3.0014999e-02
   1.6682300e-02   3.8383099e-02
   1.2007200e-03   4.4173399e-02
  -1.8313400e-02   4.4294299e-02
  -3.8841299e-02   3.4438699e-02
  -5.3410699e-02   1.3539500e-02
  -5.5069999e-02  -1.3567900e-02
  -4.1766699e-02  -3.7695299e-02
  -1.8402900e-02  -5.0292399e-02
   5.6758299e-03  -4.8425499e-02
   2.2142800e-02  -3.6181399e-02
   2.8294999e-02  -2.1493100e-02
   2.7614599e-02  -1.0714900e-02
   2.6084599e-02  -4.8651399e-03
   2.7157499e-02  -1.3915600e-04
   2.9179499e-02   7.9418798e-03
   2.7118999e-02   2.0079200e-02
   1.7138500e-02   3.1927299e-02
   3.8991199e-04   3.7002499e-02
  -1.6971600e-02   3.1541999e-02
  -2.7658499e-02   1.7578300e-02
  -2.8133499e-02   1.8360700e-03
  -2.0843900e-02  -8.7746898e-03
  -1.2136100e-02  -1.1718600e-02
  -7.4438898e-03  -1.0056400e-02
  -7.3899098e-03  -9.4696098e-03
  -7.7329498e-03  -1.3405300e-02
  -3.1637499e-03  -2.0078300e-02
   7.9799198e-03  -2.3649199e-02
   2.1719500e-02  -1.8723400e-02
   3.0759499e-02  -4.7794499e-03
   2.9468599e-02   1.2837100e-02
   1.7849800e-02   2.6162199e-02
   1.5778300e-03   2.9746699e-02
  -1.1885300e-02   2.3932299e-02
  -1.8184400e-02   1.3952900e-02
  -1.8377000e-02   5.6874599e-03
  -1.7075000e-02   1.3644300e-03
  -1.8027200e-02  -1.5260900e-03
  -2.0672300e-02  -7.3788798e-03
  -2.0399300e-02  -1.8000600e-02
  -1.2368500e-02  -3.0106999e-02
   4.0423599e-03  -3.6891799e-02
   2.3654799e-02  -3.2653299e-02
   3.8154699e-02  -1.7088100e-02
   4.1210099e-02   3.9727899e-03
   3.2387899e-02   2.2011000e-02
   1.7082200e-02   3.1003899e-02
   2.6008999e-03   3.0649199e-02
  -6.6419199e-03   2.5445499e-02
  -1.1320400e-02   2.0548500e-02
  -1.5334700e-02   1.7685400e-02
  -2.1561400e-02   1.4251600e-02
  -2.8677999e-02   6.1891199e-03
  -3.1644799e-02  -7.7107198e-03
  -2.5563599e-02  -2.3570899e-02
  -9.9729098e-03  -3.4193199e-02
   9.7880298e-03  -3.3696499e-02
   2.5367499e-02  -2.1661400e-02
   3.0463499e-02  -3.6965099e-03
   2.4563699e-02   1.2049600e-02
   1.2726600e-02   1.9935800e-02
   1.6876700e-03   1.9831300e-02
  -4.7545499e-03   1.6051400e-02
  -7.6821898e-03   1.3257600e-02
  -1.1051800e-02   1.2582700e-02
  -1.7494300e-02   1.0968500e-02
  -2.5330699e-02   4.1611099e-03
  -2.9241799e-02  -9.0457698e-03
  -2.4182099e-02  -2.4733299e-02
  -9.5805998e-03  -3.5733299e-02
   9.4318398e-03  -3.6233599e-02
   2.4850899e-02  -2.5770299e-02
   3.0739499e-02  -9.6547698e-03
   2.6751699e-02   4.5081699e-03
   1.7757300e-02   1.1685100e-02
   9.9695598e-03   1.2161100e-02
   6.5324698e-03   1.0306000e-02
   5.8318999e-03   1.0498100e-02
   3.6501899e-03   1.3435400e-02
  -2.6691999e-03   1.5681500e-02
  -1.1399000e-02   1.2748400e-02
  -1.7238600e-02   3.2614099e-03
  -1.5225400e-02  -9.1188598e-03
  -4.7884499e-03  -1.7654600e-02
   9.2028898e-03  -1.7050800e-02
   1.9324200e-02  -7.2297198e-03
   2.0406400e-02   6.4550198e-03
   1.2806100e-02   1.6762400e-02
   1.8062600e-03   1.9300600e-02
  -6.3259299e-03   1.5043200e-02
  -8.6531298e-03   8.9097898e-03
  -7.0957198e-03   5.6488399e-03
  -6.1871999e-03   6.2266499e-03
  -8.9481198e-03   7.4531998e-03
  -1.4165100e-02   5.0317099e-03
  -1.7230700e-02  -2.4350999e-03
  -1.3916900e-02  -1.1696600e-02
  -4.1518899e-03  -1.6849200e-02
   7.1998698e-03  -1.3674100e-02
   1.3317600e-02  -3.0674099e-03
   1.0082600e-02   9.0831998e-03
  -9.7700098e-04   1.5607500e-02
  -1.3620100e-02   1.2721900e-02
  -2.1028499e-02   2.3207699e-03
  -2.0140200e-02  -9.6767198e-03
  -1.3099300e-02  -1.7585800e-02
  -4.9496999e-03  -1.9616300e-02
   4.8821099e-04  -1.8295400e-02
   3.3299699e-03  -1.7546600e-02
   6.8832398e-03  -1.8878700e-02
   1.4136200e-02  -1.9784500e-02
   2.4349199e-02  -1.5692500e-02
   3.2581599e-02  -4.0137999e-03
   3.2751599e-02   1.2875100e-02
   2.2085299e-02   2.8171999e-02
   3.6566899e-03   3.4561799e-02
  -1.4958800e-02   2.8817599e-02
  -2.6079599e-02   1.3834700e-02
  -2.6307999e-02  -3.3123099e-03
  -1.7909500e-02  -1.5830400e-02
  -6.4212498e-03  -2.0971899e-02
   3.5152199e-03  -2.0535799e-02
   1.0911100e-02  -1.8072500e-02
   1.7822900e-02  -1.5235500e-02
   2.6114199e-02  -1.0274000e-02
   3.4387699e-02   1.0839100e-04
   3.7765699e-02   1.7019000e-02
   3.0967499e-02   3.6825299e-02
   1.2506500e-02   5.2056299e-02
  -1.3177900e-02   5.5445699e-02
  -3.7439599e-02   4.4397699e-02
  -5.2006099e-02   2.2725899e-02
  -5.3338399e-02  -1.5716700e-03
  -4.3863399e-02  -2.0923199e-02
  -2.9453599e-02  -3.1963099e-02
  -1.5218300e-02  -3.6007399e-02
  -2.7566599e-03  -3.6286199e-02
   9.2700998e-03  -3.4389599e-02
   2.2039199e-02  -2.8838999e-02
   3.3703699e-02  -1.6907400e-02
   3.9320799e-02   1.8382500e-03
   3.3908599e-02   2.3248499e-02
   1.6442100e-02   3.9674999e-02
  -8.2859098e-03   4.4002799e-02
  -3.1561099e-02   3.3916599e-02
  -4.5300299e-02   1.3384500e-02
  -4.6208999e-02  -9.7129598e-03
  -3.6774199e-02  -2.8138199e-02
  -2.2627499e-02  -3.8864199e-02
  -8.4112198e-03  -4.3322599e-02
   4.7623899e-03  -4.4534899e-02
   1.8534400e-02  -4.3623699e-02
   3.4108199e-02  -3.8548199e-02
   4.9417799e-02  -2.6068299e-02
   5.9132998e-02  -5.3468399e-03
   5.7748399e-02   1.9761199e-02
   4.3552399e-02   4.1760599e-02
   2.0477999e-02   5.3426699e-02
  -3.6817899e-03   5.1898599e-02
  -2.1555099e-02   4.0068499e-02
  -3.0004099e-02   2.4323799e-02
  -3.0874399e-02   1.0342400e-02
  -2.8374599e-02   1.2642600e-06
  -2.5253499e-02  -8.4742198e-03
  -2.0753299e-02  -1.7495000e-02
  -1.1862400e-02  -2.6774599e-02
   3.1995799e-03  -3.2429199e-02
   2.2093299e-02  -2.9355099e-02
   3.8484199e-02  -1.5168100e-02
   4.5329299e-02   7.2804598e-03
   3.9070499e-02   3.0801299e-02
   2.1751499e-02   4.7666599e-02
  -4.1838699e-04   5.3671799e-02
  -2.0937699e-02   4.9663499e-02
  -3.6476499e-02   3.9661399e-02
  -4.7506099e-02   2.7233199e-02
  -5.5907999e-02   1.3013600e-02
  -6.1708298e-02  -4.7350499e-03
  -6.1736998e-02  -2.7065999e-02
  -5.1489399e-02  -5.1357499e-02
  -2.8928499e-02  -7.0997498e-02
   2.6500999e-03  -7.8374098e-02
   3.5024399e-02  -6.9283398e-02
   5.8731398e-02  -4.5710099e-02
   6.7672598e-02  -1.5020700e-02
   6.1628098e-02   1.3870600e-02
   4.5206199e-02   3.4719099e-02
   2.4315099e-02   4.5793899e-02
   2.9040999e-03   4.8494699e-02
  -1.7726800e-02   4.4325799e-02
  -3.6927199e-02   3.2944799e-02
  -5.2075999e-02   1.2977300e-02
  -5.7935698e-02  -1.5063500e-02
  -4.9013299e-02  -4.6275399e-02
  -2.3507599e-02  -7.1702598e-02
   1.4037400e-02  -8.1901998e-02
   5.3563899e-02  -7.1688698e-02
   8.3645898e-02  -4.2988899e-02
   9.6462397e-02  -3.9186499e-03
   9.0565898e-02   3.5247799e-02
   7.0003298e-02   6.6528098e-02
   4.0898499e-02   8.6354798e-02
   8.2033398e-03   9.4533897e-02
  -2.5155199e-02   9.1578897e-02
  -5.6635398e-02   7.7019298e-02
  -8.1940398e-02   5.0242299e-02
  -9.4800597e-02   1.3152400e-02
  -8.9531898e-02  -2.7788199e-02
  -6.4869298e-02  -6.2366498e-02
  -2.6269599e-02  -8.0470898e-02
   1.5328900e-02  -7.6842098e-02
   4.7929999e-02  -5.3708199e-02
   6.3517898e-02  -1.9575599e-02
   6.0718298e-02   1.5013200e-02
   4.3758599e-02   4.2000699e-02
   1.8932399e-02   5.7911898e-02
  -8.7055698e-03   6.2768198e-02
  -3.6233599e-02   5.7397498e-02
  -6.1290798e-02   4.1708099e-02
  -8.0013798e-02   1.5427400e-02
  -8.6819098e-02  -1.9424999e-02
  -7.6809498e-02  -5.6690598e-02
  -4.9307899e-02  -8.6946898e-02
  -9.8339797e-03  -1.0119600e-01
   3.1310799e-02  -9.5240997e-02
   6.3359898e-02  -7.1870898e-02
   7.9739198e-02  -3.9345799e-02
   8.0218298e-02  -7.1343598e-03
   6.9445198e-02   1.8323799e-02
   5.3222098e-02   3.5252799e-02
   3.5286699e-02   4.4988299e-02
   1.6699900e-02   4.8955199e-02
  -2.2182699e-03   4.6781599e-02
  -1.9454899e-02   3.7025099e-02
  -3.0732299e-02   1.9749099e-02
  -3.1578699e-02  -1.3977900e-03
  -2.0602199e-02  -1.9659699e-02
  -1.3902400e-03  -2.8307899e-02
   1.8674799e-02  -2.4408599e-02
   3.2168099e-02  -1.0550900e-02
   3.5491399e-02   6.7800198e-03
   3.0256999e-02   2.1125099e-02
   2.1333899e-02   2.9578199e-02
   1.3079500e-02   3.3562199e-02
   6.5095098e-03   3.6536399e-02
  -6.4582198e-04   4.0543999e-02
  -1.1263700e-02   4.4262599e-02
  -2.5744399e-02   4.3976299e-02
  -4.0964399e-02   3.6614399e-02
  -5.2081898e-02   2.2428799e-02
  -5.5786098e-02   5.1972398e-03
  -5.2467698e-02  -1.0225800e-02
  -4.5624599e-02  -2.1127999e-02
  -3.8961599e-02  -2.8434699e-02
  -3.3443799e-02  -3.5309499e-02
  -2.6633799e-02  -4.3927099e-02
  -1.4920700e-02  -5.2939998e-02
   2.9840099e-03  -5.7702498e-02
   2.3943099e-02  -5.3273398e-02
   4.1393999e-02  -3.8111899e-02
   4.8913699e-02  -1.5802600e-02
   4.3940599e-02   6.4805198e-03
   2.9130999e-02   2.1736199e-02
   1.0549700e-02   2.6556799e-02
  -5.8601798e-03   2.2001199e-02
  -1.6971800e-02   1.1664200e-02
  -2.2607799e-02  -1.2682500e-03
  -2.3464299e-02  -1.5594100e-02
  -1.8896399e-02  -3.1181399e-02
  -6.6748798e-03  -4.6564099e-02
   1.4846300e-02  -5.7356398e-02
   4.3780699e-02  -5.7261798e-02
   7.3468398e-02  -4.1453699e-02
   9.4373297e-02  -1.0151300e-02
   9.8314497e-02   3.0182699e-02
   8.2479698e-02   6.9102598e-02
   5.0706098e-02   9.6643697e-02
   1.1332800e-02   1.0728100e-01
  -2.6808999e-02   1.0113000e-01
  -5.7629398e-02   8.2129198e-02
  -7.8457198e-02   5.5008498e-02
  -8.8445597e-02   2.3394899e-02
  -8.6671197e-02  -9.8011597e-03
  -7.1911898e-02  -4.0633099e-02
  -4.4486199e-02  -6.3130698e-02
  -8.5917297e-03  -7.0647398e-02
   2.7150299e-02  -5.9188198e-02
   5.2126398e-02  -3.0563099e-02
   5.8155398e-02   7.0352598e-03
   4.3323699e-02   4.1868499e-02
   1.2839300e-02   6.3461398e-02
  -2.3600699e-02   6.6609598e-02
  -5.6202098e-02   5.2395098e-02
  -7.8519998e-02   2.6076899e-02
  -8.8195797e-02  -6.2603398e-03
  -8.5307297e-02  -3.9888099e-02
  -7.0307998e-02  -7.1307398e-02
  -4.3530699e-02  -9.6687297e-02
  -6.6487898e-03  -1.1092700e-01
   3.5383499e-02  -1.0883500e-01
   7.4057398e-02  -8.8055697e-02
   9.9737797e-02  -5.1696098e-02
   1.0576200e-01  -8.4485997e-03
   9.1722797e-02   3.0435199e-02
   6.3749698e-02   5.5780498e-02
   3.1514099e-02   6.4024698e-02
   3.8055799e-03   5.7651298e-02
  -1.4631000e-02   4.2597699e-02
  -2.3363999e-02   2.4659299e-02
  -2.4134999e-02   7.3230398e-03
  -1.8394699e-02  -7.8864798e-03
  -6.5370098e-03  -1.9499899e-02
   1.0764300e-02  -2.4739299e-02
   3.0568099e-02  -2.0221899e-02
   4.7128199e-02  -4.4243099e-03
   5.3820798e-02   2.0025499e-02
   4.6570599e-02   4.6287599e-02
   2.6461699e-02   6.6020598e-02
  -4.1875099e-04   7.3357798e-02
  -2.6007299e-02   6.7616398e-02
  -4.4267599e-02   5.2999598e-02
  -5.3619098e-02   3.5605699e-02
  -5.6395498e-02   1.9867399e-02
  -5.6052898e-02   6.8012298e-03
  -5.4357398e-02  -5.0112398e-03
  -5.0593498e-02  -1.6838299e-02
  -4.3149299e-02  -2.7841199e-02
  -3.1953899e-02  -3.5338799e-02
  -1.9612999e-02  -3.7036699e-02
  -1.0163000e-02  -3.3346899e-02
  -6.2962098e-03  -2.7791399e-02
  -7.2077098e-03  -2.4948099e-02
  -8.8411497e-03  -2.7327599e-02
  -6.5490998e-03  -3.3488999e-02
   1.6597699e-03  -3.8878199e-02
   1.3623600e-02  -3.8895099e-02
   2.4393499e-02  -3.2052199e-02
   2.9512699e-02  -2.0993799e-02
   2.7890299e-02  -1.0691900e-02
   2.2283799e-02  -5.1661098e-03
   1.7177399e-02  -5.0822698e-03
   1.5722899e-02  -7.8510297e-03
   1.7998799e-02  -9.9414697e-03
   2.1735899e-02  -9.5074997e-03
   2.4724399e-02  -7.2976698e-03
   2.6848199e-02  -5.2497398e-03
   3.0045899e-02  -4.0378499e-03
   3.6187199e-02  -1.6970699e-03
   4.4573099e-02   5.3702098e-03
   5.1175298e-02   1.9576899e-02
   5.0489298e-02   3.9590699e-02
   3.8906799e-02   6.0055798e-02
   1.7296599e-02   7.4035298e-02
  -9.0468597e-03   7.6657398e-02
  -3.3102499e-02   6.7562398e-02
  -4.9649598e-02   5.0602798e-02
  -5.7304198e-02   3.1195799e-02
  -5.7923598e-02   1.3318400e-02
  -5.4188298e-02  -1.7809899e-03
  -4.7415998e-02  -1.4529400e-02
  -3.7300299e-02  -2.4850599e-02
  -2.3612499e-02  -3.0900299e-02
  -8.2551197e-03  -2.9944499e-02
   4.2971399e-03  -2.0811199e-02
   8.9071697e-03  -5.9572598e-03
   2.9062899e-03   8.6874197e-03
  -1.1769400e-02   1.6366799e-02
  -2.9090299e-02   1.3045400e-02
  -4.1924899e-02  -4.7805198e-04
  -4.5604098e-02  -1.9278099e-02
  -3.9773999e-02  -3.7270699e-02
  -2.7510999e-02  -5.0365198e-02
  -1.2624500e-02  -5.7735298e-02
   2.7378799e-03  -6.0647698e-02
   1.8486399e-02  -6.0115798e-02
   3.4963699e-02  -5.5432798e-02
   5.0890198e-02  -4.4809299e-02
   6.2797898e-02  -2.7569699e-02
   6.6665298e-02  -6.0324298e-03
   6.0663798e-02   1.4658300e-02
   4.6929598e-02   2.8946699e-02
   3.0871799e-02   3.3975099e-02
   1.8292399e-02   3.1204799e-02
   1.2213900e-02   2.5356099e-02
   1.1559600e-02   2.1371699e-02
   1.2514200e-02   2.1504499e-02
   1.1484100e-02   2.4489999e-02
   7.4895797e-03   2.7206099e-02
   2.3405799e-03   2.7415799e-02
  -1.3320100e-03   2.5476199e-02
  -2.5198599e-03   2.3786899e-02
  -2.7954899e-03   2.4535399e-02
  -5.0442998e-03   2.7610999e-02
  -1.1000400e-02   3.0401499e-02
  -1.9575299e-02   2.9695599e-02
  -2.7376799e-02   2.4240599e-02
  -3.1125099e-02   1.5939999e-02
  -3.0171499e-02   8.6658997e-03
  -2.7176899e-02   5.4685498e-03
  -2.6335799e-02   6.2169498e-03
  -3.0357399e-02   7.4488597e-03
  -3.8365999e-02   4.6144398e-03
  -4.6237898e-02  -4.8459898e-03
  -4.9136898e-02  -1.9749499e-02
  -4.4441998e-02  -3.5920099e-02
  -3.3041899e-02  -4.8796698e-02
  -1.8240599e-02  -5.5959598e-02
  -3.2890899e-03  -5.7816598e-02
   1.0491000e-02  -5.6171898e-02
   2.3608999e-02  -5.2036198e-02
   3.6580299e-02  -4.4572498e-02
   4.8032398e-02  -3.2108199e-02
   5.4497498e-02  -1.4434599e-02
   5.2338498e-02   5.5103098e-03
   4.0539399e-02   2.2142099e-02
   2.2288299e-02   2.9890799e-02
   4.0181299e-03   2.6358099e-02
  -7.6542597e-03   1.3840800e-02
  -9.1651797e-03  -1.8321499e-03
  -1.3713400e-03  -1.4357899e-02
   1.1658200e-02  -1.9877099e-02
   2.5344099e-02  -1.7950899e-02
   3.6790599e-02  -1.0309800e-02
   4.5063798e-02   1.2899500e-03
   4.9755898e-02   1.6249999e-02
   4.9400598e-02   3.4441899e-02
   4.1375499e-02   5.4378198e-02
   2.3662999e-02   7.2015197e-02
  -2.7746699e-03   8.1579897e-02
  -3.2945799e-02   7.8272397e-02
  -5.9241698e-02   6.1164498e-02
  -7.4718597e-02   3.4276499e-02
  -7.6273697e-02   4.9569398e-03
  -6.5740598e-02  -1.9489699e-02
  -4.8334298e-02  -3.4827099e-02
  -2.9645299e-02  -4.0794399e-02
  -1.3242800e-02  -3.9683799e-02
  -2.9040399e-04  -3.3987399e-02
   9.0397197e-03  -2.4990199e-02
   1.3916300e-02  -1.3228400e-02
   1.2571800e-02  -1.1705100e-04
   3.7684299e-03   1.0955200e-02
  -1.1175600e-02   1.5371699e-02
  -2.7610599e-02   9.6982497e-03
  -3.9034299e-02  -5.8529298e-03
  -4.0166799e-02  -2.6768599e-02
  -2.9696499e-02  -4.6091198e-02
  -1.0882300e-02  -5.7742398e-02
   1.0380700e-02  -5.9233698e-02
   2.8706599e-02  -5.2122298e-02
   4.1504599e-02  -4.0159699e-02
   4.9076498e-02  -2.6647099e-02
   5.2849498e-02  -1.2913000e-02
   5.3382998e-02   1.1898400e-03
   4.9798498e-02   1.5498599e-02
   4.1022599e-02   2.8180099e-02
   2.7705299e-02   3.6113699e-02
   1.3064900e-02   3.6880899e-02
   1.7035499e-03   3.0850499e-02
  -2.9712599e-03   2.1636599e-02
  -9.2350897e-04   1.4340299e-02
   4.3666398e-03   1.2636500e-02
   8.0095797e-03   1.6673899e-02
   6.6731498e-03   2.3233899e-02
   4.0294099e-04   2.8005899e-02
  -7.8728497e-03   2.8356299e-02
  -1.4655399e-02   2.4681199e-02
  -1.8247699e-02   1.9536399e-02
  -1.9496999e-02   1.5386899e-02
  -2.0530599e-02   1.2772800e-02
  -2.2640399e-02   1.0263600e-02
  -2.5077999e-02   6.1133398e-03
  -2.5737099e-02   1.8041599e-04
  -2.3167799e-02  -5.5329198e-03
  -1.8261399e-02  -8.2693797e-03
  -1.4139699e-02  -6.8324797e-03
  -1.4140699e-02  -3.0187299e-03
  -1.9284399e-02  -9.2970197e-04
  -2.7093099e-02  -4.4746598e-03
  -3.2728599e-02  -1.4740499e-02
  -3.1761999e-02  -2.9062199e-02
  -2.2723999e-02  -4.2444298e-02
  -7.7576297e-03  -5.0339498e-02
   8.9319697e-03  -5.0883098e-02
   2.3586399e-02  -4.5179898e-02
   3.4546299e-02  -3.5721899e-02
   4.2020598e-02  -2.4364799e-02
   4.6466198e-02  -1.1492800e-02
   4.7141998e-02   3.0642599e-03
   4.2206298e-02   1.8278199e-02
   3.0425799e-02   3.0996999e-02
   1.3172600e-02   3.6916199e-02
  -5.0017998e-03   3.3035899e-02
  -1.7983399e-02   1.9944399e-02
  -2.1078599e-02   2.2266499e-03
  -1.3478899e-02  -1.3472099e-02
   1.3902699e-03  -2.1585199e-02
   1.7809799e-02  -2.0008699e-02
   3.0643299e-02  -1.0351000e-02
   3.7276099e-02   3.8135099e-03
   3.7578399e-02   1.9208899e-02
   3.2379399e-02   3.3990799e-02
   2.1990299e-02   4.7159798e-02
   6.1103498e-03   5.7119598e-02
  -1.4810199e-02   6.0947198e-02
  -3.7999099e-02   5.5352398e-02
  -5.8157398e-02   3.8886999e-02
  -6.9253097e-02   1.3809699e-02
  -6.7416597e-02  -1.3945099e-02
  -5.3099898e-02  -3.7007799e-02
  -3.1031099e-02  -4.9786398e-02
  -7.9388797e-03  -5.0710398e-02
   1.0504100e-02  -4.2216598e-02
   2.1637299e-02  -2.8732799e-02
   2.5682999e-02  -1.4204599e-02
   2.4077299e-02  -8.3192097e-04
   1.7830199e-02   1.0415300e-02
   7.2475597e-03   1.8370699e-02
  -6.9061297e-03   2.0875599e-02
  -2.2008499e-02   1.5565199e-02
  -3.3441499e-02   1.8018399e-03
  -3.6278499e-02  -1.7759899e-02
  -2.7899899e-02  -3.7408899e-02
  -9.7849196e-03  -5.0626498e-02
   1.2847299e-02  -5.3088498e-02
   3.3448699e-02  -4.4558298e-02
   4.7113598e-02  -2.8518499e-02
   5.2282698e-02  -9.9254796e-03
   5.0310298e-02   7.3157097e-03
   4.3543498e-02   2.1517099e-02
   3.3529399e-02   3.2518599e-02
   2.0674499e-02   4.0071898e-02
   5.4077298e-03   4.2862298e-02
  -1.0365000e-02   3.9113098e-02
  -2.2990499e-02   2.8347399e-02
  -2.8527499e-02   1.2839899e-02
  -2.5067899e-02  -2.6050799e-03
  -1.4254899e-02  -1.2712399e-02
  -7.8618197e-04  -1.4404499e-02
   9.9205396e-03  -8.3176397e-03
   1.4420599e-02   1.8388099e-03
   1.2567400e-02   1.1602100e-02
   6.7377897e-03   1.8139399e-02
  -2.8601499e-04   2.1135899e-02
  -7.1340097e-03   2.1802899e-02
  -1.4085899e-02   2.1022099e-02
  -2.1746699e-02   1.8215499e-02
  -2.9414899e-02   1.1869000e-02
  -3.4624599e-02   1.2635599e-03
  -3.4399599e-02  -1.2043300e-02
  -2.7368299e-02  -2.4315799e-02
  -1.5137899e-02  -3.1465199e-02
  -1.7917199e-03  -3.1411499e-02
   8.2749697e-03  -2.5319399e-02
   1.2738899e-02  -1.6811099e-02
   1.2336200e-02  -9.7016296e-03
   9.8473096e-03  -5.8424498e-03
   7.9141897e-03  -4.5349298e-03
   7.3225597e-03  -3.7790498e-03
   6.9543397e-03  -2.2694299e-03
   5.3017498e-03  -5.4803098e-04
   2.2399799e-03  -4.3712998e-04
  -4.1793098e-04  -3.2467699e-03
  -8.9661596e-05  -8.2260297e-03
   4.5434698e-03  -1.2562399e-02
   1.2211600e-02  -1.3053599e-02
   1.9523099e-02  -8.2791297e-03
   2.2979099e-02   3.2347999e-04
   2.1128599e-02   9.2967996e-03
   1.5336299e-02   1.5335599e-02
   8.6491796e-03   1.7242299e-02
   3.6399699e-03   1.6299299e-02
   8.2527797e-04   1.4885199e-02
  -1.2232499e-03   1.4464099e-02
  -4.2636998e-03   1.4503799e-02
  -8.5937796e-03   1.3127099e-02
  -1.2526499e-02   8.9432396e-03
  -1.3577299e-02   2.5851699e-03
  -1.0470100e-02  -3.3075399e-03
  -4.4102298e-03  -5.7356798e-03
   1.4063599e-03  -3.4354599e-03
   3.7629998e-03   2.1325099e-03
   1.4739099e-03   7.6567297e-03
  -3.9523598e-03   1.0097600e-02
  -9.4846296e-03   8.5345196e-03
  -1.2675599e-02   4.4388698e-03
  -1.3143299e-02   2.6506499e-04
  -1.2381899e-02  -2.5022199e-03
  -1.2148799e-02  -4.3362598e-03
  -1.2752499e-02  -6.9639797e-03
  -1.2623299e-02  -1.1567500e-02
  -9.5381596e-03  -1.7348099e-02
  -2.5749999e-03  -2.1645899e-02
   6.7281297e-03  -2.1622299e-02
   1.4967199e-02  -1.6301099e-02
   1.8876599e-02  -7.4547197e-03
   1.7337699e-02   1.3554799e-03
   1.1968199e-02   6.9230297e-03
