   3.9811700e+00   7.4898900e-02
   3.5405900e+00   1.6882900e+00
   2.4409100e+00   2.9000900e+00
   9.6932300e-01   3.4648600e+00
  -5.2275200e-01   3.3206600e+00
  -1.7254500e+00   2.5772700e+00
  -2.4378100e+00   1.4531900e+00
  -2.5821400e+00   2.0285400e-01
  -2.1837500e+00  -9.3324700e-01
  -1.3467300e+00  -1.7503400e+00
  -2.4279000e-01  -2.0922500e+00
   8.9573100e-01  -1.8761200e+00
   1.8023200e+00  -1.1291500e+00
   2.2359600e+00  -1.2816400e-02
   2.0598300e+00   1.1959300e+00
   1.3010500e+00   2.1770500e+00
   1.5385500e-01   2.6697200e+00
  -1.0835000e+00   2.5580200e+00
  -2.1106600e+00   1.8985000e+00
  -2.7170100e+00   8.8019800e-01
  -2.8236500e+00  -2.5543700e-01
  -2.4683600e+00  -1.2899900e+00
  -1.7590700e+00  -2.0665500e+00
  -8.3231200e-01  -2.4900100e+00
   1.6329800e-01  -2.5134900e+00
   1.0670100e+00  -2.1374200e+00
   1.7144100e+00  -1.4266000e+00
   1.9717000e+00  -5.2512700e-01
   1.7872000e+00   3.5861800e-01
   1.2283100e+00   1.0074900e+00
   4.7308700e-01   1.2716300e+00
  -2.4998600e-01   1.1249300e+00
  -7.4653600e-01   6.6880500e-01
  -9.2127300e-01   8.0381700e-02
  -7.9119800e-01  -4.6434800e-01
  -4.4777800e-01  -8.4926900e-01
   8.2019100e-04  -1.0317700e+00
   4.6930300e-01  -1.0168600e+00
   8.9842400e-01  -8.2234500e-01
   1.2340700e+00  -4.6554400e-01
   1.4122200e+00   2.1368800e-02
   1.3718000e+00   5.6762500e-01
   1.0907400e+00   1.0614500e+00
   6.1728500e-01   1.3827800e+00
   6.7118200e-02   1.4560600e+00
  -4.2035200e-01   1.2887400e+00
  -7.4310800e-01   9.6730000e-01
  -8.7716700e-01   6.1058800e-01
  -8.7153100e-01   3.0960400e-01
  -8.0317400e-01   9.1944000e-02
  -7.2467000e-01  -6.8855400e-02
  -6.4011600e-01  -2.1092700e-01
  -5.2251300e-01  -3.4278600e-01
  -3.5470500e-01  -4.3394200e-01
  -1.5952200e-01  -4.4226700e-01
   5.2526100e-03  -3.5446000e-01
   8.3245400e-02  -2.0634100e-01
   5.8708200e-02  -6.5923300e-02
  -3.2232200e-02   8.5940200e-03
  -1.2748900e-01   4.0865400e-03
  -1.8253600e-01  -4.5836400e-02
  -1.9817700e-01  -9.3803100e-02
  -2.1113600e-01  -1.2045800e-01
  -2.5467300e-01  -1.5197800e-01
  -3.2004700e-01  -2.3844200e-01
  -3.5000300e-01  -4.0817600e-01
  -2.7206900e-01  -6.3241400e-01
  -4.9491400e-02  -8.2828200e-01
   2.8623800e-01  -9.0070800e-01
   6.4490700e-01  -7.9570200e-01
   9.2305300e-01  -5.2928500e-01
   1.0543900e+00  -1.7413600e-01
   1.0323500e+00   1.8387800e-01
   8.9364700e-01   4.8701600e-01
   6.8089700e-01   7.1714200e-01
   4.1569000e-01   8.7469100e-01
   1.0286600e-01   9.4817600e-01
  -2.4054000e-01   9.0404900e-01
  -5.5967800e-01   7.0923800e-01
  -7.6676500e-01   3.7075000e-01
  -7.8058400e-01  -3.9927600e-02
  -5.7679600e-01  -4.0180000e-01
  -2.1393800e-01  -5.9540700e-01
   1.8557900e-01  -5.6003900e-01
   4.9007200e-01  -3.2129500e-01
   6.1547100e-01   2.7330700e-02
   5.5083900e-01   3.7454500e-01
   3.4190700e-01   6.3918000e-01
   5.1008000e-02   7.8739600e-01
  -2.7450200e-01   8.1586900e-01
  -6.0440700e-01   7.2321600e-01
  -9.0378900e-01   4.9843500e-01
  -1.1132900e+00   1.3827800e-01
  -1.1564200e+00  -3.2116800e-01
  -9.7662500e-01  -7.8852500e-01
  -5.8068800e-01  -1.1378900e+00
  -5.5732100e-02  -1.2607900e+00
   4.5753600e-01  -1.1192000e+00
   8.2328800e-01  -7.6558200e-01
   9.6657800e-01  -3.1668400e-01
   8.9437400e-01   1.0205100e-01
   6.7312700e-01   4.0654600e-01
   3.8324500e-01   5.7040500e-01
   8.3472400e-02   6.0530900e-01
  -1.9374400e-01   5.2862200e-01
  -4.2134900e-01   3.4736900e-01
  -5.5700600e-01   7.0737300e-02
  -5.4707200e-01  -2.6279300e-01
  -3.5787600e-01  -5.7206800e-01
  -1.2151700e-02  -7.5314400e-01
   3.9983400e-01  -7.2632900e-01
   7.4936500e-01  -4.8137100e-01
   9.2523200e-01  -8.9514600e-02
   8.8316800e-01   3.2798900e-01
   6.5867200e-01   6.5623700e-01
   3.3766900e-01   8.3307400e-01
   7.3351100e-03   8.5919900e-01
  -2.7954800e-01   7.7206300e-01
  -5.0658200e-01   6.0838000e-01
  -6.6883400e-01   3.8493100e-01
  -7.4763200e-01   1.0966100e-01
  -7.0976300e-01  -1.9100400e-01
  -5.3402100e-01  -4.5665600e-01
  -2.4383300e-01  -6.0839500e-01
   8.3034500e-02  -5.8949400e-01
   3.4132800e-01  -4.0372300e-01
   4.4830100e-01  -1.2243300e-01
   3.8506900e-01   1.4790900e-01
   2.0201700e-01   3.1839100e-01
  -1.4668300e-02   3.5696100e-01
  -1.9180600e-01   2.9066000e-01
  -3.0065900e-01   1.7347600e-01
  -3.5286000e-01   4.6086900e-02
  -3.6961100e-01  -8.2930300e-02
  -3.5197400e-01  -2.2349500e-01
  -2.7712000e-01  -3.7314200e-01
  -1.2329300e-01  -4.9738800e-01
   9.7741900e-02  -5.4056000e-01
   3.2917400e-01  -4.6159800e-01
   4.9173200e-01  -2.6838700e-01
   5.2740400e-01  -2.3301700e-02
   4.3414200e-01   1.8715000e-01
   2.6660900e-01   2.9938000e-01
   1.0189800e-01   3.0468700e-01
  -5.9446200e-03   2.4501300e-01
  -5.1303300e-02   1.7743600e-01
  -6.6552500e-02   1.3433700e-01
  -8.6636700e-02   1.0791700e-01
  -1.1732300e-01   6.8251000e-02
  -1.3156200e-01  -1.7441400e-03
  -9.5764400e-02  -8.3473500e-02
  -4.2097900e-03  -1.3100500e-01
   1.0675800e-01  -1.0489300e-01
   1.7765400e-01  -5.4365100e-03
   1.6517700e-01   1.2105200e-01
   7.2982300e-02   2.0943400e-01
  -4.9386600e-02   2.1757600e-01
  -1.3936100e-01   1.5267300e-01
  -1.6240600e-01   6.3092800e-02
  -1.3169600e-01   2.1749900e-03
  -9.2893800e-02  -9.0740400e-03
  -8.6483700e-02   6.8672000e-03
  -1.1650100e-01   6.2360800e-03
  -1.4901600e-01  -3.8390800e-02
  -1.4078200e-01  -1.1428100e-01
  -7.5484900e-02  -1.7681800e-01
   2.0634500e-02  -1.8341800e-01
   9.6100500e-02  -1.2697500e-01
   1.1154700e-01  -4.2996000e-02
   6.8779900e-02   1.5401100e-02
   9.3814500e-03   1.6026900e-02
  -1.6324800e-02  -2.9303900e-02
   1.3298900e-02  -7.4564300e-02
   7.5493900e-02  -7.4812500e-02
   1.2085200e-01  -2.0416200e-02
   1.1105900e-01   5.5514400e-02
   4.8150800e-02   1.0196500e-01
  -2.6674600e-02   8.8295800e-02
  -6.3654900e-02   2.7105300e-02
  -4.1284000e-02  -3.5403400e-02
   1.8352400e-02  -5.4065200e-02
   6.7050600e-02  -1.8122000e-02
   6.7259500e-02   4.1793900e-02
   2.0162700e-02   7.8045600e-02
  -3.6130800e-02   6.2943600e-02
  -5.6686300e-02   1.0038800e-02
  -2.5030900e-02  -3.6446800e-02
   3.3379700e-02  -3.5976000e-02
   6.9919300e-02   1.6353300e-02
   4.9688400e-02   8.4683200e-02
  -2.1354700e-02   1.1822700e-01
  -9.9627700e-02   8.8759400e-02
  -1.3524200e-01   1.1629800e-02
  -1.0798500e-01  -6.5435600e-02
  -4.1104200e-02  -9.7240800e-02
   1.7160800e-02  -7.3489300e-02
   3.0073200e-02  -2.4480000e-02
  -7.3668500e-04   3.7273300e-03
  -3.8160200e-02  -1.4525900e-02
  -3.9695400e-02  -6.4610700e-02
   8.4509200e-03  -1.0306500e-01
   7.9378800e-02  -9.1553200e-02
   1.2489000e-01  -2.7384700e-02
   1.1164800e-01   5.2778700e-02
   4.6725800e-02   9.9051000e-02
  -2.6864400e-02   8.4730000e-02
  -6.1398600e-02   2.5623500e-02
  -3.9006300e-02  -3.2173000e-02
   1.6297900e-02  -4.6736500e-02
   5.7912000e-02  -1.1022200e-02
   5.2431700e-02   4.3180200e-02
   4.7619200e-03   7.0702000e-02
  -4.6348400e-02   4.8284800e-02
  -5.8741400e-02  -7.2064400e-03
  -1.9959500e-02  -5.1483800e-02
   4.2245900e-02  -4.6783000e-02
   8.0105800e-02   8.7425000e-03
   6.1543600e-02   7.8539000e-02
  -5.5360500e-03   1.1408700e-01
  -7.8694700e-02   9.0415900e-02
  -1.1201600e-01   2.4051900e-02
  -8.9388300e-02  -3.9933300e-02
  -3.5082600e-02  -6.1783800e-02
   6.0214000e-03  -3.6175300e-02
   3.2685900e-03   5.2882400e-03
  -3.6451100e-02   1.9770000e-02
  -7.4561600e-02  -1.2723800e-02
  -7.1254800e-02  -7.2988500e-02
  -1.7240700e-02  -1.1655800e-01
   5.7515600e-02  -1.0745600e-01
   1.0495200e-01  -4.6196300e-02
   9.4199300e-02   2.9276900e-02
   3.4510100e-02   7.0609400e-02
  -3.1381600e-02   5.3877700e-02
  -5.8449300e-02  -3.7386600e-03
  -3.1711100e-02  -5.7694600e-02
   2.4355000e-02  -6.9582500e-02
   6.5939300e-02  -3.5039000e-02
   6.3883400e-02   1.4795500e-02
   2.5546300e-02   3.8896400e-02
  -1.1971500e-02   1.9127100e-02
  -1.1835000e-02  -2.5080900e-02
   3.2442300e-02  -5.1497000e-02
   9.0096200e-02  -2.8148300e-02
   1.1505500e-01   4.0541800e-02
   8.0444800e-02   1.1466500e-01
  -2.8758300e-04   1.4656600e-01
  -8.1662400e-02   1.1494000e-01
  -1.1787700e-01   3.9996100e-02
  -9.4471800e-02  -3.1454600e-02
  -3.6671000e-02  -5.9620100e-02
   1.1224000e-02  -3.8927700e-02
   1.9334000e-02   1.1512800e-03
  -6.8556000e-03   2.1456100e-02
  -3.3618000e-02   4.7083700e-03
  -2.8102000e-02  -3.1104400e-02
   1.3437400e-02  -4.7781600e-02
   6.0454600e-02  -1.8716800e-02
   7.0470900e-02   4.7227500e-02
   2.2297100e-02   1.0864900e-01
  -6.5148400e-02   1.1996800e-01
  -1.4316000e-01   6.4486700e-02
  -1.6569000e-01  -3.2392500e-02
  -1.2035500e-01  -1.1972600e-01
  -3.5500300e-02  -1.5523400e-01
   4.1282600e-02  -1.3213200e-01
   7.6719500e-02  -7.9459400e-02
   7.2452800e-02  -3.6846900e-02
   5.8038700e-02  -2.3719900e-02
   6.2926100e-02  -2.6584300e-02
   8.9941200e-02  -1.3702000e-02
   1.1136700e-01   3.4857200e-02
   9.1073000e-02   1.0581000e-01
   1.5818500e-02   1.5746900e-01
  -8.8707400e-02   1.4830400e-01
  -1.7043100e-01   6.8395900e-02
  -1.8397800e-01  -4.9859400e-02
  -1.2068100e-01  -1.5040100e-01
  -1.3879900e-02  -1.8851800e-01
   8.3988300e-02  -1.5729500e-01
   1.3549200e-01  -8.7168800e-02
   1.3877200e-01  -2.0323700e-02
   1.2067700e-01   1.9938000e-02
   1.0954900e-01   4.1807100e-02
   1.0984200e-01   7.1022100e-02
   9.8760100e-02   1.2257400e-01
   4.7539500e-02   1.8138800e-01
  -4.9510100e-02   2.0834300e-01
  -1.6167400e-01   1.6828500e-01
  -2.3616100e-01   5.9255300e-02
  -2.3113700e-01  -7.9611900e-02
  -1.4399500e-01  -1.8874000e-01
  -1.4311300e-02  -2.2350100e-01
   1.0079400e-01  -1.7962200e-01
   1.6124500e-01  -9.1251300e-02
   1.6415900e-01  -4.3797800e-03
   1.3648800e-01   5.3985000e-02
   1.0784600e-01   8.8338000e-02
   8.5566600e-02   1.2108400e-01
   5.1467700e-02   1.6529600e-01
  -1.7731800e-02   2.0661200e-01
  -1.2318300e-01   2.0968500e-01
  -2.3245800e-01   1.4518100e-01
  -2.9468300e-01   1.6830400e-02
  -2.7269100e-01  -1.3291800e-01
  -1.6912600e-01  -2.4462500e-01
  -2.7151100e-02  -2.7659700e-01
   9.5287900e-02  -2.2841000e-01
   1.5959300e-01  -1.3705700e-01
   1.6518400e-01  -4.9484300e-02
   1.4076800e-01   7.8438300e-03
   1.1668000e-01   4.0422500e-02
   1.0039000e-01   7.1365700e-02
   7.3900900e-02   1.1421200e-01
   1.4273500e-02   1.5538600e-01
  -7.9754600e-02   1.6095300e-01
  -1.7705600e-01   1.0310800e-01
  -2.2928400e-01  -1.3918300e-02
  -2.0197900e-01  -1.4914700e-01
  -9.9037600e-02  -2.4641800e-01
   3.7717300e-02  -2.6766000e-01
   1.5402500e-01  -2.1439600e-01
   2.1559700e-01  -1.2253700e-01
   2.2451900e-01  -3.5144800e-02
   2.0899500e-01   2.6252700e-02
   1.9575400e-01   7.0845900e-02
   1.8706600e-01   1.2261500e-01
   1.6014400e-01   1.9295800e-01
   8.9085900e-02   2.6415600e-01
  -2.8142600e-02   2.9746500e-01
  -1.5934900e-01   2.6049900e-01
  -2.5365600e-01   1.5343300e-01
  -2.7257800e-01   1.3914700e-02
  -2.1432300e-01  -1.0381800e-01
  -1.1377300e-01  -1.6102100e-01
  -1.8480400e-02  -1.5491900e-01
   4.1446300e-02  -1.1363500e-01
   6.7704400e-02  -7.0730200e-02
   8.2973100e-02  -3.9493400e-02
   1.0478800e-01  -6.6250100e-03
   1.2553800e-01   5.0428800e-02
   1.1504300e-01   1.3678200e-01
   4.4502500e-02   2.2587900e-01
  -8.6252200e-02   2.7032700e-01
  -2.3952100e-01   2.3134700e-01
  -3.5688500e-01   1.0595100e-01
  -3.9168300e-01  -6.7950300e-02
  -3.3442000e-01  -2.3245800e-01
  -2.1393600e-01  -3.4183000e-01
  -7.4979300e-02  -3.8344500e-01
   5.0300000e-02  -3.7423200e-01
   1.5594100e-01  -3.3786800e-01
   2.5231500e-01  -2.8217400e-01
   3.4285500e-01  -1.9505000e-01
   4.0793100e-01  -6.2016100e-02
   4.1079100e-01   1.0920500e-01
   3.2302300e-01   2.7806600e-01
   1.5104200e-01   3.8564300e-01
  -5.7061000e-02   3.8641000e-01
  -2.3147300e-01   2.7603300e-01
  -3.1539500e-01   9.5804700e-02
  -2.9187400e-01  -8.9452300e-02
  -1.8589800e-01  -2.2474800e-01
  -4.2712800e-02  -2.8726000e-01
   1.0022300e-01  -2.8462300e-01
   2.2726700e-01  -2.3451200e-01
   3.3662400e-01  -1.4429400e-01
   4.2030800e-01  -7.9991300e-03
   4.5162100e-01   1.7717600e-01
   3.9360100e-01   3.8936200e-01
   2.2479800e-01   5.7540800e-01
  -3.6218200e-02   6.6873800e-01
  -3.2735700e-01   6.2273400e-01
  -5.6626200e-01   4.3808200e-01
  -6.8725300e-01   1.6541800e-01
  -6.6908300e-01  -1.1887800e-01
  -5.3708700e-01  -3.4786000e-01
  -3.4125700e-01  -4.8783800e-01
  -1.2773200e-01  -5.3817400e-01
   7.6290100e-02  -5.1252700e-01
   2.5665700e-01  -4.1981200e-01
   3.9515000e-01  -2.6131000e-01
   4.5982600e-01  -4.5508300e-02
   4.1503400e-01   1.9361200e-01
   2.4660400e-01   3.9364100e-01
  -1.6233800e-02   4.8424300e-01
  -3.0084600e-01   4.2118200e-01
  -5.1743100e-01   2.1231500e-01
  -5.9748100e-01  -8.2207300e-02
  -5.2154000e-01  -3.7655800e-01
  -3.2048700e-01  -5.9608200e-01
  -5.2565700e-02  -7.0210200e-01
   2.2609900e-01  -6.9244700e-01
   4.7780600e-01  -5.8340200e-01
   6.7917800e-01  -3.9108000e-01
   8.0634100e-01  -1.2793700e-01
   8.2724200e-01   1.8439200e-01
   7.1228600e-01   4.9993200e-01
   4.5816800e-01   7.4858800e-01
   1.0678500e-01   8.5848900e-01
  -2.5822400e-01   7.8977900e-01
  -5.4025900e-01   5.5852800e-01
  -6.6902100e-01   2.3406400e-01
  -6.2744200e-01  -9.0066600e-02
  -4.5135100e-01  -3.3425600e-01
  -2.0495800e-01  -4.5793900e-01
   4.9775900e-02  -4.5996500e-01
   2.7038400e-01  -3.6034000e-01
   4.3092300e-01  -1.8124100e-01
   5.0841100e-01   5.7470100e-02
   4.7594700e-01   3.2733300e-01
   3.1289000e-01   5.7861800e-01
   2.6626100e-02   7.4258600e-01
  -3.3166400e-01   7.5433000e-01
  -6.7344100e-01   5.8503400e-01
  -9.0309600e-01   2.6286100e-01
  -9.5667000e-01  -1.3294800e-01
  -8.2661000e-01  -5.0327300e-01
  -5.5875500e-01  -7.6774000e-01
  -2.2569500e-01  -8.8889300e-01
   1.0492700e-01  -8.7107400e-01
   3.8792200e-01  -7.4080000e-01
   5.9752700e-01  -5.2670200e-01
   7.1368900e-01  -2.5400300e-01
   7.1467800e-01   4.5814100e-02
   5.8596900e-01   3.2352200e-01
   3.3986000e-01   5.1482600e-01
   2.8849300e-02   5.6216200e-01
  -2.6228000e-01   4.4440800e-01
  -4.4639500e-01   1.9456500e-01
  -4.7038700e-01  -1.0863300e-01
  -3.3648700e-01  -3.7251500e-01
  -9.6143400e-02  -5.2756900e-01
   1.7818400e-01  -5.4868400e-01
   4.2437600e-01  -4.5099200e-01
   6.0646600e-01  -2.6813600e-01
   7.0944900e-01  -3.1385300e-02
   7.2366100e-01   2.3575600e-01
   6.3589700e-01   5.0725000e-01
   4.3700900e-01   7.4211700e-01
   1.4041300e-01   8.8568200e-01
  -2.0507200e-01   8.8924200e-01
  -5.2249400e-01   7.3721000e-01
  -7.3445300e-01   4.6268400e-01
  -7.9606300e-01   1.3849500e-01
  -7.1287400e-01  -1.5295200e-01
  -5.3283800e-01  -3.5327600e-01
  -3.1860300e-01  -4.4531900e-01
  -1.1887900e-01  -4.4595500e-01
   4.3525300e-02  -3.8344500e-01
   1.6301900e-01  -2.7780300e-01
   2.3349100e-01  -1.3806500e-01
   2.3890700e-01   2.4449700e-02
   1.6161600e-01   1.8115200e-01
   2.2765800e-03   2.8547700e-01
  -2.0537600e-01   2.9114300e-01
  -3.9930900e-01   1.7854700e-01
  -5.1393100e-01  -2.9341000e-02
  -5.1021700e-01  -2.7404000e-01
  -3.9194200e-01  -4.8827800e-01
  -1.9809500e-01  -6.2542900e-01
   2.2015600e-02  -6.7328100e-01
   2.3300400e-01  -6.4554700e-01
   4.2099700e-01  -5.6062900e-01
   5.8219400e-01  -4.2552300e-01
   7.0481700e-01  -2.3735100e-01
   7.6159700e-01  -1.0596800e-04
   7.2116800e-01   2.5854000e-01
   5.7118400e-01   4.8641000e-01
   3.3570200e-01   6.2617700e-01
   7.2295600e-02   6.4356600e-01
  -1.5148500e-01   5.4558400e-01
  -2.8790200e-01   3.7627400e-01
  -3.2622000e-01   1.9305300e-01
  -2.8765800e-01   3.9841900e-02
  -2.0434100e-01  -6.5652500e-02
  -9.9169500e-02  -1.2466800e-01
   1.8879200e-02  -1.3952800e-01
   1.4277500e-01  -1.0201000e-01
   2.5137600e-01   1.2276900e-03
   3.0556300e-01   1.6989200e-01
   2.6344000e-01   3.7358000e-01
   1.0613900e-01   5.5304400e-01
  -1.4375200e-01   6.4230200e-01
  -4.2540500e-01   5.9930900e-01
  -6.6441200e-01   4.2597000e-01
  -8.0402600e-01   1.6507700e-01
  -8.2410200e-01  -1.2264900e-01
  -7.3815200e-01  -3.8535000e-01
  -5.7455800e-01  -5.9370300e-01
  -3.5818000e-01  -7.3586400e-01
  -1.0601100e-01  -8.0272900e-01
   1.6236100e-01  -7.7931800e-01
   4.1175400e-01  -6.5189500e-01
   5.9099400e-01  -4.2636600e-01
   6.5063500e-01  -1.4253700e-01
   5.6945700e-01   1.3016000e-01
   3.7184500e-01   3.1729800e-01
   1.2261300e-01   3.7134600e-01
  -9.9483600e-02   2.9157700e-01
  -2.3408400e-01   1.2022000e-01
  -2.5857200e-01  -8.1304200e-02
  -1.8529100e-01  -2.5973800e-01
  -4.2964200e-02  -3.8418000e-01
   1.4158500e-01  -4.4182800e-01
   3.4815400e-01  -4.2429300e-01
   5.5386900e-01  -3.1979000e-01
   7.2186300e-01  -1.2017600e-01
   8.0230000e-01   1.6191000e-01
   7.5041000e-01   4.8079300e-01
   5.5193200e-01   7.6385100e-01
   2.3851700e-01   9.3683500e-01
  -1.1928600e-01   9.5503500e-01
  -4.3933500e-01   8.2157500e-01
  -6.5978500e-01   5.8204500e-01
  -7.5724800e-01   3.0009800e-01
  -7.4297300e-01   3.0485900e-02
  -6.4397300e-01  -1.9426100e-01
  -4.8521800e-01  -3.5896100e-01
  -2.8556400e-01  -4.5210900e-01
  -6.7343000e-02  -4.5854500e-01
   1.3252800e-01  -3.6687800e-01
   2.6392300e-01  -1.8655200e-01
   2.8152400e-01   4.0324000e-02
   1.6967700e-01   2.4529400e-01
  -4.2974300e-02   3.5843700e-01
  -2.9078400e-01   3.3840100e-01
  -4.9771700e-01   1.8949700e-01
  -6.0775300e-01  -4.4148200e-02
  -6.0152000e-01  -3.0229800e-01
  -4.9180500e-01  -5.3397700e-01
  -3.0529000e-01  -7.0919200e-01
  -6.6239500e-02  -8.1333300e-01
   2.0605100e-01  -8.3402600e-01
   4.8700000e-01  -7.5514800e-01
   7.3606500e-01  -5.6559200e-01
   8.9922600e-01  -2.7693700e-01
   9.2806400e-01   6.4974600e-02
   8.0512100e-01   3.8704400e-01
   5.5852400e-01   6.1437100e-01
   2.5456600e-01   7.0050100e-01
  -2.8758200e-02   6.4461600e-01
  -2.3181000e-01   4.8609800e-01
  -3.2987800e-01   2.8173300e-01
  -3.2937400e-01   8.1367700e-02
  -2.5102700e-01  -8.3353200e-02
  -1.1519800e-01  -1.9406600e-01
   5.9818200e-02  -2.3425600e-01
   2.4802800e-01  -1.8523900e-01
   4.0680800e-01  -3.6112400e-02
   4.8151100e-01   1.9884900e-01
   4.2595700e-01   4.7020800e-01
   2.2785300e-01   7.0247000e-01
  -7.7799700e-02   8.2113100e-01
  -4.1790800e-01   7.8344400e-01
  -7.0932200e-01   5.9509600e-01
  -8.8984600e-01   3.0374200e-01
  -9.3521000e-01  -2.4882900e-02
  -8.5539600e-01  -3.3235300e-01
  -6.7775900e-01  -5.7997700e-01
  -4.3178600e-01  -7.4524600e-01
  -1.4600700e-01  -8.1166800e-01
   1.4450900e-01  -7.6521300e-01
   3.9172000e-01  -6.0327000e-01
   5.4089700e-01  -3.4953400e-01
   5.5102500e-01  -6.0716600e-02
   4.1812400e-01   1.8530400e-01
   1.8525800e-01   3.1755500e-01
  -7.0031900e-02   3.0159200e-01
  -2.6585600e-01   1.5339400e-01
  -3.4718700e-01  -7.0446400e-02
  -3.0135600e-01  -2.9939900e-01
  -1.5192600e-01  -4.7599200e-01
   6.0910500e-02  -5.6859800e-01
   2.9814600e-01  -5.6719200e-01
   5.2726100e-01  -4.7157300e-01
   7.1630600e-01  -2.8525700e-01
   8.2789900e-01  -2.1074100e-02
   8.2419500e-01   2.8756200e-01
   6.8402400e-01   5.8274200e-01
   4.2157900e-01   7.9470100e-01
   9.1789900e-02   8.6800800e-01
  -2.2526400e-01   7.8694900e-01
  -4.5474000e-01   5.8415200e-01
  -5.5565200e-01   3.2622900e-01
  -5.3189300e-01   8.4678500e-02
  -4.2124800e-01  -9.0866900e-02
  -2.7191100e-01  -1.8295700e-01
  -1.2254900e-01  -1.9830200e-01
   3.2284600e-03  -1.5184900e-01
   8.9470100e-02  -5.6901400e-02
   1.1892300e-01   7.2213700e-02
   7.3864100e-02   2.1038500e-01
  -5.1523800e-02   3.1731400e-01
  -2.3680800e-01   3.4727000e-01
  -4.3252300e-01   2.7025000e-01
  -5.7545600e-01   9.1350400e-02
  -6.1552400e-01  -1.4585400e-01
  -5.3854200e-01  -3.7638400e-01
  -3.7082000e-01  -5.4222500e-01
  -1.6314300e-01  -6.1521000e-01
   3.4963300e-02  -6.0165900e-01
   1.9436200e-01  -5.2861400e-01
   3.0856700e-01  -4.2356000e-01
   3.8174100e-01  -3.0230100e-01
   4.1484300e-01  -1.7162300e-01
   4.0212400e-01  -4.1077200e-02
   3.4037300e-01   6.8915500e-02
   2.4199200e-01   1.3191700e-01
   1.3894600e-01   1.3138400e-01
   7.1254500e-02   7.5712300e-02
   6.5859500e-02  -3.8839200e-04
   1.2011200e-01  -5.1710900e-02
   2.0202600e-01  -4.6471500e-02
   2.6814100e-01   1.7194300e-02
   2.8753700e-01   1.1296700e-01
   2.5632700e-01   2.0455800e-01
   1.9396100e-01   2.6743300e-01
   1.2565600e-01   2.9937600e-01
   6.4644500e-02   3.1408400e-01
   6.9706600e-03   3.2462500e-01
  -5.8778400e-02   3.3054800e-01
  -1.3602000e-01   3.1867600e-01
  -2.1232400e-01   2.7632900e-01
  -2.6606000e-01   2.0561800e-01
  -2.8265000e-01   1.2650700e-01
  -2.6744400e-01   6.5042900e-02
  -2.4434800e-01   3.5011000e-02
  -2.3996000e-01   2.6961300e-02
  -2.6426300e-01   1.3638000e-02
  -3.0208200e-01  -3.1182100e-02
  -3.2205300e-01  -1.1354000e-01
  -2.9724600e-01  -2.1351200e-01
  -2.2306700e-01  -2.9699200e-01
  -1.2011300e-01  -3.3667500e-01
  -2.0568100e-02  -3.2755700e-01
   5.1558800e-02  -2.8671300e-01
   9.2232900e-02  -2.3884800e-01
   1.1376900e-01  -1.9931500e-01
   1.3025700e-01  -1.6730500e-01
   1.4452500e-01  -1.3334300e-01
   1.4728900e-01  -9.3712200e-02
   1.2893000e-01  -5.9006800e-02
   9.3852200e-02  -4.8717400e-02
   6.4732200e-02  -7.5107100e-02
   7.1362000e-02  -1.2872000e-01
   1.3074300e-01  -1.7766100e-01
   2.3244600e-01  -1.8314300e-01
   3.4035100e-01  -1.2183200e-01
   4.1060300e-01  -1.6145600e-04
   4.1431500e-01   1.4890600e-01
   3.5039900e-01   2.8406900e-01
   2.4123300e-01   3.7621200e-01
   1.1606400e-01   4.1796700e-01
  -4.9361300e-03   4.1790500e-01
  -1.1495600e-01   3.8646800e-01
  -2.1221100e-01   3.2620500e-01
  -2.8825000e-01   2.3431900e-01
  -3.2469200e-01   1.1472900e-01
  -3.0306400e-01  -1.1644000e-02
  -2.2123300e-01  -1.0913200e-01
  -1.0343700e-01  -1.4348500e-01
   5.6318100e-03  -1.0222200e-01
   6.1139800e-02  -5.0614000e-03
   4.0673800e-02   1.0367200e-01
  -4.5230300e-02   1.7664700e-01
  -1.6089500e-01   1.8565600e-01
  -2.6562300e-01   1.3091300e-01
  -3.3243600e-01   3.3513400e-02
  -3.5406400e-01  -8.1229400e-02
  -3.3512300e-01  -1.9657000e-01
  -2.7965400e-01  -3.0486100e-01
  -1.8572300e-01  -3.9811700e-01
  -5.1879000e-02  -4.5923200e-01
   1.1038600e-01  -4.6386100e-01
   2.7008300e-01  -3.9411300e-01
   3.8438000e-01  -2.5476200e-01
   4.1815600e-01  -7.9156400e-02
   3.6347200e-01   8.1795200e-02
   2.4574800e-01   1.8240400e-01
   1.1179800e-01   2.0305600e-01
   7.0327200e-03   1.5641300e-01
  -4.3976400e-02   7.6152500e-02
  -4.2373100e-02  -3.0123800e-03
  -4.8928400e-03  -6.0385400e-02
   5.1475100e-02  -9.0841300e-02
   1.1790100e-01  -9.5189800e-02
   1.9002000e-01  -6.9931900e-02
   2.5750200e-01  -6.4774700e-03
   2.9812700e-01   9.8772000e-02
   2.8414400e-01   2.3195800e-01
   1.9859000e-01   3.5863000e-01
   5.0357800e-02   4.3546700e-01
  -1.2387300e-01   4.3128400e-01
  -2.7422800e-01   3.4412600e-01
  -3.6069000e-01   2.0296700e-01
  -3.7044600e-01   5.2667000e-02
  -3.1929400e-01  -6.8046800e-02
  -2.3779200e-01  -1.4167900e-01
  -1.5290700e-01  -1.7195800e-01
  -7.7730800e-02  -1.7169800e-01
  -1.4538100e-02  -1.4967300e-01
   3.4254400e-02  -1.0696500e-01
   5.8445300e-02  -4.4547500e-02
   4.3586900e-02   2.5868800e-02
  -1.6218400e-02   7.8824100e-02
  -1.0662900e-01   8.5067500e-02
  -1.9323700e-01   2.9107500e-02
  -2.3613600e-01  -7.7926600e-02
  -2.1063700e-01  -2.0020800e-01
  -1.2072300e-01  -2.9407000e-01
   3.6931500e-03  -3.2950400e-01
   1.2372100e-01  -3.0277500e-01
   2.1115100e-01  -2.3296900e-01
   2.5825900e-01  -1.4651400e-01
   2.7298800e-01  -6.1574900e-02
   2.6558000e-01   1.7001200e-02
   2.3830600e-01   9.0438300e-02
   1.8645700e-01   1.5449800e-01
   1.0898200e-01   1.9473600e-01
   1.8908100e-02   1.9376600e-01
  -5.6645000e-02   1.4559000e-01
  -8.9115700e-02   6.5597600e-02
  -6.5916000e-02  -1.2860600e-02
  -1.9277200e-04  -5.4793400e-02
   7.4747000e-02  -4.2589800e-02
   1.2337500e-01   1.4931800e-02
   1.2656200e-01   8.9369100e-02
   8.8856300e-02   1.5038300e-01
   3.0680300e-02   1.8184400e-01
  -2.7633200e-02   1.8600500e-01
  -7.7827100e-02   1.7453300e-01
  -1.2355100e-01   1.5492400e-01
  -1.6975200e-01   1.2365000e-01
  -2.1150300e-01   7.1399900e-02
  -2.3239600e-01  -4.2577700e-03
  -2.1481100e-01  -8.9750300e-02
  -1.5461000e-01  -1.5848300e-01
  -6.8648700e-02  -1.8525400e-01
   1.1691700e-02  -1.6234200e-01
   5.7565000e-02  -1.0555700e-01
   5.8893700e-02  -4.5424900e-02
   2.8681300e-02  -9.2583899e-03
  -7.2593500e-03  -6.3335800e-03
  -2.7498700e-02  -2.5961800e-02
  -2.6862400e-02  -4.8725700e-02
  -1.5218400e-02  -6.1731800e-02
  -5.4386700e-03  -6.6363600e-02
  -7.7220700e-04  -7.3326900e-02
   8.1795900e-03  -8.9821899e-02
   3.4562000e-02  -1.0975800e-01
   8.1707600e-02  -1.1545500e-01
   1.3609900e-01  -9.0170499e-02
   1.7324500e-01  -3.2100000e-02
   1.7298400e-01   4.1113600e-02
   1.3330900e-01   1.0153000e-01
   7.2481900e-02   1.2773300e-01
   1.7625200e-02   1.1753300e-01
  -1.2181900e-02   8.7639599e-02
  -1.6379100e-02   6.0893100e-02
  -9.9328399e-03   5.0601300e-02
  -9.8562199e-03   5.3320800e-02
  -2.1803200e-02   5.4773500e-02
  -3.6822100e-02   4.3603800e-02
  -4.0295700e-02   2.1914900e-02
  -2.5647900e-02   4.2705100e-03
  -1.7498600e-03   5.9348600e-03
   1.2140900e-02   2.9573500e-02
   4.0506300e-04   6.0993200e-02
  -3.6512800e-02   7.7716600e-02
  -8.0883300e-02   6.4407300e-02
  -1.0898900e-01   2.3823500e-02
  -1.0688600e-01  -2.4855800e-02
  -7.9191400e-02  -5.9164800e-02
  -4.4638000e-02  -6.8319000e-02
  -2.1957400e-02  -5.9143100e-02
  -1.6725800e-02  -4.8955200e-02
  -1.8871000e-02  -5.1186800e-02
  -1.2322400e-02  -6.4827200e-02
   1.0925500e-02  -7.5673200e-02
   4.3322800e-02  -6.8242900e-02
   6.6713500e-02  -3.9033800e-02
   6.6016500e-02  -7.6998000e-04
   4.1194600e-02   2.5852700e-02
   8.2802999e-03   2.6877000e-02
  -1.1534400e-02   5.2275400e-03
  -6.7231400e-03  -2.1362800e-02
   1.6829000e-02  -3.3140800e-02
   4.0837700e-02  -2.2309100e-02
   4.8493900e-02   2.1636400e-03
   3.6707600e-02   2.2292900e-02
   1.7577100e-02   2.5308900e-02
   8.1711199e-03   1.3466400e-02
   1.6585900e-02   1.9873200e-03
   3.5029800e-02   6.7639600e-03
   4.5314900e-02   3.1267800e-02
   3.2680300e-02   6.2739700e-02
  -2.4935800e-03   8.0727899e-02
  -4.3980900e-02   7.1698300e-02
  -7.0657700e-02   3.8841900e-02
  -7.1003100e-02  -2.0285500e-04
  -5.0437200e-02  -2.5927800e-02
  -2.6230200e-02  -3.0384000e-02
  -1.4075300e-02  -2.1504200e-02
  -1.6613000e-02  -1.5363700e-02
  -2.2553600e-02  -2.2582600e-02
  -1.6862800e-02  -3.9459500e-02
   6.0083200e-03  -5.0720300e-02
   3.6219900e-02  -4.1824500e-02
   5.4763700e-02  -1.1382700e-02
   4.7350000e-02   2.5971000e-02
   1.5576100e-02   4.8771300e-02
  -2.3104100e-02   4.3406100e-02
  -4.6785400e-02   1.3535200e-02
  -4.3617000e-02  -2.2635300e-02
  -1.8890500e-02  -4.5094600e-02
   1.0187700e-02  -4.5306800e-02
   2.7734300e-02  -3.0363700e-02
   3.0288200e-02  -1.5392500e-02
   2.7512800e-02  -1.0504700e-02
   3.2355400e-02  -1.2577400e-02
   4.8652200e-02  -8.2783399e-03
   6.6129200e-02   1.4036400e-02
   6.7058000e-02   5.2880500e-02
   3.9816400e-02   9.1817599e-02
  -1.0866500e-02   1.0922600e-01
  -6.4950500e-02   9.2823699e-02
  -9.9075399e-02   4.8383700e-02
  -1.0104500e-01  -3.7490100e-03
  -7.6512099e-02  -4.1812200e-02
  -4.3377100e-02  -5.5899200e-02
  -1.8479800e-02  -5.1955100e-02
  -6.6483700e-03  -4.4221000e-02
  -3.6696200e-05  -4.2520600e-02
   1.2386100e-02  -4.4445700e-02
   3.3146200e-02  -3.8444900e-02
   5.1945100e-02  -1.5209600e-02
   5.2501500e-02   2.1825400e-02
   2.5593900e-02   5.5548000e-02
  -2.1693600e-02   6.5264700e-02
  -6.7965200e-02   4.0819300e-02
  -8.9926799e-02  -9.5674099e-03
  -7.6631899e-02  -6.3624900e-02
  -3.5544400e-02  -9.8576199e-02
   1.3610300e-02  -1.0430300e-01
   5.2347600e-02  -8.7032699e-02
   7.4275899e-02  -6.1634400e-02
   8.5696699e-02  -3.9064300e-02
   9.6373899e-02  -1.8793900e-02
   1.0839800e-01   8.1357999e-03
   1.1236800e-01   4.8260900e-02
   9.4266799e-02   9.6066199e-02
   4.7888600e-02   1.3380700e-01
  -1.6916900e-02   1.4178900e-01
  -7.7122899e-02   1.1196700e-01
  -1.0924800e-01   5.4856200e-02
  -1.0325000e-01  -5.6149800e-03
  -6.7891900e-02  -4.5968700e-02
  -2.4006500e-02  -5.6137900e-02
   9.1881799e-03  -4.2741800e-02
   2.4797400e-02  -2.1148800e-02
   2.8706900e-02  -2.9925100e-03
   3.0490500e-02   1.1203700e-02
   3.2679100e-02   2.9011800e-02
   2.7290300e-02   5.5708800e-02
   2.6054500e-03   8.5379499e-02
  -4.5059000e-02   1.0129700e-01
  -1.0407200e-01   8.6179899e-02
  -1.5111200e-01   3.5111800e-02
  -1.6401800e-01  -3.8563100e-02
  -1.3513700e-01  -1.0920000e-01
  -7.5832899e-02  -1.5295500e-01
  -9.0646299e-03  -1.6041500e-01
   4.4519400e-02  -1.3931700e-01
   7.7124599e-02  -1.0622700e-01
   9.4042999e-02  -7.4022299e-02
   1.0457300e-01  -4.4631100e-02
   1.1153700e-01  -1.2021800e-02
   1.0802600e-01   2.7783200e-02
   8.4004899e-02   6.8373899e-02
   3.7458900e-02   9.3697999e-02
  -1.9141400e-02   8.8136199e-02
  -6.2990900e-02   4.8672200e-02
  -7.3678299e-02  -1.0160700e-02
  -4.5806300e-02  -6.2874900e-02
   7.4463499e-03  -8.7114599e-02
   6.2390600e-02  -7.5687199e-02
   9.8806299e-02  -3.8503900e-02
   1.1009200e-01   6.2561800e-03
   1.0301500e-01   4.4747500e-02
   8.8388199e-02   7.4508999e-02
   7.0645599e-02   1.0134400e-01
   4.4682800e-02   1.2943200e-01
   2.3213900e-03   1.5329800e-01
  -5.7034800e-02   1.5869300e-01
  -1.2051600e-01   1.3237000e-01
  -1.6619900e-01   7.3524799e-02
  -1.7551800e-01  -2.0543400e-03
  -1.4506400e-01  -6.8974699e-02
  -8.9270699e-02  -1.0606500e-01
  -3.1885700e-02  -1.0763900e-01
   7.8287999e-03  -8.4602199e-02
   2.4609800e-02  -5.5188400e-02
   2.6281800e-02  -3.2466900e-02
   2.4119500e-02  -1.7746500e-02
   2.2516700e-02  -4.1013000e-03
   1.6087700e-02   1.3643000e-02
  -3.7757000e-03   3.1025800e-02
  -3.8440500e-02   3.4944100e-02
  -7.6445299e-02   1.3220900e-02
  -9.7968499e-02  -3.4460800e-02
  -8.6826899e-02  -9.2909299e-02
  -4.1529500e-02  -1.3852000e-01
   2.2730700e-02  -1.5263200e-01
   8.2810799e-02  -1.3193700e-01
   1.2100300e-01  -8.8823599e-02
   1.3375600e-01  -4.1830500e-02
   1.3005300e-01  -3.4758400e-03
   1.2153200e-01   2.5707100e-02
   1.1238700e-01   5.3124600e-02
   9.6906099e-02   8.4006499e-02
   6.6297999e-02   1.1373400e-01
   1.9091600e-02   1.2907300e-01
  -3.3509900e-02   1.1773800e-01
  -7.2182299e-02   7.9026299e-02
  -8.1203399e-02   2.7158600e-02
  -5.8970999e-02  -1.5805700e-02
  -1.9556400e-02  -3.2845600e-02
   1.6007200e-02  -2.1650600e-02
   3.2544300e-02   5.6095400e-03
   2.8623600e-02   3.1872400e-02
   1.4300700e-02   4.6831300e-02
   1.1167100e-03   5.2128100e-02
  -7.5990099e-03   5.6731300e-02
  -1.8613700e-02   6.6706699e-02
  -4.1593800e-02   7.7816799e-02
  -7.8703499e-02   7.7089799e-02
  -1.1947100e-01   5.2465200e-02
  -1.4545900e-01   3.2336800e-03
  -1.4178800e-01  -5.6874799e-02
  -1.0722500e-01  -1.0674700e-01
  -5.5410500e-02  -1.3033200e-01
  -6.2448399e-03  -1.2569000e-01
   2.6359400e-02  -1.0433300e-01
   4.1598900e-02  -8.1738599e-02
   4.9015900e-02  -6.6319699e-02
   5.8544399e-02  -5.5029600e-02
   7.1363899e-02  -3.8518300e-02
   7.8716099e-02  -1.1381600e-02
   6.9554999e-02   2.0836300e-02
   4.0984300e-02   4.3685900e-02
   3.1610200e-03   4.3692700e-02
  -2.5551800e-02   1.8737900e-02
  -3.0026700e-02  -1.8987200e-02
  -8.1917999e-03  -4.9950400e-02
   2.7897500e-02  -5.9318299e-02
   6.0434299e-02  -4.5474300e-02
   7.7461399e-02  -1.9096300e-02
   7.9254599e-02   6.0667599e-03
   7.5157899e-02   2.3484800e-02
   7.3829399e-02   3.7398900e-02
   7.4797599e-02   5.7174899e-02
   6.8089299e-02   8.7152799e-02
   4.2371900e-02   1.2020400e-01
  -4.6124600e-03   1.4042000e-01
  -6.1494399e-02   1.3338300e-01
  -1.0849400e-01   9.6578599e-02
  -1.2901900e-01   4.2220200e-02
  -1.1945400e-01  -9.7420499e-03
  -9.0259999e-02  -4.3480300e-02
  -5.7902399e-02  -5.5586599e-02
  -3.3802200e-02  -5.4203199e-02
  -1.8451500e-02  -5.0310700e-02
  -4.6453700e-03  -4.8283000e-02
   1.3308900e-02  -4.3106200e-02
   3.2113600e-02  -2.6288300e-02
   4.0034000e-02   4.4076100e-03
   2.5480800e-02   3.9409000e-02
  -1.2767200e-02   6.0926199e-02
  -6.1663499e-02   5.3727499e-02
  -9.9810199e-02   1.5543700e-02
  -1.0948400e-01  -4.0440900e-02
  -8.6541299e-02  -9.2938199e-02
  -4.1511200e-02  -1.2461500e-01
   8.4146399e-03  -1.3051100e-01
   5.0275600e-02  -1.1741600e-01
   8.1200999e-02  -9.5638099e-02
   1.0553700e-01  -7.0140699e-02
   1.2643100e-01  -3.8064200e-02
   1.3931400e-01   5.6430199e-03
   1.3310700e-01   5.9392399e-02
   9.8768699e-02   1.1058500e-01
   3.8741700e-02   1.4013700e-01
  -3.0299500e-02   1.3352300e-01
  -8.4392299e-02   9.0725499e-02
  -1.0481300e-01   2.7846100e-02
  -8.7904099e-02  -3.1112000e-02
  -4.5728900e-02  -6.6857599e-02
   2.4139800e-03  -7.3452099e-02
   4.1276200e-02  -5.7748899e-02
   6.5880199e-02  -3.1206500e-02
   7.9122599e-02  -9.9416799e-04
   8.3946199e-02   3.2772200e-02
   7.7282499e-02   7.2111099e-02
   5.1242999e-02   1.1337000e-01
   9.6303299e-04   1.4381000e-01
  -6.7185899e-02   1.4651900e-01
  -1.3416200e-01   1.1102000e-01
  -1.7600000e-01   4.2056000e-02
  -1.7631200e-01  -4.0187300e-02
  -1.3532400e-01  -1.0935800e-01
  -6.9386599e-02  -1.4594500e-01
  -1.4564000e-03  -1.4565300e-01
   5.0822999e-02  -1.1822300e-01
   8.1592299e-02  -7.8560999e-02
   9.4402899e-02  -3.7240000e-02
   9.4290599e-02   2.8348100e-03
   8.1436499e-02   4.2121500e-02
   5.1740499e-02   7.7196699e-02
   3.6789900e-03   9.7574499e-02
  -5.4604899e-02   9.0245199e-02
  -1.0467000e-01   4.9214899e-02
  -1.2558000e-01  -1.7137600e-02
  -1.0557100e-01  -8.7094099e-02
  -4.9673999e-02  -1.3541500e-01
   2.2213100e-02  -1.4596500e-01
   8.5752199e-02  -1.1902700e-01
   1.2422500e-01  -6.8835199e-02
   1.3450400e-01  -1.3702800e-02
   1.2389600e-01   3.4011800e-02
   1.0143000e-01   7.1361099e-02
   7.0871899e-02   1.0039000e-01
   3.0705000e-02   1.2063700e-01
  -1.9568800e-02   1.2549000e-01
  -7.2737299e-02   1.0595600e-01
  -1.1322700e-01   5.9163899e-02
  -1.2425700e-01  -5.2675699e-03
  -9.8311299e-02  -6.6780799e-02
  -4.3389000e-02  -1.0340800e-01
   1.9887000e-02  -1.0334100e-01
   6.8858499e-02  -7.0819099e-02
   9.0210299e-02  -2.2465800e-02
   8.4774099e-02   2.3124300e-02
   6.3228399e-02   5.5209799e-02
   3.6680100e-02   7.3668599e-02
   9.4617399e-03   8.3787599e-02
  -2.0751900e-02   8.8134899e-02
  -5.6388699e-02   8.2478699e-02
  -9.2991199e-02   5.9200899e-02
  -1.1814200e-01   1.5479100e-02
  -1.1797900e-01  -4.0527500e-02
  -8.6868999e-02  -9.1035899e-02
  -3.3011300e-02  -1.1748200e-01
   2.4613700e-02  -1.1104600e-01
   6.6304599e-02  -7.7544499e-02
   8.1966599e-02  -3.3282100e-02
   7.4791199e-02   5.1101199e-03
   5.6257599e-02   2.9635800e-02
   3.6699000e-02   4.2671100e-02
   1.8658200e-02   5.1024299e-02
  -2.2369200e-03   5.7609399e-02
  -3.0136800e-02   5.7605999e-02
  -6.1732999e-02   4.2266400e-02
  -8.5171999e-02   7.3971999e-03
  -8.6587599e-02  -4.0292600e-02
  -5.9730999e-02  -8.4389099e-02
  -1.1548200e-02  -1.0732600e-01
   4.0676600e-02  -1.0052500e-01
   7.8886199e-02  -6.9041799e-02
   9.3929799e-02  -2.7546000e-02
   8.8780499e-02   9.2474599e-03
   7.3566299e-02   3.4738700e-02
   5.6712399e-02   5.1566099e-02
   3.9143000e-02   6.5584699e-02
   1.5832000e-02   7.8032199e-02
  -1.6891200e-02   8.2472999e-02
  -5.4477399e-02   6.9248399e-02
  -8.3706399e-02   3.4164600e-02
  -8.9744899e-02  -1.5397300e-02
  -6.5961799e-02  -6.2110399e-02
  -1.9390000e-02  -8.7587099e-02
   3.2327900e-02  -8.2626999e-02
   7.0593699e-02  -5.1834599e-02
   8.5502999e-02  -9.6410199e-03
   7.9082299e-02   2.9086800e-02
   6.0558499e-02   5.6992899e-02
   3.7947700e-02   7.5357899e-02
   1.2676800e-02   8.8454199e-02
  -1.8787900e-02   9.6373699e-02
  -5.8059899e-02   9.2588699e-02
  -9.8751799e-02   6.8604999e-02
  -1.2678000e-01   2.2273800e-02
  -1.2775700e-01  -3.6883800e-02
  -9.6546399e-02  -9.0099099e-02
  -4.2067299e-02  -1.1865400e-01
   1.6471400e-02  -1.1402900e-01
   5.9632899e-02  -8.2061799e-02
   7.7430599e-02  -3.8468800e-02
   7.2356299e-02   8.4854599e-04
   5.4440099e-02   2.7845200e-02
   3.2735900e-02   4.3489899e-02
   9.8690199e-03   5.2233199e-02
  -1.6547400e-02   5.5006299e-02
  -4.7449299e-02   4.6818299e-02
  -7.6710799e-02   2.1111200e-02
  -9.1671299e-02  -2.2570100e-02
  -8.0255899e-02  -7.3987899e-02
  -3.9796900e-02  -1.1507100e-01
   1.9069500e-02  -1.2907400e-01
   7.6779599e-02  -1.1002700e-01
   1.1494400e-01  -6.5981499e-02
   1.2549800e-01  -1.3833300e-02
   1.1294800e-01   3.0572300e-02
   8.8785699e-02   6.0186099e-02
   6.2685399e-02   7.7388199e-02
   3.7109800e-02   8.7991299e-02
   8.9237599e-03   9.3970399e-02
  -2.3967700e-02   9.0923699e-02
  -5.6864199e-02   7.2287599e-02
  -7.8558199e-02   3.6824400e-02
  -7.8020099e-02  -6.8717499e-03
  -5.2671099e-02  -4.3011299e-02
  -1.1893000e-02  -5.7145699e-02
   2.7271000e-02  -4.4767099e-02
   4.9567599e-02  -1.3851900e-02
   4.9672499e-02   2.0482300e-02
   3.3504900e-02   4.5361099e-02
   1.2209500e-02   5.6926699e-02
  -6.3982199e-03   5.9968999e-02
  -2.2486800e-02   6.1313999e-02
  -4.1725999e-02   6.2497799e-02
  -6.8001599e-02   5.7608599e-02
  -9.7366799e-02   3.8049200e-02
  -1.1830900e-01   5.2063499e-04
  -1.1853600e-01  -4.8074299e-02
  -9.3428099e-02  -9.2896399e-02
  -4.9868299e-02  -1.1932800e-01
  -2.5290500e-03  -1.2130600e-01
   3.4786900e-02  -1.0393600e-01
   5.6543599e-02  -7.8744799e-02
   6.6474099e-02  -5.5325399e-02
   7.1938899e-02  -3.5685300e-02
   7.6387399e-02  -1.5345400e-02
   7.5982499e-02   1.0050400e-02
   6.3112299e-02   3.8146800e-02
   3.4076600e-02   5.8863099e-02
  -5.1528199e-03   6.0239699e-02
  -3.9939799e-02   3.7097200e-02
  -5.4620299e-02  -3.8825699e-03
  -4.1658999e-02  -4.6608699e-02
  -5.9959999e-03  -7.4113899e-02
   3.8309399e-02  -7.7364999e-02
   7.6518999e-02  -5.8494299e-02
   1.0065200e-01  -2.6811300e-02
   1.1095100e-01   8.7679999e-03
   1.1116000e-01   4.4871199e-02
   1.0217600e-01   8.2665499e-02
   7.9668799e-02   1.2205600e-01
   3.7983199e-02   1.5639900e-01
  -2.2616600e-02   1.7281000e-01
  -9.1293899e-02   1.5883500e-01
  -1.4897300e-01   1.1115800e-01
  -1.7703100e-01   4.0046899e-02
  -1.6695300e-01  -3.4100800e-02
  -1.2461400e-01  -9.0257499e-02
  -6.6505599e-02  -1.1629800e-01
  -1.0715500e-02  -1.1266700e-01
   3.1145800e-02  -8.8617799e-02
   5.6116799e-02  -5.4646399e-02
   6.5919199e-02  -1.7057900e-02
   6.1221599e-02   2.1722900e-02
   3.9481899e-02   5.8386699e-02
  -1.5791500e-03   8.4552299e-02
  -5.7774299e-02   8.7797399e-02
  -1.1512600e-01   5.8328099e-02
  -1.5330700e-01  -3.0890800e-03
  -1.5478800e-01  -8.1951099e-02
  -1.1415300e-01  -1.5471600e-01
  -4.1475399e-02  -1.9909800e-01
   4.2539399e-02  -2.0375600e-01
   1.1645600e-01  -1.7159800e-01
   1.6671400e-01  -1.1539500e-01
   1.9001600e-01  -4.9545199e-02
   1.8934800e-01   1.6014800e-02
   1.6804300e-01   7.6132299e-02
   1.2713500e-01   1.2626200e-01
   6.8046899e-02   1.5864500e-01
  -2.2108800e-03   1.6324500e-01
  -6.8588699e-02   1.3373900e-01
  -1.1181500e-01   7.4310299e-02
  -1.1717800e-01   1.6257600e-03
  -8.2831699e-02  -6.0646999e-02
  -2.1904400e-02  -9.2180899e-02
   4.3387299e-02  -8.5009799e-02
   9.2076599e-02  -4.5773099e-02
   1.1285500e-01   9.7036999e-03
   1.0583700e-01   6.5325999e-02
   7.7832499e-02   1.1108900e-01
   3.5719499e-02   1.4335600e-01
  -1.6778100e-02   1.6044500e-01
  -7.6914499e-02   1.5840000e-01
  -1.3809000e-01   1.3130000e-01
  -1.8749200e-01   7.6399599e-02
  -2.0952100e-01   1.6757300e-05
  -1.9366600e-01  -8.1122599e-02
  -1.4161900e-01  -1.4539900e-01
  -6.8327599e-02  -1.7596400e-01
   4.3801699e-03  -1.6857600e-01
   5.7851799e-02  -1.3260700e-01
   8.4121399e-02  -8.4806099e-02
   8.6542999e-02  -4.0209099e-02
   7.4121799e-02  -6.2190699e-03
   5.4362899e-02   1.6918600e-02
   2.9957100e-02   3.0908900e-02
   1.1493700e-03   3.4509099e-02
  -2.9059400e-02   2.3302800e-02
  -5.2017299e-02  -5.5824399e-03
  -5.6103499e-02  -4.7817699e-02
  -3.3706300e-02  -9.0404699e-02
   1.2504100e-02  -1.1656100e-01
   6.8960599e-02  -1.1429700e-01
   1.1733500e-01  -8.3011599e-02
   1.4367800e-01  -3.3554899e-02
   1.4462000e-01   1.8293900e-02
   1.2679300e-01   6.0416199e-02
   1.0045500e-01   8.9251799e-02
   7.2318299e-02   1.0817600e-01
   4.2740099e-02   1.2140800e-01
   8.8642799e-03   1.2865400e-01
  -2.9410400e-02   1.2481000e-01
  -6.5872599e-02   1.0487500e-01
  -9.0123999e-02   6.9972999e-02
  -9.4115399e-02   2.9408300e-02
  -7.8216499e-02  -3.4100199e-03
  -5.2051499e-02  -1.8596200e-02
  -2.9119500e-02  -1.5577600e-02
  -1.8831100e-02  -2.8413000e-03
  -2.1542100e-02   8.1868299e-03
  -2.9972900e-02   1.0688500e-02
  -3.5702099e-02   6.0194999e-03
  -3.5740299e-02   9.4487599e-04
  -3.4278299e-02   9.5417199e-04
  -3.8460499e-02   4.9489199e-03
  -5.1604499e-02   5.4516599e-03
  -6.9216999e-02  -5.7883799e-03
  -8.1009699e-02  -3.1067100e-02
  -7.7544199e-02  -6.4035499e-02
  -5.6606399e-02  -9.3176699e-02
  -2.4601800e-02  -1.0894100e-01
   7.9964899e-03  -1.0930100e-01
   3.3662699e-02  -9.9736298e-02
   5.2028599e-02  -8.7883099e-02
   6.8239799e-02  -7.7131799e-02
   8.6935099e-02  -6.4180399e-02
   1.0670600e-01  -4.2465899e-02
   1.1955300e-01  -8.8215599e-03
   1.1605500e-01   3.1867999e-02
   9.2537099e-02   6.7848399e-02
   5.4917599e-02   8.7019399e-02
   1.6197400e-02   8.4289899e-02
  -1.0773800e-02   6.4575699e-02
  -2.0241500e-02   3.9402499e-02
  -1.5484600e-02   1.9698900e-02
  -4.8022799e-03   9.9900198e-03
   5.0416899e-03   7.9100499e-03
   1.2832700e-02   8.7855899e-03
   2.1520100e-02   1.1194100e-02
   3.2935799e-02   1.8799900e-02
   4.3260399e-02   3.6839599e-02
   4.3363899e-02   6.5994699e-02
   2.4370900e-02   9.8676798e-02
  -1.5382900e-02   1.2116800e-01
  -6.7202099e-02   1.2075100e-01
  -1.1535800e-01   9.3165198e-02
  -1.4496600e-01   4.5279999e-02
  -1.4925700e-01  -8.7991999e-03
  -1.3157700e-01  -5.5412099e-02
  -1.0130800e-01  -8.7535099e-02
  -6.7173499e-02  -1.0561400e-01
  -3.2977499e-02  -1.1332300e-01
   1.4537500e-03  -1.1228300e-01
   3.5616599e-02  -1.0024800e-01
   6.4413999e-02  -7.4256199e-02
   7.8829399e-02  -3.6046999e-02
   7.1325399e-02   5.0513099e-03
   4.2155199e-02   3.4829099e-02
   1.6536800e-03   4.1383999e-02
  -3.3779299e-02   2.2105600e-02
  -4.9803899e-02  -1.4395800e-02
  -4.1175299e-02  -5.2868799e-02
  -1.3222500e-02  -7.9468799e-02
   2.2775700e-02  -8.7961499e-02
   5.6663799e-02  -8.0344599e-02
   8.3886399e-02  -6.2342599e-02
   1.0467700e-01  -3.7860999e-02
   1.1949900e-01  -6.8783999e-03
   1.2514000e-01   3.1805499e-02
   1.1515700e-01   7.5625599e-02
   8.4747399e-02   1.1570200e-01
   3.6333899e-02   1.3953800e-01
  -1.8795800e-02   1.3773200e-01
  -6.4763399e-02   1.1014900e-01
  -8.8936998e-02   6.7014299e-02
  -8.8241699e-02   2.3846500e-02
  -6.9796999e-02  -6.5506899e-03
  -4.5678399e-02  -1.9800100e-02
  -2.5646900e-02  -1.9890000e-02
  -1.2853700e-02  -1.4078100e-02
  -5.0273299e-03  -6.9929699e-03
   5.6988799e-04   1.6133400e-03
   2.8691000e-03   1.4140700e-02
  -2.9303299e-03   3.0146899e-02
  -2.0909300e-02   4.3609199e-02
  -4.9227299e-02   4.5191699e-02
  -7.8627399e-02   2.8275000e-02
  -9.6437298e-02  -5.6353899e-03
  -9.3688298e-02  -4.6345299e-02
  -7.0474899e-02  -8.0079899e-02
  -3.5768699e-02  -9.6971198e-02
  -1.8075300e-03  -9.5880798e-02
   2.2987300e-02  -8.3443499e-02
   3.7704599e-02  -6.8384899e-02
   4.7029199e-02  -5.5476399e-02
   5.5692599e-02  -4.3492099e-02
   6.3836899e-02  -2.8300800e-02
   6.6911199e-02  -8.2492699e-03
   6.0044699e-02   1.2708800e-02
   4.3271899e-02   2.6839700e-02
   2.3245200e-02   2.8168200e-02
   9.7403498e-03   1.7477000e-02
   9.2916398e-03   2.7600900e-03
   2.0612100e-02  -5.5321699e-03
   3.5268499e-02  -1.1967800e-03
   4.3254399e-02   1.3856700e-02
   3.9502599e-02   3.1333299e-02
   2.6709700e-02   4.2540299e-02
   1.2596300e-02   4.4226099e-02
   3.8391199e-03   4.0079799e-02
   1.2865400e-03   3.7022899e-02
  -3.4377399e-05   3.9327399e-02
  -6.3276699e-03   4.5139999e-02
  -1.9553800e-02   4.8043599e-02
  -3.5391599e-02   4.2368599e-02
  -4.6267599e-02   2.8062399e-02
  -4.7145899e-02   1.1255300e-02
  -3.9600799e-02  -3.7620399e-05
  -3.0946599e-02  -1.8854400e-03
  -2.8939199e-02   2.4601400e-03
  -3.5946999e-02   4.7758399e-03
  -4.6959699e-02  -2.1456800e-03
  -5.2978799e-02  -1.9114600e-02
  -4.7339999e-02  -3.9728299e-02
  -3.0356599e-02  -5.4700999e-02
  -8.9481498e-03  -5.8126899e-02
   8.3344298e-03  -5.1096699e-02
   1.7092600e-02  -4.0152099e-02
   1.9390400e-02  -3.1964899e-02
   2.1043500e-02  -2.8414699e-02
   2.6197700e-02  -2.5819700e-02
   3.3546999e-02  -1.8795900e-02
   3.7221899e-02  -5.6080699e-03
   3.1724999e-02   9.3114898e-03
   1.7092900e-02   1.7856800e-02
   1.7311600e-04   1.4073500e-02
  -9.2344898e-03  -9.9526198e-04
  -4.7588399e-03  -1.9152800e-02
   1.2200100e-02  -2.9885399e-02
   3.3293899e-02  -2.6830099e-02
   4.8585299e-02  -1.1336600e-02
   5.2558799e-02   9.2383998e-03
   4.6554299e-02   2.6990999e-02
   3.6185099e-02   3.8502199e-02
   2.6084400e-02   4.5788899e-02
   1.6236000e-02   5.2779199e-02
   2.7621999e-03   6.0406699e-02
  -1.7539100e-02   6.4465999e-02
  -4.2640199e-02   5.8187299e-02
  -6.4581599e-02   3.7749499e-02
  -7.3610599e-02   6.5230499e-03
  -6.4432599e-02  -2.5409500e-02
  -4.0103699e-02  -4.6491999e-02
  -1.0677100e-02  -5.0214799e-02
   1.2541700e-02  -3.8457099e-02
   2.3159000e-02  -1.9476300e-02
   2.2119900e-02  -2.2170700e-03
   1.5093400e-02   8.8577998e-03
   7.2247899e-03   1.4845800e-02
  -5.4986899e-04   1.9085800e-02
  -1.0873800e-02   2.2512200e-02
  -2.5794000e-02   2.1678200e-02
  -4.2678399e-02   1.1235700e-02
  -5.3873399e-02  -1.0960200e-02
  -5.0881299e-02  -4.0199799e-02
  -3.0262599e-02  -6.5906799e-02
   3.0583399e-03  -7.7064799e-02
   3.7705699e-02  -6.8536499e-02
   6.1895399e-02  -4.3946399e-02
   6.9571499e-02  -1.3190800e-02
   6.2588599e-02   1.3562700e-02
   4.7817699e-02   3.1147599e-02
   3.1696699e-02   4.0463499e-02
   1.6410400e-02   4.5142999e-02
   3.5629899e-04   4.6912099e-02
  -1.7921600e-02   4.3551899e-02
  -3.5901499e-02   3.1140099e-02
  -4.6834499e-02   8.7289998e-03
  -4.3713299e-02  -1.8472300e-02
  -2.4672800e-02  -4.0361499e-02
   4.3107499e-03  -4.7275399e-02
   3.1766199e-02  -3.5846299e-02
   4.6830399e-02  -1.1255700e-02
   4.5062999e-02   1.5770200e-02
   3.0105299e-02   3.5167199e-02
   1.0304400e-02   4.2681999e-02
  -7.0151299e-03   4.0631499e-02
  -1.9445100e-02   3.4252799e-02
  -2.8994999e-02   2.6826599e-02
  -3.8111799e-02   1.7447900e-02
  -4.5780899e-02   3.0490199e-03
  -4.7095299e-02  -1.7181000e-02
  -3.6854599e-02  -3.8802299e-02
  -1.4459600e-02  -5.3342499e-02
   1.3842900e-02  -5.3251599e-02
   3.7470399e-02  -3.7131699e-02
   4.7356399e-02  -1.1351500e-02
   4.1173399e-02   1.3329000e-02
   2.4308300e-02   2.7914499e-02
   5.9911799e-03   2.9903899e-02
  -6.5807499e-03   2.3479200e-02
  -1.1967900e-02   1.5371300e-02
  -1.3663600e-02   9.7134298e-03
  -1.5791200e-02   5.7334699e-03
  -1.8941800e-02  -2.1087100e-04
  -1.9499000e-02  -1.0168500e-02
  -1.2957700e-02  -2.1489600e-02
   1.4647700e-03  -2.7771999e-02
   1.8728000e-02  -2.3350200e-02
   3.0331099e-02  -7.9670298e-03
   2.9674599e-02   1.2037700e-02
   1.6589600e-02   2.7177299e-02
  -2.3152900e-03   3.0620399e-02
  -1.7829600e-02   2.2272200e-02
  -2.3895100e-02   8.2892898e-03
  -2.0884200e-02  -3.4971399e-03
  -1.4235100e-02  -8.8331398e-03
  -9.7203898e-03  -9.1852598e-03
  -9.0485998e-03  -9.4330298e-03
  -9.0919898e-03  -1.3149400e-02
  -5.1582899e-03  -1.9269500e-02
   4.4175899e-03  -2.2780500e-02
   1.6093800e-02  -1.8889000e-02
   2.3207600e-02  -7.3756198e-03
   2.0856800e-02   6.3652699e-03
   9.8815898e-03   1.4609500e-02
  -3.1700799e-03   1.2615000e-02
  -1.0239200e-02   2.0569900e-03
  -7.1445798e-03  -9.9931898e-03
   3.7263099e-03  -1.5852100e-02
   1.5335400e-02  -1.2312900e-02
   2.1038100e-02  -2.3903399e-03
   1.9013700e-02   7.4052898e-03
   1.2890400e-02   1.2075700e-02
   8.2984198e-03   1.1606400e-02
   8.1451898e-03   1.0356100e-02
   1.0307600e-02   1.2984600e-02
   9.5101198e-03   2.0195100e-02
   1.8948600e-03   2.7684799e-02
  -1.1317600e-02   2.9209599e-02
  -2.4017199e-02   2.1475800e-02
  -2.9262099e-02   7.1061598e-03
  -2.4251999e-02  -6.6799399e-03
  -1.2507300e-02  -1.2826600e-02
  -1.5804400e-03  -9.2027398e-03
   2.0632600e-03   1.0377900e-04
  -2.7252499e-03   7.8650198e-03
  -1.1470300e-02   8.8415798e-03
  -1.7768400e-02   3.1727099e-03
  -1.8110800e-02  -4.3836199e-03
  -1.4185800e-02  -8.6106698e-03
  -1.1010000e-02  -8.0976998e-03
  -1.2449200e-02  -6.3001599e-03
  -1.7681800e-02  -8.5925598e-03
  -2.1420700e-02  -1.7618200e-02
  -1.7810100e-02  -3.0578399e-02
  -5.0706499e-03  -4.0655499e-02
   1.2663100e-02  -4.1626599e-02
   2.7794799e-02  -3.2279199e-02
   3.4277699e-02  -1.7341000e-02
   3.1530299e-02  -4.2162799e-03
   2.4414899e-02   2.0674400e-03
   1.9376300e-02   1.9913500e-03
   1.9680100e-02   5.2497499e-04
   2.3305099e-02   2.8530999e-03
   2.4983899e-02   1.0169400e-02
   2.0723900e-02   1.8745200e-02
   1.1276000e-02   2.2943499e-02
   1.8508300e-03   1.9821600e-02
  -1.7328000e-03   1.1748400e-02
   2.4594599e-03   4.9693399e-03
   1.0783700e-02   5.1409999e-03
   1.6461300e-02   1.3171000e-02
   1.4376000e-02   2.4495199e-02
   4.6591299e-03   3.2346199e-02
  -7.5911598e-03   3.2572799e-02
  -1.6205500e-02   2.6418999e-02
  -1.8494600e-02   1.9224600e-02
  -1.7030600e-02   1.6094700e-02
  -1.7354700e-02   1.7858200e-02
  -2.3394699e-02   2.0392500e-02
  -3.4108499e-02   1.7823300e-02
  -4.3926699e-02   7.1624198e-03
  -4.6683899e-02  -9.1397198e-03
  -4.0088399e-02  -2.4674099e-02
  -2.7375899e-02  -3.3485399e-02
  -1.4922900e-02  -3.4112299e-02
  -7.6443998e-03  -3.0251099e-02
  -5.6495499e-03  -2.7604399e-02
  -4.6487099e-03  -2.9360999e-02
   2.6185099e-04  -3.3768799e-02
   1.0380400e-02  -3.5644999e-02
   2.2015499e-02  -3.0659199e-02
   2.9046599e-02  -1.9094300e-02
   2.7530999e-02  -6.1662499e-03
   1.8882700e-02   1.4240100e-03
   9.1932698e-03   1.8970300e-04
   5.1468899e-03  -7.6675398e-03
   9.5210198e-03  -1.5826300e-02
   1.9551900e-02  -1.8264900e-02
   2.9277999e-02  -1.3244900e-02
   3.3997199e-02  -3.9599799e-03
   3.3440199e-02   4.4868699e-03
   3.1306099e-02   9.3352998e-03
   3.1634099e-02   1.2313000e-02
   3.4919199e-02   1.7998500e-02
   3.7084399e-02   2.9665299e-02
   3.2235799e-02   4.5849699e-02
   1.7212400e-02   6.0393799e-02
  -5.4872299e-03   6.6116198e-02
  -2.8668599e-02   5.9519799e-02
  -4.4699299e-02   4.3131399e-02
  -5.0034299e-02   2.3791799e-02
  -4.6811899e-02   8.1896998e-03
  -4.0524199e-02  -1.0873100e-03
  -3.5674699e-02  -6.1931999e-03
  -3.2754999e-02  -1.1118600e-02
  -2.8756999e-02  -1.7686200e-02
  -2.0659100e-02  -2.3666699e-02
  -9.0064298e-03  -2.4535799e-02
   1.3795800e-03  -1.7522000e-02
   4.3240599e-03  -4.7559499e-03
  -3.2095999e-03   7.0729198e-03
  -1.8408700e-02   1.0547500e-02
  -3.3796299e-02   2.2018399e-03
  -4.1586199e-02  -1.5280000e-02
  -3.8168199e-02  -3.4883399e-02
  -2.5621599e-02  -4.9722499e-02
  -9.3878698e-03  -5.6895999e-02
   5.9434299e-03  -5.8066299e-02
   1.9478400e-02  -5.6638899e-02
   3.3420399e-02  -5.3991899e-02
   4.9693399e-02  -4.7862099e-02
   6.6644798e-02  -3.4246699e-02
   7.8655098e-02  -1.1378500e-02
   7.9254998e-02   1.7376000e-02
   6.5609198e-02   4.4146299e-02
   4.1072899e-02   6.0569599e-02
   1.3835900e-02   6.2496798e-02
  -7.5123198e-03   5.2138199e-02
  -1.8455000e-02   3.6226099e-02
  -2.0054900e-02   2.1634099e-02
  -1.6729900e-02   1.1645100e-02
  -1.2271200e-02   5.4105499e-03
  -7.2565098e-03   6.2309898e-04
   2.2786199e-04  -3.0351199e-03
   1.1328000e-02  -2.6352399e-03
   2.3451699e-02   5.8856699e-03
   3.0262099e-02   2.3789899e-02
   2.5054799e-02   4.6897899e-02
   5.2841799e-03   6.6545698e-02
  -2.5018899e-02   7.3839798e-02
  -5.6799099e-02   6.4458698e-02
  -8.0558898e-02   4.0790299e-02
  -9.0914898e-02   1.0077200e-02
  -8.8188898e-02  -1.9941000e-02
  -7.6345898e-02  -4.4745299e-02
  -5.9238599e-02  -6.3673998e-02
  -3.8203999e-02  -7.7523598e-02
  -1.2775300e-02  -8.5497098e-02
   1.6331300e-02  -8.4306598e-02
   4.4710699e-02  -7.0423598e-02
   6.4729898e-02  -4.3845599e-02
   6.9176698e-02  -1.0331900e-02
   5.5766599e-02   2.0011399e-02
   2.9307599e-02   3.7309999e-02
  -1.8624200e-04   3.6825599e-02
  -2.2346699e-02   2.1020299e-02
  -3.1160099e-02  -2.4399099e-03
  -2.6636599e-02  -2.5171599e-02
  -1.2813700e-02  -4.1910799e-02
   5.9368398e-03  -5.1316699e-02
   2.7326599e-02  -5.3817499e-02
   5.0616699e-02  -4.8821899e-02
   7.3989798e-02  -3.3964199e-02
   9.2475598e-02  -7.2465598e-03
   9.8723997e-02   2.9572299e-02
   8.6678898e-02   6.9259198e-02
   5.5790899e-02   1.0096100e-01
   1.2692400e-02   1.1495500e-01
  -3.1159399e-02   1.0741600e-01
  -6.4608098e-02   8.2125298e-02
  -8.1527798e-02   4.8085499e-02
  -8.2335198e-02   1.4756000e-02
  -7.1777798e-02  -1.1918800e-02
  -5.5047399e-02  -3.0349599e-02
  -3.5192499e-02  -4.1144399e-02
  -1.3464300e-02  -4.4278599e-02
   8.2572898e-03  -3.8204399e-02
   2.5531899e-02  -2.1718099e-02
   3.2091499e-02   3.0276499e-03
   2.3222099e-02   2.9136199e-02
  -5.1005599e-04   4.6926399e-02
  -3.2077099e-02   4.8459899e-02
  -6.0622998e-02   3.1801699e-02
  -7.6510498e-02   2.1481899e-03
  -7.5647498e-02  -3.0979699e-02
  -6.0446798e-02  -5.8612398e-02
  -3.7130999e-02  -7.6097998e-02
  -1.1577600e-02  -8.3551398e-02
   1.3302400e-02  -8.3281298e-02
   3.7083599e-02  -7.6625398e-02
   5.9179398e-02  -6.2823198e-02
   7.6628998e-02  -4.0732999e-02
   8.4485498e-02  -1.1792200e-02
   7.8803798e-02   1.8486900e-02
   6.0019498e-02   4.2142299e-02
   3.3985499e-02   5.2750899e-02
   9.5350397e-03   4.9090299e-02
  -6.0211298e-03   3.5840799e-02
  -1.0483100e-02   2.0731799e-02
  -7.0606498e-03   1.0057800e-02
  -1.3450800e-03   5.6167198e-03
   2.7369099e-03   5.0208699e-03
   5.0653499e-03   4.8313499e-03
   8.1882898e-03   3.9435799e-03
   1.4045700e-02   4.5971999e-03
   2.1286699e-02   1.0305300e-02
   2.5389199e-02   2.2412399e-02
   2.1580199e-02   3.8061099e-02
   8.3613798e-03   5.1272499e-02
  -1.1065100e-02   5.6457598e-02
  -3.0609699e-02   5.1802299e-02
  -4.5046599e-02   4.0039099e-02
  -5.2938999e-02   2.6079699e-02
  -5.6615698e-02   1.3347700e-02
  -5.9320998e-02   1.6150000e-03
  -6.1821398e-02  -1.2016600e-02
  -6.1176098e-02  -2.9773499e-02
  -5.2735399e-02  -5.0132699e-02
  -3.3965099e-02  -6.7493598e-02
  -7.2488998e-03  -7.5063598e-02
   2.0494999e-02  -6.9017498e-02
   4.1251999e-02  -5.1019199e-02
   5.0073999e-02  -2.7359699e-02
   4.7167599e-02  -5.3986499e-03
   3.6687499e-02   1.0135700e-02
   2.3433099e-02   1.8492699e-02
   1.0071800e-02   2.1305199e-02
  -3.0990799e-03   1.9728799e-02
  -1.5978300e-02   1.2875600e-02
  -2.6194999e-02  -1.0439800e-03
  -2.8766699e-02  -2.1750399e-02
  -1.8644299e-02  -4.4608999e-02
   5.4356698e-03  -6.1245498e-02
   3.8611299e-02  -6.3207798e-02
   7.1034298e-02  -4.6517199e-02
   9.2094397e-02  -1.4146500e-02
   9.5192997e-02   2.5226999e-02
   8.0172398e-02   6.1347398e-02
   5.2176699e-02   8.6697298e-02
   1.8170399e-02   9.8423097e-02
  -1.6241500e-02   9.7212397e-02
  -4.7652099e-02   8.4704698e-02
  -7.3387798e-02   6.1890098e-02
  -8.9688497e-02   2.9843099e-02
  -9.1730197e-02  -8.0276198e-03
  -7.6090798e-02  -4.4529799e-02
  -4.4072299e-02  -6.9971798e-02
  -3.2350099e-03  -7.6087598e-02
   3.4535099e-02  -6.0366798e-02
   5.7761598e-02  -2.7940499e-02
   6.0249398e-02   1.0385500e-02
   4.3239599e-02   4.2861399e-02
   1.3783300e-02   6.1451598e-02
  -1.9270999e-02   6.3822398e-02
  -4.8915699e-02   5.2058899e-02
  -7.1160598e-02   2.9761899e-02
  -8.3758198e-02   2.1553399e-05
  -8.4380898e-02  -3.4345399e-02
  -7.0391898e-02  -6.9029898e-02
  -4.0809699e-02  -9.7108797e-02
   1.0220500e-03  -1.1034800e-01
   4.6495799e-02  -1.0276800e-01
   8.3978698e-02  -7.4315798e-02
   1.0343000e-01  -3.2022499e-02
   1.0076000e-01   1.2494100e-02
   7.9288698e-02   4.7903399e-02
   4.7481599e-02   6.7557498e-02
   1.4588800e-02   7.0948198e-02
  -1.3011200e-02   6.1840098e-02
  -3.2730399e-02   4.4904199e-02
  -4.4094799e-02   2.3429999e-02
  -4.6478799e-02  -4.9875899e-04
  -3.8455699e-02  -2.4122099e-02
  -1.9404699e-02  -4.2598799e-02
   8.0426198e-03  -4.9861899e-02
   3.7054099e-02  -4.1624299e-02
   5.8517298e-02  -1.8515599e-02
   6.5049498e-02   1.3082400e-02
   5.4625398e-02   4.3472199e-02
   3.1418499e-02   6.4040498e-02
   3.2908999e-03   7.0901998e-02
  -2.2370099e-02   6.5590498e-02
  -4.1730999e-02   5.2673598e-02
  -5.4701498e-02   3.6264599e-02
  -6.2615398e-02   1.7993299e-02
  -6.5570898e-02  -2.3130599e-03
  -6.1677598e-02  -2.4170399e-02
  -4.8809299e-02  -4.4504799e-02
  -2.7383499e-02  -5.8097098e-02
  -1.7859999e-03  -6.0337498e-02
   2.0976199e-02  -5.0326298e-02
   3.4704799e-02  -3.1952699e-02
   3.7204799e-02  -1.1997000e-02
   3.1014099e-02   3.5246199e-03
   2.1204999e-02   1.2264300e-02
   1.1907800e-02   1.5750600e-02
   4.0892099e-03   1.6964899e-02
  -3.8963899e-03   1.7279799e-02
  -1.3598100e-02   1.5166700e-02
  -2.3860599e-02   7.6671698e-03
  -3.0486599e-02  -6.5357298e-03
  -2.8596399e-02  -2.4878299e-02
  -1.6029900e-02  -4.1363699e-02
   4.7060499e-03  -4.9561198e-02
   2.7414299e-02  -4.6121999e-02
   4.5456899e-02  -3.2391199e-02
   5.5006398e-02  -1.3101300e-02
   5.6116498e-02   6.7394398e-03
   5.1128298e-02   2.4410499e-02
   4.1936899e-02   3.9700699e-02
   2.8428399e-02   5.2904498e-02
   9.3734697e-03   6.2488498e-02
  -1.4970000e-02   6.4602098e-02
  -4.0761499e-02   5.5156098e-02
  -6.0969198e-02   3.3123799e-02
  -6.8422898e-02   2.6054799e-03
  -5.9683998e-02  -2.8080099e-02
  -3.7163599e-02  -4.9962698e-02
  -8.0568098e-03  -5.7463598e-02
   1.9179099e-02  -5.0416598e-02
   3.8466499e-02  -3.3026199e-02
   4.7647499e-02  -1.0854000e-02
   4.7389799e-02   1.1856100e-02
   3.8879999e-02   3.2752399e-02
   2.2475999e-02   4.9931298e-02
  -1.5143700e-03   6.0231498e-02
  -3.0682399e-02   5.9232498e-02
  -5.9083998e-02   4.3495199e-02
  -7.8266098e-02   1.3630600e-02
  -8.0707497e-02  -2.4167999e-02
  -6.3715698e-02  -5.9658998e-02
  -3.1250799e-02  -8.2618397e-02
   7.6050898e-03  -8.7127697e-02
   4.2634799e-02  -7.3577198e-02
   6.6486698e-02  -4.7423899e-02
   7.6435398e-02  -1.5880999e-02
   7.3379898e-02   1.5094700e-02
   5.9498298e-02   4.1735599e-02
   3.6703899e-02   6.1357498e-02
   7.0581298e-03   7.0890298e-02
  -2.5561399e-02   6.6898598e-02
  -5.4483398e-02   4.7564098e-02
  -7.1523598e-02   1.5255200e-02
  -7.0350498e-02  -2.2518899e-02
  -4.9981998e-02  -5.5078798e-02
  -1.6036999e-02  -7.2770398e-02
   2.1324999e-02  -7.1037998e-02
   5.1690998e-02  -5.1977698e-02
   6.8401698e-02  -2.2593099e-02
   7.0079398e-02   8.9075997e-03
   5.9270898e-02   3.6332199e-02
   3.9732599e-02   5.6466298e-02
   1.4552600e-02   6.7857098e-02
  -1.3708400e-02   6.9117898e-02
  -4.1527199e-02   5.8608098e-02
  -6.3454498e-02   3.5984099e-02
  -7.3177998e-02   4.3318199e-03
  -6.6427798e-02  -2.9172999e-02
  -4.3878599e-02  -5.5239898e-02
  -1.1864900e-02  -6.6315798e-02
   1.9944299e-02  -6.0050798e-02
   4.2716199e-02  -4.0188399e-02
   5.2000498e-02  -1.4334600e-02
   4.8624898e-02   9.8982497e-03
   3.6750099e-02   2.7918699e-02
   2.0771299e-02   3.8682599e-02
   3.3208799e-03   4.2953599e-02
  -1.4476000e-02   4.1117199e-02
  -3.1219999e-02   3.2477699e-02
  -4.3852899e-02   1.6564899e-02
  -4.8208298e-02  -4.7909998e-03
  -4.1385399e-02  -2.6616499e-02
  -2.4222599e-02  -4.2319299e-02
  -1.8478399e-03  -4.6879298e-02
   1.8434199e-02  -3.9611199e-02
   3.0731199e-02  -2.4539999e-02
   3.3316499e-02  -8.0402397e-03
   2.8776599e-02   4.7031498e-03
   2.1604699e-02   1.2062100e-02
   1.5056000e-02   1.5712499e-02
   9.4911597e-03   1.8231799e-02
   3.2152399e-03   2.0528199e-02
  -5.0868698e-03   2.1069299e-02
  -1.4382400e-02   1.7401699e-02
  -2.1408799e-02   8.6480697e-03
  -2.2820599e-02  -3.0838299e-03
  -1.7694699e-02  -1.3588200e-02
  -8.4107197e-03  -1.9153499e-02
   8.4414697e-04  -1.8922799e-02
   6.8769198e-03  -1.5218599e-02
   9.4987897e-03  -1.1561300e-02
   1.1219200e-02  -9.8675897e-03
   1.4843400e-02  -8.9646097e-03
   2.0795899e-02  -5.5886498e-03
   2.6237199e-02   2.8331699e-03
   2.6728399e-02   1.5682899e-02
   1.9307299e-02   2.8831999e-02
   4.7773898e-03   3.6822199e-02
  -1.2427300e-02   3.6049699e-02
  -2.6687799e-02   2.6754899e-02
  -3.4205199e-02   1.2528300e-02
  -3.4505599e-02  -2.1303499e-03
  -2.9597899e-02  -1.4306600e-02
  -2.1727499e-02  -2.3437699e-02
  -1.1660000e-02  -3.0024799e-02
   1.1097900e-03  -3.3622699e-02
   1.6467099e-02  -3.2009599e-02
   3.1802699e-02  -2.2480399e-02
   4.1970499e-02  -4.4503098e-03
   4.1561899e-02   1.8638999e-02
   2.8177099e-02   3.9801699e-02
   4.4736298e-03   5.1437498e-02
  -2.2523099e-02   4.9008698e-02
  -4.4539098e-02   3.3174699e-02
  -5.5676798e-02   9.1261697e-03
  -5.4371798e-02  -1.6260599e-02
  -4.2783999e-02  -3.7459999e-02
  -2.4533299e-02  -5.1657298e-02
  -2.6998199e-03  -5.8008998e-02
   2.0500699e-02  -5.6010898e-02
   4.2519999e-02  -4.4747198e-02
   5.9277598e-02  -2.3882699e-02
   6.5556798e-02   4.3703198e-03
   5.7310498e-02   3.4140999e-02
   3.4524599e-02   5.7076698e-02
   2.5519999e-03   6.5632498e-02
  -2.9352799e-02   5.6666698e-02
  -5.1742098e-02   3.3114199e-02
  -5.8847398e-02   2.6562199e-03
  -5.0425698e-02  -2.5777699e-02
  -3.0765399e-02  -4.5533198e-02
  -5.8898598e-03  -5.3834698e-02
   1.9009099e-02  -5.1036398e-02
   4.0406999e-02  -3.8739599e-02
   5.5615998e-02  -1.8576399e-02
   6.1706398e-02   7.4143897e-03
   5.5701698e-02   3.5466099e-02
   3.6350799e-02   5.9461498e-02
   6.2401798e-03   7.2260697e-02
  -2.7620299e-02   6.8709498e-02
  -5.5755598e-02   4.8579398e-02
  -6.9997898e-02   1.7416999e-02
  -6.6974898e-02  -1.5506899e-02
  -4.9266498e-02  -4.1094599e-02
  -2.3647999e-02  -5.3927198e-02
   2.3241799e-03  -5.3491298e-02
   2.3219699e-02  -4.2835198e-02
   3.6598099e-02  -2.6034899e-02
   4.1925699e-02  -6.3974898e-03
   3.9021699e-02   1.3580700e-02
   2.7623899e-02   3.1069099e-02
   8.4831897e-03   4.2151098e-02
  -1.5099599e-02   4.2690198e-02
  -3.6982899e-02   3.0606999e-02
  -5.0021298e-02   7.9943197e-03
  -4.9282998e-02  -1.8706899e-02
  -3.4689999e-02  -4.1048499e-02
  -1.1293000e-02  -5.2270498e-02
   1.3126700e-02  -5.0177998e-02
   3.1686899e-02  -3.7517399e-02
   4.1075699e-02  -1.9823799e-02
   4.1839198e-02  -2.3276299e-03
   3.6566199e-02   1.2050900e-02
   2.7621699e-02   2.2602999e-02
   1.6147799e-02   2.9263399e-02
   2.8307299e-03   3.1236299e-02
  -1.0591700e-02   2.7141699e-02
  -2.0729699e-02   1.6604099e-02
  -2.3750999e-02   1.8764899e-03
  -1.7765799e-02  -1.2115700e-02
  -4.6424698e-03  -1.9798699e-02
   1.0282700e-02  -1.7926799e-02
   2.0714899e-02  -7.5342097e-03
   2.2645099e-02   6.5373598e-03
   1.6261199e-02   1.8309899e-02
   5.3478198e-03   2.3816199e-02
  -5.2905198e-03   2.2724699e-02
  -1.2550200e-02   1.7576499e-02
  -1.6114199e-02   1.1461600e-02
  -1.7439099e-02   5.9657598e-03
  -1.7748099e-02   8.2401897e-04
  -1.6773099e-02  -4.7227298e-03
  -1.3254500e-02  -1.0229400e-02
  -6.7010098e-03  -1.3600899e-02
   1.1770700e-03  -1.2436500e-02
   6.7588897e-03  -6.1881398e-03
   6.5955398e-03   2.6200599e-03
  -1.0810900e-04   9.2826797e-03
  -1.0457000e-02   9.5423696e-03
  -1.9183499e-02   2.2481199e-03
  -2.1572799e-02  -9.7905396e-03
  -1.6091499e-02  -2.1372099e-02
  -5.0156598e-03  -2.7841799e-02
   7.2359997e-03  -2.7442799e-02
   1.6780899e-02  -2.1626699e-02
   2.2086699e-02  -1.3385899e-02
   2.3831499e-02  -5.0554798e-03
   2.3261299e-02   2.7377999e-03
   2.0596499e-02   1.0342800e-02
   1.4885699e-02   1.7420899e-02
   5.4359098e-03   2.1966999e-02
  -6.4231498e-03   2.1079199e-02
  -1.6875999e-02   1.3101200e-02
  -2.1176799e-02  -4.4905498e-04
  -1.6390299e-02  -1.4770099e-02
  -3.4760499e-03  -2.3871099e-02
   1.2797300e-02  -2.3663599e-02
   2.6174999e-02  -1.4083999e-02
   3.2016699e-02   1.0922600e-03
   2.9228199e-02   1.6511499e-02
   1.9963899e-02   2.7980499e-02
   7.6279697e-03   3.3910399e-02
  -5.1923198e-03   3.4786199e-02
  -1.7391199e-02   3.1491399e-02
  -2.8395099e-02   2.4085999e-02
  -3.6735099e-02   1.2116000e-02
  -3.9663698e-02  -3.8462199e-03
  -3.4464199e-02  -2.0862999e-02
  -2.0653299e-02  -3.3917399e-02
  -1.3853299e-03  -3.8056499e-02
   1.7238699e-02  -3.1160999e-02
   2.8825999e-02  -1.5479599e-02
   2.9762799e-02   3.2097999e-03
   2.0796299e-02   1.8373599e-02
   6.2121698e-03   2.5708999e-02
  -8.7028997e-03   2.4551299e-02
  -2.0155899e-02   1.7083599e-02
  -2.6771499e-02   6.2644598e-03
  -2.8714799e-02  -5.8507498e-03
  -2.6139299e-02  -1.8255499e-02
  -1.8480999e-02  -2.9828199e-02
  -5.2770298e-03  -3.8197799e-02
   1.2201600e-02  -3.9967598e-02
   3.0035699e-02  -3.2497999e-02
   4.2593798e-02  -1.6085599e-02
   4.5080598e-02   5.1507898e-03
   3.6168799e-02   2.4605699e-02
   1.8954099e-02   3.6146099e-02
  -4.7916698e-04   3.6931599e-02
  -1.6011199e-02   2.8385399e-02
  -2.4116499e-02   1.4857599e-02
  -2.4655799e-02   1.0445900e-03
  -1.9676299e-02  -1.0057500e-02
  -1.1435400e-02  -1.7488199e-02
  -1.2334100e-03  -2.1160199e-02
   1.0200500e-02  -2.0533899e-02
   2.1403099e-02  -1.4459899e-02
   2.9390099e-02  -2.4373999e-03
   3.0438799e-02   1.3766599e-02
   2.2197499e-02   2.9663299e-02
   5.6925198e-03   3.9525898e-02
  -1.4341699e-02   3.9144898e-02
  -3.1320299e-02   2.8142599e-02
  -3.9856298e-02   1.0305500e-02
  -3.8149598e-02  -8.3261797e-03
  -2.8311199e-02  -2.2391799e-02
  -1.4622499e-02  -2.9334499e-02
  -1.0792900e-03  -2.9569599e-02
   1.0112800e-02  -2.4988499e-02
   1.8320299e-02  -1.7207099e-02
   2.3159799e-02  -6.9506497e-03
   2.3499699e-02   5.1164698e-03
   1.7840199e-02   1.7080999e-02
   5.8867398e-03   2.5419999e-02
  -9.9888296e-03   2.6291199e-02
  -2.4806899e-02   1.7820099e-02
  -3.2929699e-02   1.7965799e-03
  -3.0858899e-02  -1.6572399e-02
  -1.9113799e-02  -3.0929899e-02
  -1.9533099e-03  -3.6737099e-02
   1.4871299e-02  -3.3134599e-02
   2.6861299e-02  -2.2663999e-02
   3.2315199e-02  -9.2826796e-03
   3.1945499e-02   3.8091398e-03
   2.7249999e-02   1.5080699e-02
   1.9125299e-02   2.3989399e-02
   7.8228297e-03   2.9653499e-02
  -5.8751198e-03   3.0286499e-02
  -1.9475099e-02   2.4099099e-02
  -2.8894199e-02   1.1079500e-02
  -3.0196799e-02  -5.8059598e-03
  -2.1937399e-02  -2.1184099e-02
  -6.4721897e-03  -2.9575899e-02
   1.0811800e-02  -2.8093299e-02
   2.4008999e-02  -1.7821199e-02
   2.9413699e-02  -3.0203299e-03
   2.6797099e-02   1.1259600e-02
   1.8627399e-02   2.1552099e-02
   8.0403697e-03   2.6879199e-02
  -2.8774399e-03   2.7906599e-02
  -1.3356599e-02   2.5352099e-02
  -2.2873999e-02   1.9091999e-02
  -2.9936699e-02   8.7068896e-03
  -3.2004299e-02  -5.0669498e-03
  -2.6869099e-02  -1.9349499e-02
  -1.4552999e-02  -2.9695399e-02
   1.7847299e-03  -3.2157199e-02
   1.6839699e-02  -2.5551899e-02
   2.5626199e-02  -1.2357899e-02
   2.5895699e-02   2.4561399e-03
   1.8974499e-02   1.3962899e-02
   8.5652096e-03   1.9542099e-02
  -1.5614799e-03   1.9501599e-02
  -9.3731996e-03   1.5886199e-02
  -1.4771499e-02   1.0572700e-02
  -1.8342299e-02   4.1477898e-03
  -1.9901499e-02  -3.6819098e-03
  -1.8143899e-02  -1.2675299e-02
