   2.1000000e+00  -3.3306700e-16
   2.0136200e+00   5.0107100e-01
   1.7922200e+00   9.2227200e-01
   1.5065000e+00   1.2313900e+00
   1.2174500e+00   1.4536000e+00
   9.3747500e-01   1.6406300e+00
   6.3067900e-01   1.8217500e+00
   2.5148600e-01   1.9741300e+00
  -2.0819800e-01   2.0352800e+00
  -6.9956900e-01   1.9482500e+00
  -1.1404500e+00   1.7053500e+00
  -1.4644500e+00   1.3573500e+00
  -1.6591100e+00   9.8117300e-01
  -1.7647500e+00   6.3021600e-01
  -1.8354600e+00   3.0469700e-01
  -1.8923200e+00  -3.6256500e-02
  -1.9043300e+00  -4.3050600e-01
  -1.8117100e+00  -8.7086600e-01
  -1.5736600e+00  -1.2975100e+00
  -1.2043700e+00  -1.6310500e+00
  -7.6986800e-01  -1.8217200e+00
  -3.4768600e-01  -1.8778700e+00
   2.0253900e-02  -1.8527400e+00
   3.4660900e-01  -1.7999400e+00
   6.7566600e-01  -1.7315600e+00
   1.0365800e+00  -1.6105700e+00
   1.4088300e+00  -1.3832500e+00
   1.7265400e+00  -1.0265600e+00
   1.9187800e+00  -5.7450700e-01
   1.9557100e+00  -1.0305400e-01
   1.8659400e+00   3.1530500e-01
   1.7124000e+00   6.5341900e-01
   1.5450600e+00   9.3676900e-01
   1.3663900e+00   1.2113400e+00
   1.1354400e+00   1.4970800e+00
   8.0707900e-01   1.7626900e+00
   3.7622700e-01   1.9412300e+00
  -1.0683700e-01   1.9749200e+00
  -5.6210500e-01   1.8555200e+00
  -9.2747200e-01   1.6298200e+00
  -1.1928800e+00   1.3662700e+00
  -1.3957700e+00   1.1079900e+00
  -1.5819200e+00   8.4747900e-01
  -1.7619700e+00   5.4179400e-01
  -1.8967100e+00   1.5609400e-01
  -1.9227300e+00  -2.9790200e-01
  -1.7988600e+00  -7.5819000e-01
  -1.5384000e+00  -1.1467700e+00
  -1.2027500e+00  -1.4164800e+00
  -8.6118000e-01  -1.5754800e+00
  -5.4690800e-01  -1.6714100e+00
  -2.4245200e-01  -1.7478200e+00
   9.5365100e-02  -1.8061700e+00
   4.9025200e-01  -1.8023200e+00
   9.1591800e-01  -1.6802900e+00
   1.3037900e+00  -1.4174500e+00
   1.5835900e+00  -1.0469200e+00
   1.7264500e+00  -6.4005300e-01
   1.7585400e+00  -2.6196400e-01
   1.7351200e+00   6.6605100e-02
   1.6953300e+00   3.7274400e-01
   1.6318100e+00   6.9824000e-01
   1.4983400e+00   1.0555800e+00
   1.2493000e+00   1.4069100e+00
   8.8103300e-01   1.6824100e+00
   4.4329400e-01   1.8244000e+00
   1.1959600e-02   1.8242500e+00
  -3.5677900e-01   1.7244900e+00
  -6.5657100e-01   1.5847300e+00
  -9.2321700e-01   1.4374800e+00
  -1.1956200e+00   1.2671300e+00
  -1.4755500e+00   1.0278400e+00
  -1.7171000e+00   6.8633600e-01
  -1.8542000e+00   2.5688400e-01
  -1.8454700e+00  -1.9850200e-01
  -1.7028600e+00  -6.0513000e-01
  -1.4823400e+00  -9.1990800e-01
  -1.2440400e+00  -1.1518800e+00
  -1.0117400e+00  -1.3441100e+00
  -7.6229200e-01  -1.5312100e+00
  -4.5235100e-01  -1.7051900e+00
  -6.1865800e-02  -1.8157200e+00
   3.7925700e-01  -1.8048100e+00
   8.0185200e-01  -1.6497100e+00
   1.1379400e+00  -1.3815900e+00
   1.3607800e+00  -1.0659200e+00
   1.4947400e+00  -7.5921400e-01
   1.5881300e+00  -4.7475300e-01
   1.6699200e+00  -1.8268600e-01
   1.7236200e+00   1.5609900e-01
   1.6979400e+00   5.4855100e-01
   1.5463900e+00   9.5236800e-01
   1.2655700e+00   1.2966400e+00
   9.0312700e-01   1.5249900e+00
   5.2919100e-01   1.6290400e+00
   1.9266200e-01   1.6472800e+00
  -1.0503200e-01   1.6306900e+00
  -3.9934300e-01   1.6014000e+00
  -7.2386600e-01   1.5357800e+00
  -1.0733600e+00   1.3847000e+00
  -1.3970100e+00   1.1154200e+00
  -1.6273900e+00   7.4308100e-01
  -1.7236100e+00   3.2781900e-01
  -1.6962300e+00  -6.0720900e-02
  -1.5955600e+00  -3.8492700e-01
  -1.4723100e+00  -6.5592200e-01
  -1.3405900e+00  -9.1340900e-01
  -1.1711000e+00  -1.1845300e+00
  -9.1943300e-01  -1.4534000e+00
  -5.6763900e-01  -1.6648100e+00
  -1.4727200e-01  -1.7594900e+00
   2.7390800e-01  -1.7145700e+00
   6.3189800e-01  -1.5587000e+00
   9.0330100e-01  -1.3506800e+00
   1.1117200e+00  -1.1377600e+00
   1.2994800e+00  -9.2509100e-01
   1.4865900e+00  -6.7916600e-01
   1.6485200e+00  -3.6220600e-01
   1.7296600e+00   2.9044100e-02
   1.6826800e+00   4.4988800e-01
   1.5037700e+00   8.3021400e-01
   1.2373800e+00   1.1163600e+00
   9.4676000e-01   1.3010900e+00
   6.7246800e-01   1.4195500e+00
   4.1004700e-01   1.5147600e+00
   1.2321300e-01   1.5991900e+00
  -2.1790300e-01   1.6417800e+00
  -6.0298300e-01   1.5902200e+00
  -9.7821900e-01   1.4116600e+00
  -1.2764200e+00   1.1209000e+00
  -1.4581000e+00   7.7470800e-01
  -1.5329700e+00   4.3624000e-01
  -1.5458700e+00   1.3642800e-01
  -1.5383700e+00  -1.3906100e-01
  -1.5151400e+00  -4.2787800e-01
  -1.4407900e+00  -7.5130500e-01
  -1.2692900e+00  -1.0873800e+00
  -9.8361500e-01  -1.3775900e+00
  -6.1530900e-01  -1.5625000e+00
  -2.2898300e-01  -1.6194900e+00
   1.1685800e-01  -1.5746800e+00
   4.0339100e-01  -1.4799800e+00
   6.5456800e-01  -1.3731700e+00
   9.0799500e-01  -1.2510500e+00
   1.1761900e+00  -1.0759700e+00
   1.4280400e+00  -8.1042800e-01
   1.6047700e+00  -4.5324300e-01
   1.6586500e+00  -4.9612000e-02
   1.5853100e+00   3.3295400e-01
   1.4254200e+00   6.4493200e-01
   1.2346900e+00   8.8131700e-01
   1.0447600e+00   1.0748500e+00
   8.4465000e-01   1.2616300e+00
   5.9630900e-01   1.4456700e+00
   2.7215800e-01   1.5894700e+00
  -1.1424700e-01   1.6380500e+00
  -5.0805100e-01   1.5583100e+00
  -8.4392700e-01   1.3639800e+00
  -1.0850000e+00   1.1073700e+00
  -1.2408500e+00   8.4417600e-01
  -1.3515500e+00   5.9773600e-01
  -1.4502300e+00   3.4958000e-01
  -1.5328700e+00   6.2879100e-02
  -1.5584400e+00  -2.7942000e-01
  -1.4792100e+00  -6.5114100e-01
  -1.2783100e+00  -9.9226200e-01
  -9.8602300e-01  -1.2444300e+00
  -6.6242700e-01  -1.3861200e+00
  -3.5928400e-01  -1.4412300e+00
  -8.9771700e-02  -1.4550700e+00
   1.7150500e-01  -1.4562600e+00
   4.5877900e-01  -1.4335300e+00
   7.7870600e-01  -1.3449700e+00
   1.0953000e+00  -1.1526700e+00
   1.3480100e+00  -8.5626000e-01
   1.4895500e+00  -4.9982900e-01
   1.5152400e+00  -1.4671400e-01
   1.4619100e+00   1.5902100e-01
   1.3775500e+00   4.1569400e-01
   1.2847700e+00   6.5473900e-01
   1.1658600e+00   9.0664000e-01
   9.8037900e-01   1.1683700e+00
   7.0188900e-01   1.3973700e+00
   3.4554100e-01   1.5369000e+00
  -3.4542900e-02   1.5538800e+00
  -3.7649200e-01   1.4606500e+00
  -6.4724800e-01   1.3045600e+00
  -8.5726100e-01   1.1332600e+00
  -1.0427500e+00   9.6201400e-01
  -1.2294900e+00   7.6757200e-01
  -1.4059100e+00   5.1291300e-01
  -1.5262300e+00   1.8371300e-01
  -1.5413100e+00  -1.9144900e-01
  -1.4341200e+00  -5.5280000e-01
  -1.2329000e+00  -8.4451300e-01
  -9.9223500e-01  -1.0470800e+00
  -7.5627100e-01  -1.1829100e+00
  -5.3174000e-01  -1.2913900e+00
  -2.9086800e-01  -1.3927400e+00
  -1.5093200e-03  -1.4682700e+00
   3.3877800e-01  -1.4721600e+00
   6.9093000e-01  -1.3658300e+00
   9.9416500e-01  -1.1488500e+00
   1.2027400e+00  -8.6296800e-01
   1.3122600e+00  -5.6610400e-01
   1.3560200e+00  -2.9578000e-01
   1.3746300e+00  -4.9380500e-02
   1.3820200e+00   2.0431800e-01
   1.3539500e+00   4.9156300e-01
   1.2473800e+00   8.0392100e-01
   1.0361700e+00   1.0953300e+00
   7.3577500e-01   1.3085000e+00
   3.9805500e-01   1.4109600e+00
   8.0034000e-02   1.4138200e+00
  -1.9019300e-01   1.3593800e+00
  -4.2494900e-01   1.2871800e+00
  -6.5771500e-01   1.2043300e+00
  -9.0821800e-01   1.0825400e+00
  -1.1587400e+00   8.8387500e-01
  -1.3599300e+00   5.9549100e-01
  -1.4619800e+00   2.4675500e-01
  -1.4477700e+00  -1.0444700e-01
  -1.3431500e+00  -4.0618700e-01
  -1.1967200e+00  -6.4204300e-01
  -1.0445600e+00  -8.3382700e-01
  -8.8650300e-01  -1.0159600e+00
  -6.9173400e-01  -1.2013500e+00
  -4.2908800e-01  -1.3649600e+00
  -9.8797700e-02  -1.4577800e+00
   2.5872600e-01  -1.4406800e+00
   5.8405300e-01  -1.3127100e+00
   8.3417000e-01  -1.1125100e+00
   1.0057900e+00  -8.9172800e-01
   1.1293700e+00  -6.8058600e-01
   1.2387900e+00  -4.7142600e-01
   1.3401100e+00  -2.3227100e-01
   1.4031200e+00   6.0233000e-02
   1.3823900e+00   3.9389200e-01
   1.2516700e+00   7.2080800e-01
   1.0257300e+00   9.8446200e-01
   7.5305100e-01   1.1538900e+00
   4.8469200e-01   1.2394500e+00
   2.4284400e-01   1.2787300e+00
   1.2387200e-02   1.3035000e+00
  -2.3853900e-01   1.3130900e+00
  -5.2503700e-01   1.2743000e+00
  -8.2480900e-01   1.1479200e+00
  -1.0863600e+00   9.2165500e-01
  -1.2601500e+00   6.2434200e-01
  -1.3294400e+00   3.1058900e-01
  -1.3177400e+00   2.7206700e-02
  -1.2676300e+00  -2.1347400e-01
  -1.2071300e+00  -4.3363800e-01
  -1.1291000e+00  -6.6386100e-01
  -9.9935300e-01  -9.1106300e-01
  -7.8686500e-01  -1.1452000e+00
  -4.9324000e-01  -1.3150900e+00
  -1.5868300e-01  -1.3815200e+00
   1.6020000e-01  -1.3430300e+00
   4.2431200e-01  -1.2347300e+00
   6.3240600e-01  -1.1016100e+00
   8.1294600e-01  -9.6624200e-01
   9.9412000e-01  -8.1547300e-01
   1.1751400e+00  -6.1583900e-01
   1.3208600e+00  -3.4570000e-01
   1.3839500e+00  -1.9468300e-02
   1.3379900e+00   3.1473700e-01
   1.1965900e+00   6.0255600e-01
   1.0040600e+00   8.1552700e-01
   8.0478300e-01   9.6399300e-01
   6.1438500e-01   1.0814700e+00
   4.1421800e-01   1.1927200e+00
   1.7302500e-01   1.2900000e+00
  -1.2105800e-01   1.3357200e+00
  -4.4275300e-01   1.2894100e+00
  -7.3992700e-01   1.1387600e+00
  -9.6445600e-01   9.1112400e-01
  -1.1006500e+00   6.5677500e-01
  -1.1701300e+00   4.1644500e-01
  -1.2098100e+00   1.9753000e-01
  -1.2400200e+00  -2.3435000e-02
  -1.2470200e+00  -2.7434100e-01
  -1.1932300e+00  -5.5755100e-01
  -1.0473100e+00  -8.3949900e-01
  -8.1121200e-01  -1.0680400e+00
  -5.2366900e-01  -1.2047000e+00
  -2.3720700e-01  -1.2477400e+00
   1.4049000e-02  -1.2288600e+00
   2.3180300e-01  -1.1863600e+00
   4.4348400e-01  -1.1352000e+00
   6.7273200e-01  -1.0566600e+00
   9.1324500e-01  -9.1535700e-01
   1.1261200e+00  -6.9043400e-01
   1.2629700e+00  -3.9719200e-01
   1.2975500e+00  -8.2513800e-02
   1.2421500e+00   2.0269500e-01
   1.1365700e+00   4.3350000e-01
   1.0181900e+00   6.2106400e-01
   8.9576600e-01   7.9571100e-01
   7.4666500e-01   9.7618900e-01
   5.3941800e-01   1.1487700e+00
   2.6415900e-01   1.2722700e+00
  -5.2361200e-02   1.3053100e+00
  -3.5884500e-01   1.2354200e+00
  -6.0977000e-01   1.0878900e+00
  -7.9136800e-01   9.0796800e-01
  -9.2400600e-01   7.2969000e-01
  -1.0396100e+00   5.5492600e-01
  -1.1515700e+00   3.5818200e-01
  -1.2402600e+00   1.1317700e-01
  -1.2650700e+00  -1.7929900e-01
  -1.1941800e+00  -4.8367700e-01
  -1.0292800e+00  -7.4819700e-01
  -8.0666300e-01  -9.3604000e-01
  -5.7383900e-01  -1.0457800e+00
  -3.5913000e-01  -1.1060800e+00
  -1.5710300e-01  -1.1489500e+00
   5.9561800e-02  -1.1821400e+00
   3.1115400e-01  -1.1816900e+00
   5.8726100e-01  -1.1101400e+00
   8.4660300e-01  -9.4683800e-01
   1.0407900e+00  -7.0691900e-01
   1.1443200e+00  -4.3483500e-01
   1.1683600e+00  -1.7693000e-01
   1.1482900e+00   4.6311300e-02
   1.1145400e+00   2.4772000e-01
   1.0690400e+00   4.5539800e-01
   9.8507000e-01   6.8325900e-01
   8.3039000e-01   9.1283900e-01
   5.9612900e-01   1.1004400e+00
   3.0919900e-01   1.2044600e+00
   1.8730300e-02   1.2123700e+00
  -2.3348500e-01   1.1472600e+00
  -4.3648400e-01   1.0490400e+00
  -6.1018500e-01   9.4481100e-01
  -7.8240700e-01   8.3062500e-01
  -9.6065000e-01   6.7846300e-01
  -1.1203200e+00   4.6275700e-01
  -1.2185200e+00   1.8617600e-01
  -1.2231200e+00  -1.1514500e-01
  -1.1352400e+00  -3.9115000e-01
  -9.8820500e-01  -6.0768500e-01
  -8.2390000e-01  -7.6438300e-01
  -6.6431200e-01  -8.8748000e-01
  -4.9971500e-01  -1.0034100e+00
  -3.0211600e-01  -1.1134900e+00
  -5.3445600e-02  -1.1890600e+00
   2.3317000e-01  -1.1909100e+00
   5.1548200e-01  -1.0982300e+00
   7.4625200e-01  -9.2533500e-01
   9.0148300e-01  -7.1335100e-01
   9.9173300e-01  -5.0322900e-01
   1.0483100e+00  -3.1027800e-01
   1.0951400e+00  -1.1924800e-01
   1.1277500e+00   9.6694900e-02
   1.1155000e+00   3.4785400e-01
   1.0251900e+00   6.1239100e-01
   8.4820400e-01   8.4534300e-01
   6.1059200e-01   1.0057100e+00
   3.5821400e-01   1.0813800e+00
   1.2817000e-01   1.0933600e+00
  -7.2202800e-02   1.0763600e+00
  -2.6320000e-01   1.0506000e+00
  -4.6953000e-01   1.0064200e+00
  -6.9396500e-01   9.1304600e-01
  -9.0815500e-01   7.4498300e-01
  -1.0678100e+00   5.0572200e-01
  -1.1410000e+00   2.3070700e-01
  -1.1283000e+00  -3.2904900e-02
  -1.0598900e+00  -2.5459600e-01
  -9.7179100e-01  -4.3584800e-01
  -8.7945600e-01  -6.0126500e-01
  -7.6859200e-01  -7.7260900e-01
  -6.0995800e-01  -9.4575200e-01
  -3.8674400e-01  -1.0882700e+00
  -1.1351200e-01  -1.1596500e+00
   1.6786500e-01  -1.1390500e+00
   4.1244500e-01  -1.0395600e+00
   5.9860600e-01  -8.9847400e-01
   7.3693800e-01  -7.5084000e-01
   8.5533300e-01  -6.0632500e-01
   9.7190400e-01  -4.4669800e-01
   1.0765300e+00  -2.4555500e-01
   1.1351500e+00   4.9636900e-03
   1.1136700e+00   2.8100300e-01
   1.0033800e+00   5.3760400e-01
   8.2871900e-01   7.3535300e-01
   6.3148700e-01   8.6319200e-01
   4.4336900e-01   9.4048700e-01
   2.6742200e-01   9.9710700e-01
   8.2222800e-02   1.0469100e+00
  -1.3481700e-01   1.0748400e+00
  -3.8297800e-01   1.0475100e+00
  -6.3144200e-01   9.3912700e-01
  -8.3560400e-01   7.5324400e-01
  -9.6439800e-01   5.2360200e-01
  -1.0182300e+00   2.9348000e-01
  -1.0242200e+00   8.8918500e-02
  -1.0126900e+00  -9.4159200e-02
  -9.9268600e-01  -2.7955200e-01
  -9.4537900e-01  -4.8537000e-01
  -8.3998000e-01  -7.0320400e-01
  -6.6020100e-01  -8.9792900e-01
  -4.2097000e-01  -1.0285400e+00
  -1.6261200e-01  -1.0744200e+00
   7.3286100e-02  -1.0474700e+00
   2.6831300e-01  -9.8093700e-01
   4.3382700e-01  -9.0382000e-01
   5.9508900e-01  -8.1998000e-01
   7.6533800e-01  -7.0789200e-01
   9.2974800e-01  -5.4093900e-01
   1.0516300e+00  -3.1268400e-01
   1.0963600e+00  -4.7753000e-02
   1.0550500e+00   2.1012000e-01
   9.5015900e-01   4.2410100e-01
   8.1894700e-01   5.8492000e-01
   6.8726100e-01   7.1090900e-01
   5.5345500e-01   8.2776700e-01
   3.9439000e-01   9.4369000e-01
   1.8870300e-01   1.0389400e+00
  -6.0578400e-02   1.0778500e+00
  -3.2145200e-01   1.0343400e+00
  -5.5012500e-01   9.1152600e-01
  -7.1722400e-01   7.4074700e-01
  -8.2349100e-01   5.6069700e-01
  -8.9343900e-01   3.9231500e-01
  -9.5206900e-01   2.2831500e-01
  -1.0025300e+00   4.4934300e-02
  -1.0217500e+00  -1.7331500e-01
  -9.7737900e-01  -4.1495700e-01
  -8.5321200e-01  -6.4335800e-01
  -6.6372700e-01  -8.1790900e-01
  -4.4676100e-01  -9.1880900e-01
  -2.3968600e-01  -9.5696000e-01
  -5.6963400e-02  -9.6177000e-01
   1.1424000e-01  -9.5632000e-01
   2.9740000e-01  -9.3882400e-01
   5.0191900e-01  -8.8443200e-01
   7.0938300e-01  -7.6591500e-01
   8.8143100e-01  -5.7746000e-01
   9.8351400e-01  -3.4340900e-01
   1.0067600e+00  -1.0519600e-01
   9.7159400e-01   1.0383900e-01
   9.1060100e-01   2.7695400e-01
   8.4367700e-01   4.3215100e-01
   7.6432100e-01   5.9176400e-01
   6.4731700e-01   7.5925900e-01
   4.7180700e-01   9.1110100e-01
   2.4208000e-01   1.0100300e+00
  -9.8656500e-03   1.0298400e+00
  -2.4213700e-01   9.7307300e-01
  -4.2789900e-01   8.6830400e-01
  -5.6888500e-01   7.4922500e-01
  -6.8757900e-01   6.3131900e-01
  -8.0436000e-01   5.0367600e-01
  -9.1716800e-01   3.4193800e-01
  -9.9930700e-01   1.3229800e-01
  -1.0171400e+00  -1.1187600e-01
  -9.5434500e-01  -3.5362900e-01
  -8.2445800e-01  -5.5373200e-01
  -6.6216900e-01  -6.9386400e-01
  -5.0001900e-01  -7.8441700e-01
  -3.4796800e-01  -8.5134100e-01
  -1.9110600e-01  -9.1227200e-01
  -6.9424900e-03  -9.6022200e-01
   2.1114500e-01  -9.6725900e-01
   4.4232300e-01  -9.0541500e-01
   6.4762200e-01  -7.6896200e-01
   7.9332800e-01  -5.8115400e-01
   8.7100600e-01  -3.8026900e-01
   8.9926200e-01  -1.9539700e-01
   9.0617400e-01  -3.0099700e-02
   9.0588600e-01   1.3399900e-01
   8.8717900e-01   3.1673300e-01
   8.2265000e-01   5.1787900e-01
   6.9145700e-01   7.1115500e-01
   4.9830900e-01   8.5851200e-01
   2.7419100e-01   9.3410300e-01
   5.8134900e-02   9.3999200e-01
  -1.2635500e-01   9.0191300e-01
  -2.8266900e-01   8.4847700e-01
  -4.3196500e-01   7.8963500e-01
  -5.9082000e-01   7.1069200e-01
  -7.5288300e-01   5.8626300e-01
  -8.8864200e-01   4.0344100e-01
  -9.6366200e-01   1.7643200e-01
  -9.6163300e-01  -5.8585900e-02
  -8.9491100e-01  -2.6471600e-01
  -7.9469600e-01  -4.2584600e-01
  -6.8836100e-01  -5.5244600e-01
  -5.8105300e-01  -6.6760500e-01
  -4.5536600e-01  -7.8420500e-01
  -2.8910300e-01  -8.9074200e-01
  -7.7450700e-02  -9.5670500e-01
   1.5748100e-01  -9.5352300e-01
   3.7718400e-01  -8.7529300e-01
   5.4961400e-01  -7.4365300e-01
   6.6734400e-01  -5.9313300e-01
   7.4757800e-01  -4.4804800e-01
   8.1431600e-01  -3.0827100e-01
   8.7642500e-01  -1.5444800e-01
   9.1837500e-01   3.1601800e-02
   9.1072400e-01   2.4702100e-01
   8.3241400e-01   4.6388300e-01
   6.8798200e-01   6.4428100e-01
   5.0662000e-01   7.6333800e-01
   3.2374100e-01   8.2298000e-01
   1.5886000e-01   8.4629800e-01
   6.3213800e-03   8.5702100e-01
  -1.5441100e-01   8.5978700e-01
  -3.3701200e-01   8.3620900e-01
  -5.3185300e-01   7.5968200e-01
  -7.0756000e-01   6.1762900e-01
  -8.2958600e-01   4.2424400e-01
  -8.8195500e-01   2.1397900e-01
  -8.7590100e-01   2.0559200e-02
  -8.3907700e-01  -1.4280100e-01
  -7.9364900e-01  -2.8727600e-01
  -7.3989800e-01  -4.3380600e-01
  -6.5771700e-01  -5.9135400e-01
  -5.2470600e-01  -7.4477200e-01
  -3.3702900e-01  -8.6167700e-01
  -1.1705100e-01  -9.1326000e-01
   9.8184600e-02  -8.9344600e-01
   2.7912300e-01  -8.2201400e-01
   4.1997600e-01  -7.2944700e-01
   5.3710500e-01  -6.3500500e-01
   6.5104800e-01  -5.3458800e-01
   7.6608100e-01  -4.0740500e-01
   8.6300200e-01  -2.3619300e-01
   9.1072500e-01  -2.5451400e-02
   8.8799200e-01   1.9632400e-01
   7.9883900e-01   3.9231800e-01
   6.7015800e-01   5.3932500e-01
   5.3322200e-01   6.3962000e-01
   4.0310100e-01   7.1406000e-01
   2.7139500e-01   7.8194100e-01
   1.1755300e-01   8.4305700e-01
  -7.0070500e-02   8.7568000e-01
  -2.7961300e-01   8.5203300e-01
  -4.7884900e-01   7.5954200e-01
  -6.3391500e-01   6.1176900e-01
  -7.2966000e-01   4.4072100e-01
  -7.7647300e-01   2.7628000e-01
  -7.9866800e-01   1.2818600e-01
  -8.1343100e-01  -1.6027700e-02
  -8.1639400e-01  -1.7587800e-01
  -7.8478500e-01  -3.5731700e-01
  -6.9571700e-01  -5.4253200e-01
  -5.4570600e-01  -6.9810900e-01
  -3.5652900e-01  -7.9554900e-01
  -1.6290800e-01  -8.2883200e-01
   8.8234200e-03  -8.1590400e-01
   1.5513000e-01  -7.8317000e-01
   2.9214200e-01  -7.4483900e-01
   4.3765500e-01  -6.9278100e-01
   5.9219600e-01  -6.0451200e-01
   7.3370000e-01  -4.6311700e-01
   8.3002500e-01  -2.7388800e-01
   8.5995700e-01  -6.4913500e-02
   8.2696100e-01   1.2897000e-01
   7.5539100e-01   2.8693700e-01
   6.7212900e-01   4.1217200e-01
   5.8757400e-01   5.2384800e-01
   4.9029100e-01   6.3746000e-01
   3.5921100e-01   7.4863300e-01
   1.8394000e-01   8.3286400e-01
  -2.2408300e-02   8.6148200e-01
  -2.2775200e-01   8.2183400e-01
  -3.9973200e-01   7.2648500e-01
  -5.2461200e-01   6.0452300e-01
  -6.1237200e-01   4.8154200e-01
  -6.8439800e-01   3.6340400e-01
  -7.5336500e-01   2.3587100e-01
  -8.1070300e-01   8.0179500e-02
  -8.3124900e-01  -1.0750700e-01
  -7.9157800e-01  -3.0771400e-01
  -6.8815700e-01  -4.8690200e-01
  -5.4156000e-01  -6.1754600e-01
  -3.8353100e-01  -6.9407700e-01
  -2.3660300e-01  -7.3285100e-01
  -1.0153500e-01  -7.5642400e-01
   3.8154300e-02  -7.7420300e-01
   1.9827700e-01  -7.7421900e-01
   3.7651300e-01  -7.3225900e-01
   5.4884900e-01  -6.3139400e-01
   6.8281100e-01  -4.7703900e-01
   7.5765500e-01  -2.9607600e-01
   7.7642800e-01  -1.2059900e-01
   7.6096300e-01   3.1581600e-02
   7.3376300e-01   1.6512300e-01
   7.0057700e-01   2.9812700e-01
   6.4686000e-01   4.4302300e-01
   5.5070600e-01   5.9209200e-01
   4.0234400e-01   7.1878200e-01
   2.1528800e-01   7.9399700e-01
   2.0572000e-02   8.0514500e-01
  -1.5172400e-01   7.6367900e-01
  -2.8989300e-01   6.9555100e-01
  -4.0402200e-01   6.2187300e-01
  -5.1312700e-01   5.4442600e-01
  -6.2601000e-01   4.4689500e-01
  -7.3054800e-01   3.1071400e-01
  -7.9966200e-01   1.3335300e-01
  -8.0955400e-01  -6.5000000e-02
  -7.5648300e-01  -2.5157700e-01
  -6.5944400e-01  -4.0053200e-01
  -5.4678300e-01  -5.0724500e-01
  -4.3685000e-01  -5.8689100e-01
  -3.2725600e-01  -6.5860500e-01
  -2.0067400e-01  -7.2746300e-01
  -4.2569700e-02  -7.7806600e-01
   1.4279100e-01  -7.8466200e-01
   3.3038600e-01  -7.3015600e-01
   4.8820400e-01  -6.1964700e-01
   5.9651300e-01  -4.7821700e-01
   6.5826900e-01  -3.3463300e-01
   6.9302100e-01  -2.0319000e-01
   7.1914000e-01  -7.7265000e-02
   7.3798600e-01   6.0771200e-02
   7.3204800e-01   2.2106100e-01
   6.7847300e-01   3.9342100e-01
   5.6767400e-01   5.5008700e-01
   4.1289000e-01   6.6214100e-01
   2.4336600e-01   7.1737100e-01
   8.6228800e-02   7.2622400e-01
  -4.9397700e-02   7.1155000e-01
  -1.7424400e-01   6.9002000e-01
  -3.0558000e-01   6.5936800e-01
  -4.4908600e-01   6.0108200e-01
  -5.8986100e-01   4.9641000e-01
  -6.9954900e-01   3.4345900e-01
  -7.5433200e-01   1.6230200e-01
  -7.5031600e-01  -1.5882400e-02
  -7.0478500e-01  -1.6759700e-01
  -6.4250600e-01  -2.8971200e-01
  -5.7749400e-01  -3.9671800e-01
  -5.0402300e-01  -5.0489800e-01
  -4.0357400e-01  -6.1563800e-01
  -2.6228800e-01  -7.1070500e-01
  -8.5556900e-02  -7.6318200e-01
   1.0148300e-01  -7.5587900e-01
   2.6807700e-01  -6.9335800e-01
   3.9610100e-01  -5.9854200e-01
   4.8886000e-01  -4.9650600e-01
   5.6401200e-01  -3.9770100e-01
   6.3624600e-01  -2.9317700e-01
   7.0299500e-01  -1.6525600e-01
   7.4413600e-01  -5.3432300e-03
   7.3595900e-01   1.7479800e-01
   6.6884000e-01   3.4705000e-01
   5.5527500e-01   4.8335500e-01
   4.2217000e-01   5.7232300e-01
   2.9319500e-01   6.2367800e-01
   1.7444200e-01   6.5740800e-01
   5.4056300e-02   6.8601400e-01
  -8.4106500e-02   7.0343200e-01
  -2.4339300e-01   6.8904200e-01
  -4.0697200e-01   6.2371100e-01
  -5.4594400e-01   5.0569800e-01
  -6.3696500e-01   3.5429700e-01
  -6.7622100e-01   1.9842200e-01
  -6.7937100e-01   5.8639300e-02
  -6.6765500e-01  -6.3910900e-02
  -6.5082700e-01  -1.8356300e-01
  -6.1984400e-01  -3.1438800e-01
  -5.5482100e-01  -4.5482800e-01
  -4.4213300e-01  -5.8453600e-01
  -2.8760400e-01  -6.7596700e-01
  -1.1569900e-01  -7.1208300e-01
   4.4805900e-02  -6.9690700e-01
   1.7797900e-01  -6.5107000e-01
   2.8795500e-01  -5.9582100e-01
   3.9100400e-01  -5.3764200e-01
   4.9871000e-01  -4.6506000e-01
   6.0520400e-01  -3.5995300e-01
   6.8828000e-01  -2.1463800e-01
   7.2364700e-01  -4.1641700e-02
   7.0162500e-01   1.3138800e-01
   6.3372000e-01   2.7794000e-01
   5.4416800e-01   3.8795500e-01
   4.5287300e-01   4.7083300e-01
   3.6260400e-01   5.4410200e-01
   2.6001400e-01   6.1655100e-01
   1.2952300e-01   6.7875800e-01
  -3.0633500e-02   7.0827300e-01
  -2.0254500e-01   6.8559100e-01
  -3.5753800e-01   6.0883300e-01
  -4.7331300e-01   4.9605100e-01
  -5.4650500e-01   3.7340000e-01
  -5.9140100e-01   2.5808000e-01
  -6.2597700e-01   1.4882900e-01
  -6.5600500e-01   3.0983700e-02
  -6.6934600e-01  -1.0796100e-01
  -6.4477100e-01  -2.6428800e-01
  -5.6861900e-01  -4.1632700e-01
  -4.4663400e-01  -5.3653800e-01
  -3.0197400e-01  -6.0842300e-01
  -1.6084000e-01  -6.3564300e-01
  -3.6466500e-02  -6.3661600e-01
   7.6580300e-02  -6.2884800e-01
   1.9371200e-01  -6.1494000e-01
   3.2406500e-01  -5.8088300e-01
   4.5919400e-01  -5.0788400e-01
   5.7545800e-01  -3.8867300e-01
   6.4841700e-01  -2.3585100e-01
   6.6849500e-01  -7.5868700e-02
   6.4616900e-01   6.6941500e-02
   6.0289200e-01   1.8435800e-01
   5.5470600e-01   2.8591000e-01
   5.0095100e-01   3.8717200e-01
   4.2656200e-01   4.9381100e-01
   3.1608700e-01   5.9363500e-01
   1.6867300e-01   6.6281600e-01
   2.5277000e-03   6.8165400e-01
  -1.5464600e-01   6.4805000e-01
  -2.8218000e-01   5.7855600e-01
  -3.7759700e-01   4.9628000e-01
  -4.5419200e-01   4.1479200e-01
  -5.2709300e-01   3.3016100e-01
  -5.9854700e-01   2.2699900e-01
  -6.5371800e-01   9.3777100e-02
  -6.7023700e-01  -6.4388000e-02
  -6.3432800e-01  -2.2529600e-01
  -5.5132900e-01  -3.6208700e-01
  -4.4265100e-01  -4.5927600e-01
  -3.3148200e-01  -5.2047200e-01
  -2.2797900e-01  -5.6213600e-01
  -1.2501900e-01  -5.9830400e-01
  -7.5439200e-03  -6.2797500e-01
   1.3179900e-01  -6.3478600e-01
   2.8275600e-01  -5.9921900e-01
   4.2096600e-01  -5.1408700e-01
   5.2237400e-01  -3.9154300e-01
   5.7781000e-01  -2.5625700e-01
   5.9686000e-01  -1.2985700e-01
   5.9828700e-01  -1.8280300e-02
   5.9437600e-01   8.8580400e-02
   5.8112200e-01   2.0489500e-01
   5.4169200e-01   3.3386600e-01
   4.6047300e-01   4.6122500e-01
   3.3698700e-01   5.6232900e-01
   1.8907400e-01   6.1761800e-01
   4.2806700e-02   6.2486200e-01
  -8.3324900e-02   5.9906100e-01
  -1.8818200e-01   5.6019300e-01
  -2.8451200e-01   5.1813100e-01
  -3.8510900e-01   4.6616700e-01
  -4.8928400e-01   3.8793200e-01
  -5.8004600e-01   2.7238400e-01
  -6.3424300e-01   1.2536600e-01
  -6.3808400e-01  -3.1131500e-02
  -5.9636700e-01  -1.7158100e-01
  -5.2851100e-01  -2.8201800e-01
  -4.5444700e-01  -3.6638800e-01
  -3.8103200e-01  -4.3956900e-01
  -2.9918300e-01  -5.1255500e-01
  -1.9377300e-01  -5.8119300e-01
  -5.8612700e-02  -6.2710600e-01
   9.4976899e-02  -6.3017300e-01
   2.4264300e-01  -5.8314600e-01
   3.6129400e-01  -4.9738500e-01
   4.4255700e-01  -3.9537100e-01
   4.9540600e-01  -2.9565300e-01
   5.3617000e-01  -2.0154500e-01
   5.7366800e-01  -1.0197000e-01
   6.0081800e-01   1.6362300e-02
   5.9913900e-01   1.5486700e-01
   5.5273000e-01   2.9792800e-01
   4.6112400e-01   4.2072400e-01
   3.4127100e-01   5.0426800e-01
   2.1709200e-01   5.4643600e-01
   1.0444200e-01   5.6079900e-01
   2.7153500e-03   5.6430900e-01
  -1.0073600e-01   5.6327300e-01
  -2.1693600e-01   5.4827000e-01
  -3.4291500e-01   5.0184800e-01
  -4.6016200e-01   4.1310600e-01
  -5.4522500e-01   2.8806400e-01
  -5.8453800e-01   1.4786900e-01
  -5.8240300e-01   1.6134200e-02
  -5.5619700e-01  -9.5168799e-02
  -5.2254400e-01  -1.9073700e-01
  -4.8495200e-01  -2.8431100e-01
  -4.3225700e-01  -3.8437000e-01
  -3.4895900e-01  -4.8417600e-01
  -2.2951000e-01  -5.6382100e-01
  -8.5631899e-02  -6.0285100e-01
   5.9009100e-02  -5.9398300e-01
   1.8285400e-01  -5.4762500e-01
   2.7876000e-01  -4.8385000e-01
   3.5544800e-01  -4.1792800e-01
   4.2719900e-01  -3.5034600e-01
   4.9979800e-01  -2.6877700e-01
   5.6350700e-01  -1.6035200e-01
   5.9847600e-01  -2.4807400e-02
   5.8855900e-01   1.2160200e-01
   5.3310200e-01   2.5452500e-01
   4.4782400e-01   3.5604100e-01
   3.5412900e-01   4.2445900e-01
   2.6491500e-01   4.7218100e-01
   1.7751600e-01   5.1340800e-01
   7.8983899e-02   5.5117300e-01
  -4.0486700e-02   5.7357900e-01
  -1.7631500e-01   5.6214600e-01
  -3.0915400e-01   5.0593300e-01
  -4.1579500e-01   4.1073500e-01
  -4.8324900e-01   2.9637100e-01
  -5.1551000e-01   1.8407100e-01
  -5.2803400e-01   8.3418699e-02
  -5.3426400e-01  -1.1417900e-02
  -5.3449300e-01  -1.1349800e-01
  -5.1551200e-01  -2.2936500e-01
  -4.6128700e-01  -3.5032900e-01
  -3.6652600e-01  -4.5552600e-01
  -2.4279900e-01  -5.2455800e-01
  -1.1250300e-01  -5.5027600e-01
   4.8421600e-03  -5.4215400e-01
   1.0374200e-01  -5.1781900e-01
   1.9305900e-01  -4.8923800e-01
   2.8547800e-01  -4.5403700e-01
   3.8428400e-01  -3.9848200e-01
   4.7761600e-01  -3.0977900e-01
   5.4466700e-01  -1.8827500e-01
   5.6923500e-01  -5.0217000e-02
   5.5044600e-01   8.1123799e-02
   5.0262600e-01   1.8937800e-01
   4.4447700e-01   2.7367200e-01
   3.8577200e-01   3.4558400e-01
   3.2159300e-01   4.1695900e-01
   2.3838300e-01   4.8798500e-01
   1.2706600e-01   5.4467300e-01
  -6.8003000e-03   5.6772400e-01
  -1.4369700e-01   5.4612400e-01
  -2.6122600e-01   4.8521700e-01
  -3.4739000e-01   4.0316600e-01
  -4.0616000e-01   3.1850600e-01
  -4.5132600e-01   2.3814900e-01
  -4.9343900e-01   1.5482000e-01
  -5.2986300e-01   5.5722300e-02
  -5.4553700e-01  -6.4317900e-02
  -5.2388900e-01  -1.9531600e-01
  -4.5964200e-01  -3.1606500e-01
  -3.6380800e-01  -4.0668700e-01
  -2.5706500e-01  -4.6044600e-01
  -1.5649200e-01  -4.8604000e-01
  -6.5579000e-02  -4.9878000e-01
   2.5051200e-02  -5.0747800e-01
   1.2696100e-01  -5.0701900e-01
   2.4151500e-01  -4.8226100e-01
   3.5533300e-01  -4.2026900e-01
   4.4715100e-01  -3.2158100e-01
   5.0101700e-01  -2.0190300e-01
   5.1595000e-01  -8.2902499e-02
   5.0488900e-01   2.1044500e-02
   4.8381800e-01   1.1025500e-01
   4.5938300e-01   1.9587300e-01
   4.2437300e-01   2.8785100e-01
   3.6442700e-01   3.8406100e-01
   2.7081600e-01   4.6891000e-01
   1.4951800e-01   5.2261400e-01
   1.9623900e-02   5.3420500e-01
  -9.7820799e-02   5.0850300e-01
  -1.9222400e-01   4.6186400e-01
  -2.6788200e-01   4.0997500e-01
  -3.3726700e-01   3.5693400e-01
  -4.0843700e-01   2.9382900e-01
  -4.7624700e-01   2.0778200e-01
  -5.2411500e-01   9.4479299e-02
  -5.3506400e-01  -3.5422500e-02
  -5.0374600e-01  -1.6098000e-01
  -4.4037100e-01  -2.6332300e-01
  -3.6360600e-01  -3.3647700e-01
  -2.8781200e-01  -3.8862300e-01
  -2.1422600e-01  -4.3302100e-01
  -1.3264300e-01  -4.7562100e-01
  -3.2180200e-02  -5.0883800e-01
   8.7182699e-02  -5.1626000e-01
   2.1116900e-01  -4.8474600e-01
   3.1860000e-01  -4.1474400e-01
   3.9415700e-01  -3.2102500e-01
   4.3698000e-01  -2.2325000e-01
   4.5876300e-01  -1.3345000e-01
   4.7291800e-01  -4.9792700e-02
   4.8312300e-01   3.8811000e-02
   4.7997000e-01   1.4091000e-01
   4.4824800e-01   2.5263300e-01
   3.7930900e-01   3.5734000e-01
   2.7911800e-01   4.3518500e-01
   1.6583200e-01   4.7547600e-01
   5.8685000e-02   4.8258800e-01
  -3.3523300e-02   4.7107500e-01
  -1.1576000e-01   4.5378600e-01
  -1.9957400e-01   4.3201600e-01
  -2.9100500e-01   3.9515000e-01
  -3.8290900e-01   3.2999900e-01
  -4.5761200e-01   2.3268800e-01
  -4.9799500e-01   1.1400200e-01
  -4.9869200e-01  -5.9317100e-03
  -4.6902500e-01  -1.0971900e-01
  -4.2551100e-01  -1.9251000e-01
  -3.7967900e-01  -2.6229200e-01
  -3.3038000e-01  -3.3063000e-01
  -2.6636800e-01  -4.0101700e-01
  -1.7706900e-01  -4.6378900e-01
  -6.3281299e-02  -5.0153700e-01
   6.0415700e-02  -5.0097900e-01
   1.7347300e-01  -4.6234500e-01
   2.6161600e-01  -3.9922700e-01
   3.2440500e-01  -3.2902000e-01
   3.7253900e-01  -2.6117800e-01
   4.1713200e-01  -1.9211400e-01
   4.5918700e-01  -1.1046900e-01
   4.8734200e-01  -8.6332699e-03
   4.8561500e-01   1.0835100e-01
   4.4531700e-01   2.2337400e-01
   3.7209800e-01   3.1699900e-01
   2.8281200e-01   3.7912300e-01
   1.9452400e-01   4.1386200e-01
   1.1393700e-01   4.3411500e-01
   3.5097400e-02   4.5005100e-01
  -5.3006700e-02   4.6032000e-01
  -1.5489900e-01   4.5267200e-01
  -2.6198700e-01   4.1350600e-01
  -3.5601100e-01   3.3908300e-01
  -4.2005200e-01   2.3988400e-01
  -4.4890200e-01   1.3475500e-01
  -4.5104200e-01   3.9213800e-02
  -4.4086500e-01  -4.3353900e-02
  -4.2709200e-01  -1.2108300e-01
  -4.0620500e-01  -2.0424200e-01
  -3.6581800e-01  -2.9434300e-01
  -2.9539400e-01  -3.8012400e-01
  -1.9611100e-01  -4.4354900e-01
  -8.2328399e-02  -4.7138000e-01
   2.6528700e-02  -4.6364300e-01
   1.1763800e-01  -4.3265400e-01
   1.9129700e-01  -3.9343400e-01
   2.5753100e-01  -3.5276800e-01
   3.2551700e-01  -3.0518500e-01
   3.9398500e-01  -2.3881500e-01
   4.4997200e-01  -1.4658900e-01
   4.7693500e-01  -3.4191600e-02
   4.6614600e-01   8.1348599e-02
   4.2279000e-01   1.8148000e-01
   3.6218400e-01   2.5704000e-01
   2.9900500e-01   3.1215000e-01
   2.3765300e-01   3.5830100e-01
   1.7095500e-01   4.0326800e-01
   8.8086199e-02   4.4334000e-01
  -1.4438500e-02   4.6483200e-01
  -1.2713700e-01   4.5375300e-01
  -2.3168200e-01   4.0633400e-01
  -3.1175700e-01   3.3244100e-01
  -3.6256500e-01   2.4930400e-01
  -3.9191500e-01   1.7025400e-01
  -4.1222400e-01   9.6936099e-02
  -4.2958200e-01   2.0761500e-02
  -4.3824100e-01  -6.7651099e-02
  -4.2470700e-01  -1.6833600e-01
  -3.7833000e-01  -2.6895300e-01
  -3.0033800e-01  -3.5127700e-01
  -2.0445100e-01  -4.0239600e-01
  -1.0855600e-01  -4.2225000e-01
  -2.3675000e-02  -4.2193100e-01
   5.1541100e-02  -4.1411800e-01
   1.2677600e-01  -4.0297200e-01
   2.0968400e-01  -3.8113800e-01
   2.9719200e-01  -3.3610300e-01
   3.7517200e-01  -2.6103100e-01
   4.2682400e-01  -1.6180400e-01
   4.4351100e-01  -5.4877499e-02
   4.2992600e-01   4.2517000e-02
   3.9976600e-01   1.2250500e-01
   3.6523800e-01   1.8951100e-01
   3.2836100e-01   2.5393900e-01
   2.8060500e-01   3.2153700e-01
   2.1106100e-01   3.8662000e-01
   1.1686200e-01   4.3437400e-01
   7.8647499e-03   4.5056400e-01
  -9.8039999e-02   4.3134700e-01
  -1.8554800e-01   3.8581100e-01
  -2.5057100e-01   3.2935700e-01
  -3.0049200e-01   2.7294600e-01
  -3.4600800e-01   2.1629700e-01
  -3.9086500e-01   1.5012200e-01
  -4.2735100e-01   6.5557099e-02
  -4.4101600e-01  -3.6438900e-02
  -4.2106300e-01  -1.4297800e-01
  -3.6857200e-01  -2.3610600e-01
  -2.9632300e-01  -3.0356800e-01
  -2.2036300e-01  -3.4543400e-01
  -1.4964800e-01  -3.7172400e-01
  -8.1519799e-02  -3.9294300e-01
  -6.3180099e-03  -4.1080300e-01
   8.2508699e-02  -4.1618700e-01
   1.8057900e-01  -3.9592300e-01
   2.7308200e-01  -3.4321300e-01
   3.4333300e-01  -2.6379700e-01
   3.8300100e-01  -1.7316400e-01
   3.9638300e-01  -8.6859899e-02
   3.9560400e-01  -1.1165000e-02
   3.9045200e-01   5.8940299e-02
   3.8061800e-01   1.3311500e-01
   3.5618900e-01   2.1550300e-01
   3.0600300e-01   2.9889500e-01
   2.2747600e-01   3.6773600e-01
   1.3040000e-01   4.0778700e-01
   3.1780700e-02   4.1520500e-01
  -5.4467699e-02   3.9826000e-01
  -1.2527200e-01   3.7046100e-01
  -1.8787400e-01   3.4033400e-01
  -2.5157500e-01   3.0560500e-01
  -3.1814900e-01   2.5612400e-01
  -3.7828000e-01   1.8325000e-01
  -4.1681500e-01   8.8497899e-02
  -4.2289800e-01  -1.5184300e-02
  -3.9738100e-01  -1.1056600e-01
  -3.5193700e-01  -1.8639500e-01
  -3.0059700e-01  -2.4313500e-01
  -2.5008900e-01  -2.8997100e-01
  -1.9627100e-01  -3.3549900e-01
  -1.2924400e-01  -3.7926600e-01
  -4.3169200e-02  -4.1062800e-01
   5.6745399e-02  -4.1585400e-01
   1.5549600e-01  -3.8810600e-01
   2.3691100e-01  -3.3276300e-01
   2.9324000e-01  -2.6406300e-01
   3.2857000e-01  -1.9560800e-01
   3.5360800e-01  -1.3184700e-01
   3.7590200e-01  -6.6915199e-02
   3.9298300e-01   8.4321999e-03
   3.9364700e-01   9.7162599e-02
   3.6641800e-01   1.9102200e-01
   3.0876600e-01   2.7414600e-01
   2.3008000e-01   3.3260000e-01
   1.4611800e-01   3.6270700e-01
   6.9089899e-02   3.7199900e-01
   7.7827599e-04   3.7214500e-01
  -6.6202099e-02   3.6931100e-01
  -1.4011200e-01   3.5926800e-01
  -2.2117300e-01   3.3095600e-01
  -2.9888900e-01   2.7574500e-01
  -3.5773600e-01   1.9535900e-01
  -3.8697800e-01   1.0238000e-01
  -3.8727500e-01   1.2919200e-02
  -3.6915600e-01  -6.3105699e-02
  -3.4458200e-01  -1.2682400e-01
  -3.1801700e-01  -1.8686900e-01
  -2.8375600e-01  -2.5026000e-01
  -2.3147500e-01  -3.1474300e-01
  -1.5572700e-01  -3.6847300e-01
  -6.2110799e-02  -3.9735900e-01
   3.4632500e-02  -3.9455600e-01
   1.1923800e-01  -3.6498000e-01
   1.8483700e-01  -3.2146800e-01
   2.3553700e-01  -2.7552400e-01
   2.8086900e-01  -2.2963100e-01
   3.2641300e-01  -1.7689500e-01
   3.6781300e-01  -1.0820500e-01
   3.9277000e-01  -2.1366100e-02
   3.8954300e-01   7.4789899e-02
   3.5553800e-01   1.6453300e-01
   2.9951400e-01   2.3456900e-01
   2.3573400e-01   2.8162000e-01
   1.7447000e-01   3.1264200e-01
   1.1600500e-01   3.3763200e-01
   5.2554899e-02   3.6057600e-01
  -2.3444000e-02   3.7545000e-01
  -1.1109200e-01   3.7033200e-01
  -1.9916600e-01   3.3650400e-01
  -2.7214700e-01   2.7564200e-01
  -3.1966800e-01   1.9964200e-01
  -3.4233000e-01   1.2316900e-01
  -3.4958500e-01   5.4533399e-02
  -3.5139700e-01  -8.3143499e-03
  -3.5004000e-01  -7.3743199e-02
  -3.3827800e-01  -1.4755900e-01
  -3.0527600e-01  -2.2612000e-01
  -2.4573500e-01  -2.9676700e-01
  -1.6529000e-01  -3.4532200e-01
  -7.8026999e-02  -3.6506100e-01
   2.0492800e-03  -3.6045100e-01
   6.9233099e-02  -3.4289400e-01
   1.2791500e-01  -3.2176500e-01
   1.8673300e-01  -2.9754800e-01
   2.4963300e-01  -2.6223400e-01
   3.1072500e-01  -2.0663000e-01
   3.5689800e-01  -1.2897000e-01
   3.7628700e-01  -3.8241200e-02
   3.6622900e-01   5.0374099e-02
   3.3474500e-01   1.2456300e-01
   2.9446100e-01   1.8170500e-01
   2.5359400e-01   2.2840400e-01
   2.1079600e-01   2.7322700e-01
   1.5769400e-01   3.1825400e-01
   8.7115099e-02   3.5591800e-01
   6.7184299e-04   3.7359300e-01
  -9.0125599e-02   3.6246600e-01
  -1.7015500e-01   3.2402900e-01
  -2.2970500e-01   2.6926500e-01
  -2.6950900e-01   2.1117600e-01
  -2.9810600e-01   1.5626500e-01
  -3.2363500e-01   1.0136200e-01
  -3.4636300e-01   3.8099000e-02
  -3.5765500e-01  -3.8473100e-02
  -3.4617800e-01  -1.2375200e-01
  -3.0664300e-01  -2.0467700e-01
  -2.4445500e-01  -2.6730600e-01
  -1.7273900e-01  -3.0523600e-01
  -1.0396100e-01  -3.2258700e-01
  -4.2418399e-02  -3.2939900e-01
   1.6802400e-02  -3.3300700e-01
   8.1743199e-02  -3.3197000e-01
   1.5508700e-01  -3.1716800e-01
   2.2980400e-01  -2.7920700e-01
   2.9231200e-01  -2.1648600e-01
   3.3084400e-01  -1.3779400e-01
   3.4275400e-01  -5.7408999e-02
   3.3532200e-01   1.3644500e-02
   3.1951800e-01   7.3652399e-02
   3.0149000e-01   1.2911800e-01
   2.7822900e-01   1.8747100e-01
   2.4066000e-01   2.4922000e-01
   1.8176400e-01   3.0558400e-01
   1.0351200e-01   3.4346300e-01
   1.7297800e-02   3.5404800e-01
  -6.2521699e-02   3.3860400e-01
  -1.2718000e-01   3.0709800e-01
  -1.7777500e-01   2.7075200e-01
  -2.2215000e-01   2.3416000e-01
  -2.6687000e-01   1.9290500e-01
  -3.1046500e-01   1.3841100e-01
  -3.4312500e-01   6.6260899e-02
  -3.5312400e-01  -1.8384900e-02
  -3.3514200e-01  -1.0247300e-01
  -2.9419700e-01  -1.7263500e-01
  -2.4225000e-01  -2.2302900e-01
  -1.9003300e-01  -2.5760200e-01
  -1.4026300e-01  -2.8519300e-01
  -8.7304199e-02  -3.1127400e-01
  -2.3432700e-02  -3.3265800e-01
   5.3136399e-02  -3.3921900e-01
   1.3464300e-01  -3.2132900e-01
   2.0740800e-01  -2.7738400e-01
   2.6002600e-01  -2.1571400e-01
   2.9002700e-01  -1.4941300e-01
   3.0404500e-01  -8.7975499e-02
   3.1147400e-01  -3.1987000e-02
   3.1648700e-01   2.5193500e-02
   3.1448000e-01   9.0165399e-02
   2.9565700e-01   1.6223600e-01
   2.5299500e-01   2.3177800e-01
   1.8854600e-01   2.8551400e-01
   1.1325100e-01   3.1480600e-01
   4.0382799e-02   3.2074900e-01
  -2.2502900e-02   3.1228900e-01
  -7.7097399e-02   2.9886300e-01
  -1.3079700e-01   2.8315600e-01
  -1.8889300e-01   2.5946400e-01
  -2.4850500e-01   2.1886400e-01
  -2.9894300e-01   1.5721400e-01
  -3.2827700e-01   7.9873499e-02
  -3.3120300e-01  -4.8203099e-04
  -3.1229700e-01  -7.1382899e-02
  -2.8225800e-01  -1.2779500e-01
  -2.4999200e-01  -1.7370600e-01
  -2.1654600e-01  -2.1697500e-01
  -1.7542700e-01  -2.6146700e-01
  -1.1900200e-01  -3.0250500e-01
  -4.6047299e-02  -3.2914400e-01
   3.5337200e-02  -3.3158600e-01
   1.1174100e-01  -3.0815000e-01
   1.7241500e-01  -2.6654300e-01
   2.1526400e-01  -2.1849500e-01
   2.4643600e-01  -1.7180200e-01
   2.7391900e-01  -1.2576500e-01
   3.0009200e-01  -7.3397599e-02
   3.1892100e-01  -8.6412499e-03
   3.1995200e-01   6.6978599e-02
   2.9609600e-01   1.4337300e-01
   2.4929200e-01   2.0741100e-01
   1.8978100e-01   2.5084700e-01
   1.2950500e-01   2.7473400e-01
   7.4594099e-02   2.8708500e-01
   2.2559600e-02   2.9564400e-01
  -3.3793900e-02   3.0128300e-01
  -9.8796899e-02   2.9706300e-01
  -1.6852200e-01   2.7366100e-01
  -2.3173700e-01   2.2702400e-01
  -2.7655000e-01   1.6243300e-01
  -2.9779900e-01   9.1867199e-02
  -2.9965500e-01   2.6621900e-02
  -2.9155700e-01  -2.9312100e-02
  -2.8059500e-01  -8.0178099e-02
  -2.6614700e-01  -1.3311000e-01
  -2.4081000e-01  -1.9066900e-01
  -1.9687700e-01  -2.4699900e-01
  -1.3340900e-01  -2.9059600e-01
  -5.8499299e-02  -3.1163000e-01
   1.5049300e-02  -3.0835600e-01
   7.7419699e-02  -2.8779900e-01
   1.2711400e-01  -2.6023800e-01
   1.6999500e-01  -2.3170000e-01
   2.1287200e-01  -2.0011500e-01
   2.5658500e-01  -1.5800600e-01
   2.9390400e-01  -9.9605299e-02
   3.1387200e-01  -2.6931800e-02
   3.0934900e-01   4.9832899e-02
   2.8206900e-01   1.1803200e-01
   2.4141300e-01   1.7005300e-01
   1.9783200e-01   2.0708300e-01
   1.5589300e-01   2.3636400e-01
   1.1215300e-01   2.6411600e-01
   5.9402899e-02   2.8958100e-01
  -6.0321599e-03   3.0472500e-01
  -7.9538599e-02   2.9985500e-01
  -1.4969300e-01   2.7090800e-01
  -2.0492000e-01   2.2288500e-01
  -2.4038100e-01   1.6684200e-01
  -2.5994900e-01   1.1268100e-01
  -2.7189300e-01   6.3161299e-02
  -2.8158800e-01   1.3585000e-02
  -2.8683900e-01  -4.2710499e-02
  -2.7936000e-01  -1.0730200e-01
  -2.5128400e-01  -1.7350200e-01
  -2.0175300e-01  -2.2954300e-01
  -1.3857600e-01  -2.6576200e-01
  -7.3663999e-02  -2.8044300e-01
  -1.5659000e-02  -2.7995100e-01
   3.4745999e-02  -2.7313100e-01
   8.3343399e-02  -2.6425900e-01
   1.3602100e-01  -2.4989500e-01
   1.9238500e-01  -2.2199400e-01
   2.4429900e-01  -1.7489200e-01
   2.8051500e-01  -1.1081600e-01
   2.9394100e-01  -3.9710699e-02
   2.8609700e-01   2.6538700e-02
   2.6544100e-01   8.1195699e-02
   2.4087000e-01   1.2578100e-01
   2.1532500e-01   1.6695800e-01
   1.8432300e-01   2.0966400e-01
   1.4047600e-01   2.5175700e-01
   8.0500899e-02   2.8431400e-01
   9.3610399e-03   2.9738600e-01
  -6.1669099e-02   2.8688200e-01
  -1.2161500e-01   2.5741700e-01
  -1.6616500e-01   2.1897500e-01
  -1.9905700e-01   1.7993300e-01
  -2.2754600e-01   1.4169300e-01
  -2.5547400e-01   9.8945398e-02
  -2.7924300e-01   4.5268599e-02
  -2.8979500e-01  -2.0239300e-02
  -2.7909900e-01  -9.0408599e-02
  -2.4625200e-01  -1.5352100e-01
  -1.9858200e-01  -2.0031500e-01
  -1.4689800e-01  -2.2925000e-01
  -9.8480898e-02  -2.4613000e-01
  -5.3046399e-02  -2.5846200e-01
  -4.6722899e-03  -2.6888000e-01
   5.1873099e-02  -2.7265600e-01
   1.1527900e-01  -2.6118000e-01
   1.7682500e-01  -2.2877500e-01
   2.2523200e-01  -1.7765800e-01
   2.5360900e-01  -1.1727500e-01
   2.6332900e-01  -5.8485599e-02
   2.6195100e-01  -6.9394799e-03
   2.5684200e-01   3.9408299e-02
   2.4934500e-01   8.6863899e-02
   2.3392900e-01   1.3934000e-01
   2.0292300e-01   1.9360900e-01
   1.5322800e-01   2.4012200e-01
   8.9872399e-02   2.6884100e-01
   2.3677500e-02   2.7571200e-01
  -3.5244699e-02   2.6493900e-01
  -8.3318399e-02   2.4538000e-01
  -1.2433000e-01   2.2383600e-01
  -1.6472600e-01   2.0030200e-01
  -2.0704900e-01   1.6876000e-01
  -2.4653700e-01   1.2284500e-01
  -2.7353400e-01   6.2053899e-02
  -2.7991600e-01  -6.2833699e-03
  -2.6469500e-01  -7.0807199e-02
  -2.3460300e-01  -1.2289800e-01
  -1.9922200e-01  -1.6136800e-01
  -1.6435500e-01  -1.9161300e-01
  -1.2862400e-01  -2.1996400e-01
  -8.5814399e-02  -2.4759600e-01
  -3.1105999e-02  -2.6864600e-01
   3.3584499e-02  -2.7401800e-01
   9.9280498e-02  -2.5798600e-01
   1.5494300e-01  -2.2261600e-01
   1.9408000e-01  -1.7666600e-01
   2.1803600e-01  -1.2978400e-01
   2.3357200e-01  -8.6371999e-02
   2.4662700e-01  -4.3696499e-02
   2.5705500e-01   4.3969999e-03
   2.5833900e-01   6.1071399e-02
   2.4250300e-01   1.2232200e-01
   2.0649100e-01   1.7826700e-01
   1.5517400e-01   2.1899700e-01
   9.8675998e-02   2.4061400e-01
   4.6026599e-02   2.4696000e-01
  -1.2226200e-04   2.4579800e-01
  -4.3788499e-02   2.4238700e-01
  -9.0834298e-02   2.3534400e-01
  -1.4276800e-01   2.1791300e-01
  -1.9394200e-01   1.8366500e-01
  -2.3433400e-01   1.3227100e-01
  -2.5585800e-01   7.0942399e-02
  -2.5747100e-01   1.0407300e-02
  -2.4528100e-01  -4.1584399e-02
  -2.2759900e-01  -8.4382299e-02
  -2.0871700e-01  -1.2315300e-01
  -1.8611300e-01  -1.6326200e-01
  -1.5316600e-01  -2.0465400e-01
  -1.0526800e-01  -2.4055500e-01
  -4.4660899e-02  -2.6152200e-01
   1.9726600e-02  -2.6181400e-01
   7.7368699e-02  -2.4328500e-01
   1.2237400e-01  -2.1389800e-01
   1.5622200e-01  -1.8198300e-01
   1.8502000e-01  -1.5059300e-01
   2.1345000e-01  -1.1619200e-01
   2.4005400e-01  -7.2599799e-02
   2.5746400e-01  -1.7150500e-02
   2.5744100e-01   4.5680199e-02
   2.3690900e-01   1.0597600e-01
   2.0043300e-01   1.5419400e-01
   1.5726500e-01   1.8674800e-01
   1.1519300e-01   2.0722700e-01
   7.5800699e-02   2.2240000e-01
   3.4675199e-02   2.3609700e-01
  -1.3675000e-02   2.4565400e-01
  -7.0001599e-02   2.4362400e-01
  -1.2806900e-01   2.2345600e-01
  -1.7774900e-01   1.8484100e-01
  -2.1116400e-01   1.3465200e-01
  -2.2731300e-01   8.2765999e-02
  -2.3172200e-01   3.5871099e-02
  -2.3146800e-01  -6.0886199e-03
  -2.2937400e-01  -4.8234499e-02
  -2.2179700e-01  -9.5192598e-02
  -2.0166000e-01  -1.4594600e-01
  -1.6442300e-01  -1.9306500e-01
  -1.1242300e-01  -2.2695500e-01
  -5.4276099e-02  -2.4195300e-01
   2.4572600e-04  -2.3971600e-01
   4.6050799e-02  -2.2738100e-01
   8.4919098e-02  -2.1193000e-01
   1.2248700e-01  -1.9504400e-01
   1.6239100e-01  -1.7232600e-01
   2.0208600e-01  -1.3744400e-01
   2.3354900e-01  -8.8010798e-02
   2.4838500e-01  -2.8697499e-02
   2.4350000e-01   3.0826099e-02
   2.2308400e-01   8.1615298e-02
   1.9541900e-01   1.2057600e-01
   1.6696100e-01   1.5119100e-01
   1.3813600e-01   1.7938300e-01
   1.0401800e-01   2.0772500e-01
   5.9296699e-02   2.3244200e-01
   3.7153699e-03   2.4550300e-01
  -5.6194799e-02   2.4024700e-01
  -1.1046200e-01   2.1629700e-01
  -1.5162500e-01   1.8004400e-01
  -1.7885200e-01   1.4035600e-01
  -1.9718900e-01   1.0272200e-01
  -2.1258400e-01   6.6245899e-02
  -2.2650600e-01   2.5686100e-02
  -2.3427900e-01  -2.3069700e-02
  -2.2839200e-01  -7.8317399e-02
  -2.0428900e-01  -1.3224900e-01
  -1.6423300e-01  -1.7533800e-01
  -1.1632500e-01  -2.0214600e-01
  -6.9385399e-02  -2.1420100e-01
  -2.7539299e-02  -2.1785800e-01
   1.1452700e-02  -2.1879700e-01
   5.2941299e-02  -2.1737200e-01
   9.9752798e-02  -2.0833500e-01
   1.4851300e-01  -1.8513200e-01
   1.9077400e-01  -1.4549300e-01
   2.1814100e-01  -9.4051598e-02
   2.2757100e-01  -3.9990299e-02
   2.2287500e-01   8.5580498e-03
   2.1134600e-01   4.9162799e-02
   1.9808800e-01   8.5359698e-02
   1.8235000e-01   1.2240900e-01
   1.5862500e-01   1.6184200e-01
   1.2163700e-01   1.9898400e-01
   7.1399799e-02   2.2538700e-01
   1.4473500e-02   2.3435500e-01
  -3.9580399e-02   2.2542100e-01
  -8.3914998e-02   2.0442300e-01
  -1.1802400e-01   1.7913400e-01
  -1.4661500e-01   1.5376900e-01
  -1.7466100e-01   1.2651000e-01
  -2.0244800e-01   9.1863998e-02
  -2.2441800e-01   4.6031599e-02
  -2.3270700e-01  -8.8575698e-03
  -2.2272500e-01  -6.4889799e-02
  -1.9656500e-01  -1.1284300e-01
  -1.6167000e-01  -1.4766600e-01
  -1.2577300e-01  -1.7087700e-01
  -9.1912498e-02  -1.8814500e-01
  -5.7260899e-02  -2.0396100e-01
  -1.6579500e-02  -2.1746200e-01
   3.2378499e-02  -2.2262500e-01
   8.5678598e-02  -2.1266500e-01
   1.3469900e-01  -1.8532500e-01
   1.7123500e-01  -1.4503300e-01
   1.9240200e-01  -1.0029200e-01
   2.0169500e-01  -5.8253099e-02
   2.0546400e-01  -2.0535500e-02
   2.0751400e-01   1.6604200e-02
   2.0596100e-01   5.7957099e-02
   1.9470900e-01   1.0424600e-01
   1.6842500e-01   1.5014500e-01
   1.2721700e-01   1.8698800e-01
   7.7452898e-02   2.0816500e-01
   2.8063599e-02   2.1316700e-01
  -1.4902200e-02   2.0726800e-01
  -5.1418299e-02   1.9713700e-01
  -8.6009398e-02   1.8570900e-01
  -1.2286200e-01   1.7021400e-01
  -1.6129300e-01   1.4483200e-01
  -1.9505700e-01   1.0591000e-01
  -2.1607100e-01   5.5777199e-02
  -2.1975600e-01   2.2011200e-03
  -2.0799700e-01  -4.6122199e-02
  -1.8751200e-01  -8.4701898e-02
  -1.6487600e-01  -1.1518300e-01
  -1.4198000e-01  -1.4269300e-01
  -1.1532000e-01  -1.7068900e-01
  -7.9628898e-02  -1.9726000e-01
  -3.3027799e-02  -2.1573600e-01
   2.0244100e-02  -2.1915400e-01
   7.1641799e-02  -2.0523000e-01
   1.1334900e-01  -1.7807800e-01
   1.4278100e-01  -1.4539700e-01
   1.6322200e-01  -1.1323800e-01
   1.8017800e-01  -8.2300598e-02
   1.9627200e-01  -4.8503899e-02
   2.0859200e-01  -7.3439498e-03
   2.1050400e-01   4.1329799e-02
   1.9658800e-01   9.1793498e-02
   1.6692600e-01   1.3538700e-01
   1.2752500e-01   1.6574000e-01
   8.6516198e-02   1.8238900e-01
   4.9002399e-02   1.9010300e-01
   1.4393400e-02   1.9449600e-01
  -2.1808400e-02   1.9727900e-01
  -6.3201999e-02   1.9477200e-01
  -1.0836500e-01   1.8079700e-01
  -1.5059600e-01   1.5173900e-01
  -1.8176000e-01   1.0994200e-01
  -1.9738000e-01   6.2819199e-02
  -1.9916300e-01   1.8346500e-02
  -1.9309600e-01  -1.9705900e-02
  -1.8459500e-01  -5.3253199e-02
  -1.7439800e-01  -8.7038898e-02
  -1.5829600e-01  -1.2367800e-01
  -1.3089600e-01  -1.6041700e-01
  -9.0509998e-02  -1.9011200e-01
  -4.1456899e-02  -2.0572600e-01
   8.0239598e-03  -2.0496500e-01
   5.0698199e-02  -1.9158800e-01
   8.4432398e-02  -1.7242700e-01
   1.1242800e-01  -1.5237900e-01
   1.3948900e-01  -1.3116600e-01
   1.6722000e-01  -1.0427700e-01
   1.9183200e-01  -6.7341399e-02
   2.0626600e-01  -2.0564400e-02
   2.0503300e-01   3.0176699e-02
   1.8813400e-01   7.6450798e-02
   1.6111000e-01   1.1229900e-01
   1.3117900e-01   1.3742000e-01
   1.0239800e-01   1.5617700e-01
   7.3458498e-02   1.7323800e-01
   3.9754499e-02   1.8920400e-01
  -1.9156000e-03   1.9957800e-01
  -4.9625799e-02   1.9785200e-01
  -9.6451198e-02   1.8039700e-01
  -1.3440000e-01   1.4944200e-01
  -1.5922500e-01   1.1188700e-01
  -1.7252400e-01   7.4840598e-02
  -1.7960900e-01   4.1220799e-02
  -1.8479800e-01   8.7130998e-03
  -1.8773200e-01  -2.7201099e-02
  -1.8352300e-01  -6.8498798e-02
  -1.6660100e-01  -1.1180800e-01
  -1.3534800e-01  -1.4971800e-01
  -9.3975698e-02  -1.7525300e-01
  -5.0226599e-02  -1.8617600e-01
  -1.0584100e-02  -1.8591200e-01
   2.3409799e-02  -1.8042400e-01
   5.5011899e-02  -1.7346200e-01
   8.8488698e-02  -1.6376900e-01
   1.2461400e-01  -1.4636200e-01
   1.5892100e-01  -1.1688800e-01
   1.8407000e-01  -7.5726198e-02
   1.9457900e-01  -2.8689099e-02
   1.9036600e-01   1.6226500e-02
   1.7646100e-01   5.3638499e-02
   1.5912100e-01   8.3543598e-02
   1.4130800e-01   1.1002400e-01
   1.2094300e-01   1.3694400e-01
   9.3208798e-02   1.6396000e-01
   5.5135299e-02   1.8589500e-01
   8.9350398e-03   1.9599400e-01
  -3.8472599e-02   1.9061200e-01
  -7.9433898e-02   1.7179400e-01
  -1.1007300e-01   1.4583000e-01
  -1.3198700e-01   1.1885900e-01
  -1.4991000e-01   9.2863598e-02
  -1.6717000e-01   6.5028399e-02
  -1.8242900e-01   3.0916399e-02
  -1.9019100e-01  -1.1008200e-02
  -1.8472000e-01  -5.6983199e-02
  -1.6438800e-01  -9.9541798e-02
  -1.3317700e-01  -1.3193500e-01
  -9.8183298e-02  -1.5208800e-01
  -6.5009898e-02  -1.6314800e-01
  -3.4491599e-02  -1.7027300e-01
  -3.1876999e-03  -1.7612800e-01
   3.2795699e-02  -1.7852900e-01
   7.3608298e-02  -1.7203200e-01
   1.1431500e-01  -1.5223500e-01
   1.4747500e-01  -1.1955200e-01
   1.6772300e-01  -7.9554898e-02
   1.7494500e-01  -3.9633899e-02
   1.7367100e-01  -4.4466099e-03
   1.6920300e-01   2.6428099e-02
   1.6342800e-01   5.6928899e-02
   1.5348400e-01   9.0286698e-02
   1.3428900e-01   1.2539700e-01
   1.0297300e-01   1.5658200e-01
   6.1852099e-02   1.7696400e-01
   1.7635100e-02   1.8292500e-01
  -2.2542899e-02   1.7631800e-01
  -5.5321199e-02   1.6277600e-01
  -8.2417798e-02   1.4743500e-01
  -1.0811600e-01   1.3130100e-01
  -1.3490400e-01   1.1100000e-01
  -1.6061300e-01   8.2061998e-02
  -1.7926800e-01   4.3218399e-02
  -1.8501800e-01  -1.5905300e-03
  -1.7620800e-01  -4.5050799e-02
  -1.5651100e-01  -8.0807998e-02
  -1.3229100e-01  -1.0706900e-01
  -1.0818700e-01  -1.2680500e-01
  -8.4247898e-02  -1.4446600e-01
  -5.6745799e-02  -1.6174600e-01
  -2.2007299e-02  -1.7564200e-01
   1.9692600e-02  -1.8030100e-01
   6.3167898e-02  -1.7125900e-01
   1.0106300e-01  -1.4887600e-01
   1.2826900e-01  -1.1836000e-01
   1.4471800e-01  -8.6361498e-02
   1.5450500e-01  -5.6703099e-02
   1.6204000e-01  -2.8430499e-02
   1.6819600e-01   2.3819399e-03
   1.6937800e-01   3.8502099e-02
   1.6022700e-01   7.8267998e-02
   1.3789200e-01   1.1569700e-01
   1.0464700e-01   1.4393800e-01
   6.6826298e-02   1.5948800e-01
   3.0893599e-02   1.6404000e-01
  -4.3450699e-04   1.6258900e-01
  -2.9115899e-02   1.5928000e-01
  -5.9123799e-02   1.5416000e-01
  -9.2274298e-02   1.4328000e-01
  -1.2575400e-01   1.2206700e-01
  -1.5326000e-01   8.9377898e-02
  -1.6892700e-01   4.9148899e-02
  -1.7109700e-01   8.3548598e-03
  -1.6311500e-01  -2.7201599e-02
  -1.5057800e-01  -5.6135199e-02
  -1.3713300e-01  -8.1356098e-02
  -1.2200600e-01  -1.0673700e-01
  -1.0111700e-01  -1.3314900e-01
  -7.0887598e-02  -1.5691200e-01
  -3.1837699e-02  -1.7186900e-01
   1.0797700e-02  -1.7352300e-01
   4.9935399e-02  -1.6214600e-01
   8.0862598e-02  -1.4250500e-01
   1.0366800e-01  -1.2043700e-01
   1.2210200e-01  -9.8856798e-02
   1.3978700e-01  -7.6202198e-02
   1.5669800e-01  -4.8450999e-02
   1.6859700e-01  -1.3138400e-02
   1.6988300e-01   2.7714299e-02
   1.5769200e-01   6.8019898e-02
   1.3415900e-01   1.0111600e-01
   1.0512500e-01   1.2372900e-01
   7.6270598e-02   1.3746300e-01
   4.9568199e-02   1.4673200e-01
   2.2715599e-02   1.5476100e-01
  -8.0850698e-03   1.6070100e-01
  -4.4154299e-02   1.6006300e-01
  -8.2227598e-02   1.4814000e-01
  -1.1585300e-01   1.2381900e-01
  -1.3927100e-01   9.0889498e-02
  -1.5088800e-01   5.5835099e-02
  -1.5375100e-01   2.3773799e-02
  -1.5270600e-01  -4.4311099e-03
  -1.5042900e-01  -3.1745699e-02
  -1.4534300e-01  -6.1608398e-02
  -1.3298400e-01  -9.4238298e-02
  -1.0978200e-01  -1.2545100e-01
  -7.6357098e-02  -1.4891500e-01
  -3.7816899e-02  -1.6017500e-01
  -8.0605898e-04  -1.5942600e-01
   3.0495899e-02  -1.5097200e-01
   5.6445299e-02  -1.3980900e-01
   8.0562898e-02  -1.2792500e-01
   1.0581800e-01  -1.1311300e-01
   1.3142900e-01  -9.1177298e-02
   1.5265000e-01  -5.9820598e-02
   1.6371500e-01  -2.1243999e-02
   1.6175600e-01   1.8548900e-02
   1.4872600e-01   5.3247799e-02
   1.2990300e-01   7.9928998e-02
   1.1011800e-01   1.0020200e-01
   9.0538498e-02   1.1799900e-01
   6.8442198e-02   1.3572800e-01
   4.0088299e-02   1.5175300e-01
   4.4870099e-03   1.6112100e-01
  -3.4838799e-02   1.5900900e-01
  -7.1467598e-02   1.4428400e-01
  -9.9887497e-02   1.2048900e-01
  -1.1866100e-01   9.3509398e-02
  -1.3059800e-01   6.7681598e-02
  -1.3986100e-01   4.3256799e-02
  -1.4822500e-01   1.7108200e-02
  -1.5336500e-01  -1.3910000e-02
  -1.5045600e-01  -4.9541199e-02
  -1.3589100e-01  -8.5279498e-02
  -1.1028100e-01  -1.1477500e-01
  -7.8469298e-02  -1.3371200e-01
  -4.6527199e-02  -1.4225800e-01
  -1.7985200e-02  -1.4428100e-01
   7.8856498e-03  -1.4396100e-01
   3.4494599e-02  -1.4238400e-01
   6.4302898e-02  -1.3670600e-01
   9.5944497e-02  -1.2251900e-01
   1.2431600e-01  -9.7593797e-02
   1.4360200e-01  -6.4160998e-02
   1.5097600e-01  -2.7976999e-02
   1.4821200e-01   5.1461299e-03
   1.4000700e-01   3.2752699e-02
   1.3032300e-01   5.6563898e-02
   1.1950900e-01   8.0141098e-02
   1.0437800e-01   1.0521400e-01
   8.1160098e-02   1.2950000e-01
   4.9051999e-02   1.4769500e-01
   1.1660500e-02   1.5491500e-01
  -2.4795199e-02   1.4999900e-01
  -5.5189998e-02   1.3619700e-01
  -7.8347598e-02   1.1873500e-01
  -9.6932697e-02   1.0111200e-01
  -1.1451700e-01   8.2911998e-02
  -1.3208600e-01   6.0766298e-02
  -1.4666600e-01   3.1695999e-02
  -1.5313100e-01  -3.7345699e-03
  -1.4783100e-01  -4.0879599e-02
  -1.3130900e-01  -7.3531498e-02
  -1.0804900e-01  -9.7629397e-02
  -8.3451398e-02  -1.1339300e-01
  -6.0315498e-02  -1.2431700e-01
  -3.7454399e-02  -1.3382900e-01
  -1.1462000e-02  -1.4218400e-01
   1.9762099e-02  -1.4595700e-01
   5.4439598e-02  -1.4052400e-01
   8.7280498e-02  -1.2366400e-01
   1.1254900e-01  -9.7527897e-02
   1.2754200e-01  -6.7495398e-02
   1.3389100e-01  -3.8761399e-02
   1.3574100e-01  -1.3212200e-02
   1.3621500e-01   1.1085000e-02
   1.3486700e-01   3.7442599e-02
   1.2804800e-01   6.7060198e-02
   1.1190400e-01   9.7169097e-02
   8.5708698e-02   1.2225400e-01
   5.3005498e-02   1.3745600e-01
   1.9662099e-02   1.4162100e-01
  -9.7103497e-03   1.3769900e-01
  -3.4301199e-02   1.3024400e-01
  -5.6730498e-02   1.2191000e-01
  -8.0098098e-02   1.1159400e-01
  -1.0473300e-01   9.5638797e-02
  -1.2714700e-01   7.1131698e-02
  -1.4200300e-01   3.8798499e-02
  -1.4564600e-01   3.2579999e-03
  -1.3853100e-01  -2.9576799e-02
  -1.2473400e-01  -5.6020398e-02
  -1.0893600e-01  -7.6437298e-02
  -9.3155697e-02  -9.4034597e-02
  -7.5694898e-02  -1.1159100e-01
  -5.3062498e-02  -1.2863500e-01
  -2.3386199e-02  -1.4124600e-01
   1.1309800e-02  -1.4463200e-01
   4.5717099e-02  -1.3655500e-01
   7.4317498e-02  -1.1901800e-01
   9.4629397e-02  -9.6938197e-02
   1.0821200e-01  -7.4809198e-02
   1.1871800e-01  -5.3873798e-02
   1.2850100e-01  -3.1904299e-02
   1.3639000e-01  -5.7235098e-03
   1.3831400e-01   2.5487999e-02
   1.3031800e-01   5.8643198e-02
   1.1168100e-01   8.8165297e-02
   8.5771697e-02   1.0933300e-01
   5.7989698e-02   1.2105700e-01
   3.2328999e-02   1.2602500e-01
   9.1431197e-03   1.2815000e-01
  -1.4242500e-02   1.2926800e-01
  -4.0580299e-02   1.2762100e-01
  -6.9693198e-02   1.1924600e-01
  -9.7725397e-02   1.0123200e-01
  -1.1925200e-01   7.4349498e-02
  -1.3067900e-01   4.3049999e-02
  -1.3239200e-01   1.2818700e-02
  -1.2805400e-01  -1.3144800e-02
  -1.2162000e-01  -3.5444099e-02
  -1.1432300e-01  -5.7100298e-02
  -1.0393400e-01  -8.0361198e-02
  -8.6818897e-02  -1.0416500e-01
  -6.1224198e-02  -1.2421100e-01
  -2.9273299e-02  -1.3561100e-01
   3.8618499e-03  -1.3613300e-01
   3.3014599e-02  -1.2760400e-01
   5.6026598e-02  -1.1443100e-01
   7.4470598e-02  -1.0036800e-01
   9.1594097e-02  -8.5971797e-02
   1.0908600e-01  -6.8663798e-02
   1.2515100e-01  -4.5305999e-02
   1.3536800e-01  -1.5321300e-02
   1.3570600e-01   1.8045599e-02
   1.2541500e-01   4.9309099e-02
   1.0762000e-01   7.4001698e-02
   8.7172897e-02   9.1182997e-02
   6.7379098e-02   1.0334200e-01
   4.8067099e-02   1.1381200e-01
   2.6422999e-02   1.2369000e-01
  -7.8083498e-05   1.3061600e-01
  -3.0902899e-02   1.3035300e-01
  -6.1987398e-02   1.1996000e-01
  -8.7949097e-02   1.0017100e-01
  -1.0534400e-01   7.5163098e-02
  -1.1453900e-01   4.9891098e-02
  -1.1881900e-01   2.6978299e-02
  -1.2144200e-01   5.4965598e-03
  -1.2289500e-01  -1.7489299e-02
  -1.2043400e-01  -4.3825099e-02
  -1.1025800e-01  -7.2003598e-02
  -9.0655297e-02  -9.7483697e-02
  -6.3728398e-02  -1.1537900e-01
  -3.4382999e-02  -1.2351000e-01
  -7.3173998e-03  -1.2354000e-01
   1.5730200e-02  -1.1936700e-01
   3.6434899e-02  -1.1399900e-01
   5.7742498e-02  -1.0730900e-01
   8.0797497e-02  -9.6339497e-02
   1.0330600e-01  -7.7923598e-02
   1.2060300e-01  -5.1610798e-02
   1.2863300e-01  -2.0659999e-02
   1.2662300e-01   9.6741097e-03
   1.1742300e-01   3.5293799e-02
   1.0529900e-01   5.5497498e-02
   9.2834997e-02   7.2655698e-02
   7.9296498e-02   8.9613597e-02
   6.1667698e-02   1.0682800e-01
   3.7548099e-02   1.2143700e-01
   7.6871298e-03   1.2898300e-01
  -2.3794599e-02   1.2650100e-01
  -5.1691398e-02   1.1464800e-01
  -7.2809298e-02   9.7259097e-02
  -8.7566997e-02   7.8687698e-02
  -9.8931597e-02   6.0920598e-02
  -1.0953500e-01   4.2639799e-02
  -1.1918800e-01   2.0906399e-02
  -1.2468500e-01  -5.8475398e-03
  -1.2206700e-01  -3.5817699e-02
  -1.0962100e-01  -6.4366198e-02
  -8.9346097e-02  -8.6721597e-02
  -6.5781798e-02  -1.0083000e-01
  -4.3066999e-02  -1.0823400e-01
  -2.2440599e-02  -1.1235200e-01
  -2.0426699e-03  -1.1548800e-01
   2.0874799e-02  -1.1686400e-01
   4.7042098e-02  -1.1315300e-01
   7.3808098e-02  -1.0112200e-01
   9.6381997e-02  -8.0359097e-02
   1.1076800e-01  -5.4022798e-02
   1.1620000e-01  -2.7017599e-02
   1.1526500e-01  -2.9699399e-03
   1.1164100e-01   1.7743499e-02
   1.0719700e-01   3.7461899e-02
   1.0063200e-01   5.8647598e-02
   8.8693497e-02   8.1239197e-02
   6.9027698e-02   1.0198800e-01
   4.2480499e-02   1.1630300e-01
   1.3093500e-02   1.2123600e-01
  -1.4229200e-02   1.1735500e-01
  -3.6642799e-02   1.0812600e-01
  -5.4698798e-02   9.7271397e-02
  -7.1126298e-02   8.6112197e-02
  -8.8024097e-02   7.2903098e-02
  -1.0462400e-01   5.4631798e-02
  -1.1734600e-01   2.9898799e-02
  -1.2211500e-01   6.6685798e-04
  -1.1720500e-01  -2.8469399e-02
  -1.0446600e-01  -5.2970198e-02
  -8.8007597e-02  -7.0991198e-02
  -7.1351198e-02  -8.4017097e-02
  -5.5181898e-02  -9.5050297e-02
  -3.7389199e-02  -1.0576200e-01
  -1.5327899e-02  -1.1478800e-01
   1.1445000e-02  -1.1847600e-01
   4.0063499e-02  -1.1352000e-01
   6.5741098e-02  -9.9498297e-02
   8.4634497e-02  -7.9380497e-02
   9.6045697e-02  -5.7632598e-02
   1.0233200e-01  -3.7331399e-02
   1.0662600e-01  -1.8456199e-02
   1.1011700e-01   1.3835300e-03
   1.1096900e-01   2.4374899e-02
   1.0569400e-01   5.0068298e-02
   9.1932697e-02   7.4959097e-02
   7.0537098e-02   9.4428997e-02
   4.5358398e-02   1.0560400e-01
   2.0893899e-02   1.0899200e-01
  -4.4916898e-04   1.0769700e-01
  -1.9434299e-02   1.0481300e-01
  -3.8640799e-02   1.0100600e-01
  -5.9741198e-02   9.4095197e-02
  -8.1508397e-02   8.0951497e-02
  -1.0009000e-01   6.0256798e-02
  -1.1136500e-01   3.4013499e-02
  -1.1362100e-01   6.6469098e-03
  -1.0854000e-01  -1.7643699e-02
  -9.9780897e-02  -3.7309499e-02
  -9.0220697e-02  -5.3852198e-02
  -7.9967297e-02  -6.9940398e-02
  -6.6618098e-02  -8.6704397e-02
  -4.7553998e-02  -1.0229100e-01
  -2.2504999e-02  -1.1279100e-01
   5.5815098e-03  -1.1485400e-01
   3.2049699e-02  -1.0802500e-01
   5.3308198e-02  -9.5038497e-02
   6.8799298e-02  -7.9865997e-02
   8.0711997e-02  -6.4983998e-02
   9.1694797e-02  -4.9924298e-02
   1.0233100e-01  -3.2176399e-02
   1.1031100e-01  -9.7283697e-03
   1.1193800e-01   1.6709699e-02
   1.0483200e-01   4.3511098e-02
   8.9790097e-02   6.6141998e-02
   7.0392498e-02   8.1882197e-02
   5.0651198e-02   9.1228997e-02
   3.2466799e-02   9.6957097e-02
   1.4795699e-02   1.0157700e-01
  -4.8765498e-03   1.0513600e-01
  -2.7906999e-02   1.0504400e-01
  -5.2736698e-02   9.8042197e-02
  -7.5360897e-02   8.2833997e-02
  -9.1699397e-02   6.1368198e-02
  -1.0009800e-01   3.7798299e-02
  -1.0209400e-01   1.5890499e-02
  -1.0089900e-01  -3.1795199e-03
  -9.8760297e-02  -2.1006599e-02
  -9.5215397e-02  -4.0014899e-02
  -8.7555897e-02  -6.0902798e-02
  -7.3136397e-02  -8.1439897e-02
  -5.1766798e-02  -9.7553197e-02
  -2.6360099e-02  -1.0590000e-01
  -1.3276000e-03  -1.0600300e-01
   2.0085599e-02  -1.0034600e-01
   3.7537699e-02  -9.2383897e-02
   5.3122198e-02  -8.3976697e-02
   6.9086698e-02  -7.4184897e-02
   8.5502297e-02  -6.0330798e-02
   9.9672296e-02  -4.0493499e-02
   1.0774800e-01  -1.5528099e-02
   1.0734000e-01   1.0942500e-02
   9.9162996e-02   3.4580899e-02
   8.6479597e-02   5.2905198e-02
   7.2768097e-02   6.6464498e-02
   5.9379798e-02   7.7765497e-02
   4.4941498e-02   8.8799097e-02
   2.6930499e-02   9.9066996e-02
   4.2006598e-03   1.0562000e-01
  -2.1482299e-02   1.0508500e-01
  -4.6083598e-02   9.6159197e-02
  -6.5660498e-02   8.0674797e-02
  -7.8681897e-02   6.2438398e-02
  -8.6582197e-02   4.4715098e-02
  -9.2164397e-02   2.8246099e-02
  -9.7086796e-02   1.1276400e-02
  -1.0035700e-01  -8.4624397e-03
  -9.8975196e-02  -3.1349099e-02
  -9.0245097e-02  -5.4897698e-02
  -7.3990297e-02  -7.4976597e-02
  -5.2997598e-02  -8.8321697e-02
  -3.1340999e-02  -9.4468097e-02
  -1.1839100e-02  -9.5665397e-02
   5.4526498e-03  -9.4864997e-02
   2.2606799e-02  -9.3322297e-02
   4.1562798e-02  -8.9633597e-02
   6.1986998e-02  -8.0932097e-02
   8.0900297e-02  -6.5326598e-02
   9.4379397e-02  -4.3721398e-02
   1.0006300e-01  -1.9625499e-02
   9.8586196e-02   2.9204299e-03
   9.2878497e-02   2.1754799e-02
   8.5869397e-02   3.7547299e-02
   7.8347297e-02   5.2608898e-02
   6.8584297e-02   6.8496597e-02
   5.3995298e-02   8.4256297e-02
   3.3555299e-02   9.6657296e-02
   9.1224997e-03   1.0225600e-01
  -1.5354199e-02   9.9741496e-02
  -3.6166399e-02   9.0797097e-02
  -5.1978398e-02   7.8840097e-02
  -6.4179398e-02   6.6594098e-02
  -7.5224297e-02   5.4327798e-02
  -8.6250897e-02   4.0075199e-02
  -9.5800996e-02   2.1644799e-02
  -1.0062800e-01  -1.1290800e-03
  -9.7986396e-02  -2.5625299e-02
  -8.7675597e-02  -4.7762698e-02
  -7.2293897e-02  -6.4437298e-02
  -5.5511198e-02  -7.5251197e-02
  -3.9660299e-02  -8.2257597e-02
  -2.4454199e-02  -8.7944397e-02
  -7.7728297e-03  -9.3007297e-02
   1.2107400e-02  -9.5612096e-02
   3.4559999e-02  -9.2708697e-02
   5.6436298e-02  -8.2400097e-02
   7.3829397e-02  -6.5568598e-02
   8.4462397e-02  -4.5522998e-02
   8.8918497e-02  -2.5924499e-02
   8.9808797e-02  -8.5444497e-03
   8.9529797e-02   7.4728597e-03
   8.8322797e-02   2.4318899e-02
   8.4106397e-02   4.3211198e-02
   7.4202997e-02   6.2844598e-02
   5.7639898e-02   7.9801297e-02
   3.6271999e-02   9.0628697e-02
   1.3860899e-02   9.4032996e-02
  -6.2072298e-03   9.1546897e-02
  -2.2863699e-02   8.6185897e-02
  -3.7517399e-02   8.0122097e-02
  -5.2348798e-02   7.3139897e-02
  -6.8060897e-02   6.3032698e-02
  -8.2816597e-02   4.7625298e-02
  -9.3187196e-02   2.6871199e-02
  -9.6406496e-02   3.4166199e-03
  -9.2240296e-02  -1.8812099e-02
  -8.3065297e-02  -3.6953999e-02
  -7.2109697e-02  -5.0740898e-02
  -6.1187098e-02  -6.2085798e-02
  -4.9632098e-02  -7.3074497e-02
  -3.5222499e-02  -8.3910897e-02
  -1.6367199e-02  -9.2389996e-02
   6.1215998e-03  -9.5309396e-02
   2.9038199e-02  -9.0757496e-02
   4.8587898e-02  -7.9551397e-02
   6.2646098e-02  -6.4739797e-02
   7.1789697e-02  -4.9545998e-02
   7.8350097e-02  -3.5299899e-02
   8.4233297e-02  -2.0905399e-02
   8.9176797e-02  -4.2191798e-03
   9.0773896e-02   1.5731499e-02
   8.6248897e-02   3.7399799e-02
   7.4637597e-02   5.7283198e-02
   5.7719098e-02   7.1996497e-02
   3.8988098e-02   8.0307697e-02
   2.1436099e-02   8.3620997e-02
   5.8032298e-03   8.4566497e-02
  -9.4028896e-03   8.4783797e-02
  -2.6166699e-02   8.3587997e-02
  -4.4851798e-02   7.8527197e-02
  -6.3341498e-02   6.7403397e-02
  -7.8106397e-02   5.0215098e-02
  -8.6408897e-02   2.9540999e-02
  -8.7996097e-02   9.0609496e-03
  -8.5018797e-02  -8.6831497e-03
  -8.0255197e-02  -2.3616799e-02
  -7.4994297e-02  -3.7576299e-02
  -6.8179397e-02  -5.2320998e-02
  -5.7451298e-02  -6.7648197e-02
  -4.1284198e-02  -8.1061097e-02
  -2.0580599e-02  -8.9257996e-02
   1.5000699e-03  -9.0328496e-02
   2.1367199e-02  -8.5008597e-02
   3.7119799e-02  -7.6055497e-02
   4.9384598e-02  -6.6223197e-02
   6.0268798e-02  -5.6371698e-02
   7.1251397e-02  -4.5127898e-02
   8.1631897e-02  -3.0337999e-02
   8.8729796e-02  -1.1186300e-02
   8.9690596e-02   1.0643600e-02
   8.3540197e-02   3.1667299e-02
   7.1935997e-02   4.8648898e-02
   5.8050698e-02   6.0475198e-02
   4.4431398e-02   6.8462797e-02
   3.1443199e-02   7.4895997e-02
   1.7456099e-02   8.0926397e-02
   6.0677998e-04   8.5440397e-02
  -1.9225099e-02   8.5760597e-02
  -3.9747198e-02   7.9650397e-02
  -5.7420498e-02   6.7103397e-02
  -6.9598497e-02   5.0559698e-02
  -7.6044797e-02   3.3380999e-02
  -7.8703997e-02   1.7727299e-02
  -7.9923797e-02   3.4231299e-03
  -8.0489097e-02  -1.1355100e-02
  -7.8964597e-02  -2.8120799e-02
  -7.2841497e-02  -4.6359198e-02
  -6.0612198e-02  -6.3373697e-02
  -4.3193098e-02  -7.5831897e-02
  -2.3609599e-02  -8.1861297e-02
  -5.1673798e-03  -8.2125297e-02
   1.0522300e-02  -7.9085297e-02
   2.4194699e-02  -7.5022697e-02
   3.7797498e-02  -7.0323697e-02
   5.2459098e-02  -6.3323597e-02
   6.7123997e-02  -5.1816098e-02
   7.8907397e-02  -3.5070299e-02
   8.4916896e-02  -1.4812799e-02
   8.4173697e-02   5.5853398e-03
   7.8194397e-02   2.3117499e-02
   6.9801797e-02   3.6850298e-02
   6.1072797e-02   4.8065298e-02
   5.1971998e-02   5.8757698e-02
   4.0692898e-02   6.9654897e-02
   2.5429299e-02   7.9276897e-02
   6.2147297e-03   8.4762496e-02
  -1.4583699e-02   8.3844897e-02
  -3.3508799e-02   7.6486597e-02
  -4.8074798e-02   6.4943697e-02
  -5.8109798e-02   5.2211198e-02
  -6.5391497e-02   4.0023898e-02
  -7.1878197e-02   2.7913199e-02
  -7.7895497e-02   1.4012299e-02
  -8.1665897e-02  -3.0246099e-03
