   1.7027500e+01  -1.4581600e-04
   1.6524700e+01   3.7339500e+00
   1.5118500e+01   7.1743300e+00
   1.2963900e+01   1.0100000e+01
   1.0252600e+01   1.2377300e+01
   7.1646500e+00   1.3939900e+01
   3.8555500e+00   1.4748500e+01
   4.8118600e-01   1.4765200e+01
  -2.7701300e+00   1.3966800e+01
  -5.6725500e+00   1.2385600e+01
  -7.9989300e+00   1.0146500e+01
  -9.5802500e+00   7.4649200e+00
  -1.0350600e+01   4.6022400e+00
  -1.0349000e+01   1.8014000e+00
  -9.6795800e+00  -7.5698300e-01
  -8.4600300e+00  -2.9561200e+00
  -6.7938800e+00  -4.7106100e+00
  -4.7828300e+00  -5.9332300e+00
  -2.5613000e+00  -6.5327400e+00
  -3.1845700e-01  -6.4485200e+00
   1.7188900e+00  -5.6973300e+00
   3.3391300e+00  -4.3957100e+00
   4.4033500e+00  -2.7374400e+00
   4.8716800e+00  -9.3716700e-01
   4.7840200e+00   8.2478400e-01
   4.2132300e+00   2.4237700e+00
   3.2266300e+00   3.7716500e+00
   1.8828600e+00   4.7809300e+00
   2.6186200e-01   5.3473900e+00
  -1.5014200e+00   5.3709600e+00
  -3.2131800e+00   4.8031400e+00
  -4.6584700e+00   3.6871300e+00
  -5.6610100e+00   2.1596000e+00
  -6.1281900e+00   4.0978600e-01
  -6.0546800e+00  -1.3784100e+00
  -5.4873800e+00  -3.0646700e+00
  -4.4815800e+00  -4.5504400e+00
  -3.0822600e+00  -5.7473900e+00
  -1.3427200e+00  -6.5489400e+00
   6.3784300e-01  -6.8343400e+00
   2.6924600e+00  -6.5083500e+00
   4.6045700e+00  -5.5510200e+00
   6.1610800e+00  -4.0418600e+00
   7.2089300e+00  -2.1397800e+00
   7.6810300e+00  -3.1209100e-02
   7.5792400e+00   2.1195200e+00
   6.9331100e+00   4.1869200e+00
   5.7690600e+00   6.0641700e+00
   4.1143300e+00   7.6301800e+00
   2.0310200e+00   8.7378800e+00
  -3.4947700e-01   9.2406700e+00
  -2.8238000e+00   9.0436200e+00
  -5.1552900e+00   8.1456600e+00
  -7.1334100e+00   6.6431800e+00
  -8.6181200e+00   4.6927500e+00
  -9.5444500e+00   2.4585800e+00
  -9.8917900e+00   7.9766000e-02
  -9.6474700e+00  -2.3247800e+00
  -8.7962200e+00  -4.6258800e+00
  -7.3451100e+00  -6.6601900e+00
  -5.3641700e+00  -8.2402900e+00
  -3.0084900e+00  -9.1994200e+00
  -4.9964200e-01  -9.4445600e+00
   1.9269400e+00  -8.9831100e+00
   4.0772900e+00  -7.9065000e+00
   5.8244200e+00  -6.3440600e+00
   7.0940000e+00  -4.4204900e+00
   7.8294100e+00  -2.2447800e+00
   7.9696400e+00   6.7258500e-02
   7.4615100e+00   2.3620200e+00
   6.2996200e+00   4.4410400e+00
   4.5634800e+00   6.0925000e+00
   2.4215600e+00   7.1462100e+00
   9.4198500e-02   7.5185000e+00
  -2.2032300e+00   7.2193700e+00
  -4.3021100e+00   6.3208200e+00
  -6.0849800e+00   4.9122300e+00
  -7.4585900e+00   3.0757800e+00
  -8.3247700e+00   8.9724800e-01
  -8.5786000e+00  -1.5017300e+00
  -8.1409400e+00  -3.9415600e+00
  -7.0040200e+00  -6.1980800e+00
  -5.2566300e+00  -8.0504600e+00
  -3.0683900e+00  -9.3362000e+00
  -6.4121700e-01  -9.9801700e+00
   1.8413300e+00  -9.9825300e+00
   4.2361000e+00  -9.3799900e+00
   6.4260000e+00  -8.2123300e+00
   8.2893200e+00  -6.5198900e+00
   9.6847700e+00  -4.3714300e+00
   1.0471400e+01  -1.8968300e+00
   1.0554200e+01   7.0679300e-01
   9.9259100e+00   3.2078000e+00
   8.6741500e+00   5.3956400e+00
   6.9491800e+00   7.1260600e+00
   4.9132900e+00   8.3301600e+00
   2.7051700e+00   8.9878400e+00
   4.3940200e-01   9.0913300e+00
  -1.7668300e+00   8.6299200e+00
  -3.7685900e+00   7.6084000e+00
  -5.3973200e+00   6.0839400e+00
  -6.4988200e+00   4.1898400e+00
  -6.9827700e+00   2.1226800e+00
  -6.8510600e+00   9.5547400e-02
  -6.1861400e+00  -1.7152300e+00
  -5.1084800e+00  -3.1980300e+00
  -3.7334000e+00  -4.2956000e+00
  -2.1555800e+00  -4.9716900e+00
  -4.6684400e-01  -5.1854600e+00
   1.2136600e+00  -4.8970300e+00
   2.7278700e+00  -4.1012400e+00
   3.9026400e+00  -2.8634700e+00
   4.5985600e+00  -1.3273700e+00
   4.7532000e+00   3.1608600e-01
   4.3909300e+00   1.8813800e+00
   3.5948400e+00   3.2304800e+00
   2.4627300e+00   4.2805900e+00
   1.0787200e+00   4.9796700e+00
  -4.8177900e-01   5.2754500e+00
  -2.1233200e+00   5.1071200e+00
  -3.7066300e+00   4.4298800e+00
  -5.0556100e+00   3.2554900e+00
  -5.9977200e+00   1.6776900e+00
  -6.4147100e+00  -1.3920000e-01
  -6.2718500e+00  -2.0045900e+00
  -5.6087100e+00  -3.7513400e+00
  -4.5015500e+00  -5.2607700e+00
  -3.0268500e+00  -6.4522600e+00
  -1.2522100e+00  -7.2531400e+00
   7.4227100e-01  -7.5792600e+00
   2.8335300e+00  -7.3467200e+00
   4.8461900e+00  -6.5103000e+00
   6.5789600e+00  -5.1016200e+00
   7.8550100e+00  -3.2382700e+00
   8.5659200e+00  -1.0948400e+00
   8.6831200e+00   1.1463400e+00
   8.2336300e+00   3.3336400e+00
   7.2624700e+00   5.3519100e+00
   5.8115200e+00   7.0996100e+00
   3.9301900e+00   8.4627500e+00
   1.7066300e+00   9.3132100e+00
  -7.0897700e-01   9.5391300e+00
  -3.1134200e+00   9.0894400e+00
  -5.2923500e+00   8.0018000e+00
  -7.0717200e+00   6.3937100e+00
  -8.3478800e+00   4.4222400e+00
  -9.0811500e+00   2.2392300e+00
  -9.2641300e+00  -2.9550900e-02
  -8.8930600e+00  -2.2726900e+00
  -7.9665100e+00  -4.3656000e+00
  -6.5122300e+00  -6.1564300e+00
  -4.6199000e+00  -7.4839100e+00
  -2.4505900e+00  -8.2206300e+00
  -2.1018400e-01  -8.3147300e+00
   1.9005300e+00  -7.8021300e+00
   3.7290700e+00  -6.7820500e+00
   5.1833200e+00  -5.3737600e+00
   6.2111400e+00  -3.6847500e+00
   6.7694500e+00  -1.8095300e+00
   6.8114900e+00   1.4630400e-01
   6.3047300e+00   2.0424900e+00
   5.2669200e+00   3.7067100e+00
   3.7916900e+00   4.9692800e+00
   2.0410400e+00   5.7107600e+00
   2.0535100e-01   5.8924400e+00
  -1.5453200e+00   5.5511000e+00
  -3.0893000e+00   4.7644200e+00
  -4.3474100e+00   3.6135300e+00
  -5.2551800e+00   2.1690200e+00
  -5.7410600e+00   5.0710100e-01
  -5.7322400e+00  -1.2621500e+00
  -5.1874100e+00  -2.9826000e+00
  -4.1329100e+00  -4.4726100e+00
  -2.6745200e+00  -5.5704400e+00
  -9.7331500e-01  -6.1771500e+00
   8.0055900e-01  -6.2707500e+00
   2.5072100e+00  -5.8856300e+00
   4.0467100e+00  -5.0757500e+00
   5.3395400e+00  -3.8901100e+00
   6.3000000e+00  -2.3777600e+00
   6.8295000e+00  -6.1501300e-01
   6.8402600e+00   1.2707900e+00
   6.2952900e+00   3.1053600e+00
   5.2364400e+00   4.7034300e+00
   3.7791700e+00   5.9167000e+00
   2.0760700e+00   6.6647300e+00
   2.7272500e-01   6.9316800e+00
  -1.5161800e+00   6.7363600e+00
  -3.1993000e+00   6.1015400e+00
  -4.6826200e+00   5.0469500e+00
  -5.8522000e+00   3.6102300e+00
  -6.5853900e+00   1.8772200e+00
  -6.7877200e+00  -6.1451900e-03
  -6.4318700e+00  -1.8550400e+00
  -5.5714500e+00  -3.4910800e+00
  -4.3199500e+00  -4.7846100e+00
  -2.8090000e+00  -5.6691700e+00
  -1.1543200e+00  -6.1237400e+00
   5.5028500e-01  -6.1414400e+00
   2.2126800e+00  -5.7120000e+00
   3.7183800e+00  -4.8329300e+00
   4.9282900e+00  -3.5403400e+00
   5.7066400e+00  -1.9339800e+00
   5.9639800e+00  -1.7322800e-01
   5.6871300e+00   1.5584200e+00
   4.9365500e+00   3.0999800e+00
   3.8139300e+00   4.3427400e+00
   2.4236300e+00   5.2278000e+00
   8.5415500e-01   5.7199700e+00
  -8.1129500e-01   5.7832600e+00
  -2.4690700e+00   5.3805100e+00
  -3.9807300e+00   4.4995500e+00
  -5.1880200e+00   3.1860600e+00
  -5.9527900e+00   1.5565900e+00
  -6.1978400e+00  -2.2176800e-01
  -5.9226700e+00  -1.9749000e+00
  -5.1857100e+00  -3.5616800e+00
  -4.0680400e+00  -4.8874100e+00
  -2.6454000e+00  -5.8877200e+00
  -9.8728000e-01  -6.5020200e+00
   8.2070600e-01  -6.6624000e+00
   2.6537900e+00  -6.3107300e+00
   4.3484900e+00  -5.4336300e+00
   5.7332900e+00  -4.0895800e+00
   6.6733200e+00  -2.4064400e+00
   7.1018400e+00  -5.4818800e-01
   7.0198900e+00   1.3286700e+00
   6.4686200e+00   3.1020500e+00
   5.4970800e+00   4.6812900e+00
   4.1501200e+00   5.9835900e+00
   2.4835300e+00   6.9149200e+00
   5.9108200e-01   7.3757000e+00
  -1.3820500e+00   7.2920400e+00
  -3.2561100e+00   6.6518900e+00
  -4.8580300e+00   5.5203100e+00
  -6.0628100e+00   4.0217500e+00
  -6.8106800e+00   2.3003700e+00
  -7.0925800e+00   4.8429300e-01
  -6.9196100e+00  -1.3248300e+00
  -6.3022300e+00  -3.0356300e+00
  -5.2555500e+00  -4.5436100e+00
  -3.8256100e+00  -5.7251900e+00
  -2.1135500e+00  -6.4598800e+00
  -2.7490300e-01  -6.6692000e+00
   1.5114000e+00  -6.3464100e+00
   3.0873500e+00  -5.5567500e+00
   4.3468700e+00  -4.4082200e+00
   5.2369500e+00  -3.0132100e+00
   5.7338400e+00  -1.4665800e+00
   5.8173100e+00   1.4842700e-01
   5.4653600e+00   1.7369200e+00
   4.6748500e+00   3.1762700e+00
   3.4917000e+00   4.3259600e+00
   2.0253900e+00   5.0623300e+00
   4.3292900e-01   5.3172000e+00
  -1.1210000e+00   5.0952400e+00
  -2.5036200e+00   4.4596100e+00
  -3.6302000e+00   3.4972600e+00
  -4.4511800e+00   2.2891000e+00
  -4.9260000e+00   9.0456400e-01
  -5.0083900e+00  -5.7993600e-01
  -4.6577000e+00  -2.0583100e+00
  -3.8692400e+00  -3.3914300e+00
  -2.7006400e+00  -4.4321300e+00
  -1.2724100e+00  -5.0659200e+00
   2.6127900e-01  -5.2421300e+00
   1.7542500e+00  -4.9761100e+00
   3.0968500e+00  -4.3239600e+00
   4.2163000e+00  -3.3496800e+00
   5.0550900e+00  -2.1091800e+00
   5.5498700e+00  -6.6023300e-01
   5.6318700e+00   9.1294100e-01
   5.2520900e+00   2.4847300e+00
   4.4143800e+00   3.9000700e+00
   3.1915500e+00   5.0106800e+00
   1.7110300e+00   5.7144500e+00
   1.1778800e-01   5.9738500e+00
  -1.4619500e+00   5.8040000e+00
  -2.9343800e+00   5.2428100e+00
  -4.2253200e+00   4.3270200e+00
  -5.2570400e+00   3.0921300e+00
  -5.9384600e+00   1.5939700e+00
  -6.1813600e+00  -6.8268700e-02
  -5.9342500e+00  -1.7497100e+00
  -5.2108600e+00  -3.2861000e+00
  -4.0924800e+00  -4.5349700e+00
  -2.7014200e+00  -5.4069200e+00
  -1.1631500e+00  -5.8692400e+00
   4.1857900e-01  -5.9240500e+00
   1.9600100e+00  -5.5812000e+00
   3.3768300e+00  -4.8482100e+00
   4.5665800e+00  -3.7450600e+00
   5.4136800e+00  -2.3309800e+00
   5.8186500e+00  -7.1959100e-01
   5.7338000e+00   9.3353700e-01
   5.1813100e+00   2.4671200e+00
   4.2415000e+00   3.7530000e+00
   3.0196300e+00   4.7144900e+00
   1.6143800e+00   5.3165400e+00
   1.0798400e-01   5.5402500e+00
  -1.4195900e+00   5.3650800e+00
  -2.8690000e+00   4.7745100e+00
  -4.1152200e+00   3.7815900e+00
  -5.0274900e+00   2.4537300e+00
  -5.5060400e+00   9.1554100e-01
  -5.5125400e+00  -6.7683500e-01
  -5.0746300e+00  -2.1754900e+00
  -4.2629700e+00  -3.4706900e+00
  -3.1584300e+00  -4.4945600e+00
  -1.8324600e+00  -5.2019800e+00
  -3.5228400e-01  -5.5484700e+00
   1.1976400e+00  -5.4861200e+00
   2.6998400e+00  -4.9834300e+00
   4.0117100e+00  -4.0551300e+00
   4.9971700e+00  -2.7789300e+00
   5.5641000e+00  -1.2843500e+00
   5.6839400e+00   2.8154500e-01
   5.3827200e+00   1.7904800e+00
   4.7124900e+00   3.1496100e+00
   3.7254200e+00   4.2921000e+00
   2.4692000e+00   5.1550000e+00
   1.0041700e+00   5.6665600e+00
  -5.7475400e-01   5.7572600e+00
  -2.1332900e+00   5.3892500e+00
  -3.5195200e+00   4.5836400e+00
  -4.6017700e+00   3.4250100e+00
  -5.2998500e+00   2.0380500e+00
  -5.5911100e+00   5.5103900e-01
  -5.4910500e+00  -9.3088300e-01
  -5.0257800e+00  -2.3277500e+00
  -4.2183200e+00  -3.5666400e+00
  -3.0985400e+00  -4.5632400e+00
  -1.7267500e+00  -5.2224600e+00
  -2.0967200e-01  -5.4625900e+00
   1.3082900e+00  -5.2479700e+00
   2.6772900e+00  -4.6078000e+00
   3.7792900e+00  -3.6272100e+00
   4.5480100e+00  -2.4163700e+00
   4.9617900e+00  -1.0783500e+00
   5.0191900e+00   3.0406500e-01
   4.7188600e+00   1.6577500e+00
   4.0603800e+00   2.8985600e+00
   3.0652900e+00   3.9222100e+00
   1.8006100e+00   4.6191700e+00
   3.8384000e-01   4.9071000e+00
  -1.0386600e+00   4.7601400e+00
  -2.3287700e+00   4.2153400e+00
  -3.3868400e+00   3.3523400e+00
  -4.1580400e+00   2.2610700e+00
  -4.6152900e+00   1.0196700e+00
  -4.7364400e+00  -3.0441400e-01
  -4.4960900e+00  -1.6357400e+00
  -3.8802300e+00  -2.8742000e+00
  -2.9127500e+00  -3.8988000e+00
  -1.6725000e+00  -4.5945100e+00
  -2.8517800e-01  -4.8868200e+00
   1.1076700e+00  -4.7619700e+00
   2.3842100e+00  -4.2603000e+00
   3.4609400e+00  -3.4491700e+00
   4.2861900e+00  -2.3956400e+00
   4.8187900e+00  -1.1578200e+00
   5.0128100e+00   2.0207800e-01
   4.8235000e+00   1.5971800e+00
   4.2319800e+00   2.9087700e+00
   3.2708300e+00   4.0035000e+00
   2.0301900e+00   4.7675300e+00
   6.3756500e-01   5.1368700e+00
  -7.7716800e-01   5.1052700e+00
  -2.1096300e+00   4.7069200e+00
  -3.2861500e+00   3.9887200e+00
  -4.2481200e+00   2.9933600e+00
  -4.9327200e+00   1.7643900e+00
  -5.2696600e+00   3.6671000e-01
  -5.2001100e+00  -1.0974000e+00
  -4.7060100e+00  -2.4936200e+00
  -3.8288800e+00  -3.6837700e+00
  -2.6633000e+00  -4.5611700e+00
  -1.3283200e+00  -5.0715100e+00
   6.5025600e-02  -5.2082000e+00
   1.4297200e+00  -4.9891800e+00
   2.6956400e+00  -4.4348100e+00
   3.7902400e+00  -3.5643300e+00
   4.6271200e+00  -2.4123700e+00
   5.1163300e+00  -1.0506300e+00
   5.1924700e+00   4.0535500e-01
   4.8425000e+00   1.8142300e+00
   4.1136100e+00   3.0431300e+00
   3.0955000e+00   3.9979200e+00
   1.8889400e+00   4.6318300e+00
   5.8168900e-01   4.9307400e+00
  -7.5422600e-01   4.8900600e+00
  -2.0466500e+00   4.5032900e+00
  -3.2064000e+00   3.7717700e+00
  -4.1275600e+00   2.7278700e+00
  -4.7097600e+00   1.4520100e+00
  -4.8899800e+00   6.7406600e-02
  -4.6630100e+00  -1.2877700e+00
  -4.0772600e+00  -2.4947100e+00
  -3.2094600e+00  -3.4742600e+00
  -2.1367200e+00  -4.1831900e+00
  -9.2444500e-01  -4.5941700e+00
   3.6431600e-01  -4.6786700e+00
   1.6498400e+00  -4.4084300e+00
   2.8266400e+00  -3.7759400e+00
   3.7764400e+00  -2.8181800e+00
   4.3985800e+00  -1.6243000e+00
   4.6392500e+00  -3.1860000e-01
   4.5009800e+00   9.7227400e-01
   4.0277300e+00   2.1477500e+00
   3.2776200e+00   3.1411800e+00
   2.3036600e+00   3.9065400e+00
   1.1547800e+00   4.3989100e+00
  -1.0672300e-01   4.5677400e+00
  -1.3889500e+00   4.3710600e+00
  -2.5725700e+00   3.8015600e+00
  -3.5348600e+00   2.9052000e+00
  -4.1825900e+00   1.7771600e+00
  -4.4734400e+00   5.3593100e-01
  -4.4135200e+00  -7.0855600e-01
  -4.0356000e+00  -1.8731000e+00
  -3.3758700e+00  -2.8970000e+00
  -2.4665200e+00  -3.7240000e+00
  -1.3482400e+00  -4.2889200e+00
  -9.0193300e-02  -4.5235100e+00
   1.2016900e+00  -4.3802500e+00
   2.3989300e+00  -3.8582600e+00
   3.3815700e+00  -3.0124100e+00
   4.0677400e+00  -1.9381400e+00
   4.4239100e+00  -7.4144400e-01
   4.4523100e+00   4.8653700e-01
   4.1678500e+00   1.6753100e+00
   3.5836700e+00   2.7618200e+00
   2.7165500e+00   3.6733700e+00
   1.6066500e+00   4.3246300e+00
   3.3424400e-01   4.6353300e+00
  -9.8289600e-01   4.5589000e+00
  -2.2139500e+00   4.1026800e+00
  -3.2476700e+00   3.3257100e+00
  -4.0136800e+00   2.3154300e+00
  -4.4810600e+00   1.1593700e+00
  -4.6396600e+00  -6.9666400e-02
  -4.4814400e+00  -1.3077700e+00
  -3.9979100e+00  -2.4825800e+00
  -3.1962700e+00  -3.5025000e+00
  -2.1211300e+00  -4.2658400e+00
  -8.6327200e-01  -4.6871900e+00
   4.5437600e-01  -4.7252000e+00
   1.7071600e+00  -4.3932300e+00
   2.7972000e+00  -3.7465900e+00
   3.6635000e+00  -2.8561100e+00
   4.2708700e+00  -1.7869300e+00
   4.5905700e+00  -5.9585100e-01
   4.5906100e+00   6.5425500e-01
   4.2455100e+00   1.8784400e+00
   3.5590000e+00   2.9690300e+00
   2.5822200e+00   3.8157600e+00
   1.4118300e+00   4.3360100e+00
   1.6679400e-01   4.4963500e+00
  -1.0425700e+00   4.3121400e+00
  -2.1342900e+00   3.8274200e+00
  -3.0533600e+00   3.0909600e+00
  -3.7550900e+00   2.1457300e+00
  -4.1903800e+00   1.0375800e+00
  -4.3076200e+00  -1.6667400e-01
  -4.0723900e+00  -1.3695900e+00
  -3.4914500e+00  -2.4538800e+00
  -2.6228600e+00  -3.3102000e+00
  -1.5633400e+00  -3.8655500e+00
  -4.2007200e-01  -4.0950700e+00
   7.1529000e-01  -4.0114800e+00
   1.7751000e+00  -3.6425600e+00
   2.7049400e+00  -3.0144900e+00
   3.4467100e+00  -2.1533400e+00
   3.9327200e+00  -1.1017000e+00
   4.0991900e+00   6.5004700e-02
   3.9115900e+00   1.2386600e+00
   3.3845200e+00   2.2993800e+00
   2.5813000e+00   3.1460100e+00
   1.5929900e+00   3.7178700e+00
   5.1039100e-01   3.9954000e+00
  -5.9281800e-01   3.9828900e+00
  -1.6572900e+00   3.6887900e+00
  -2.6221700e+00   3.1196700e+00
  -3.4130200e+00   2.2924000e+00
  -3.9470600e+00   1.2537700e+00
  -4.1556800e+00   9.0258600e-02
  -4.0102500e+00  -1.0829800e+00
  -3.5336400e+00  -2.1497900e+00
  -2.7895800e+00  -3.0208900e+00
  -1.8573800e+00  -3.6456800e+00
  -8.0937600e-01  -4.0031900e+00
   2.9473300e-01  -4.0828900e+00
   1.3963200e+00  -3.8725100e+00
   2.4221400e+00  -3.3635900e+00
   3.2810400e+00  -2.5707900e+00
   3.8801500e+00  -1.5493100e+00
   4.1521000e+00  -3.9501900e-01
   4.0762300e+00   7.7600900e-01
   3.6798000e+00   1.8570300e+00
   3.0196000e+00   2.7713700e+00
   2.1575800e+00   3.4733300e+00
   1.1476900e+00   3.9330500e+00
   4.0985300e-02   4.1205500e+00
  -1.0982100e+00   4.0040500e+00
  -2.1817500e+00   3.5655900e+00
  -3.1050800e+00   2.8227400e+00
  -3.7716400e+00   1.8393000e+00
  -4.1198400e+00   7.1506800e-01
  -4.1357500e+00  -4.4043400e-01
  -3.8445400e+00  -1.5342100e+00
  -3.2886100e+00  -2.5004400e+00
  -2.5091900e+00  -3.2921600e+00
  -1.5441800e+00  -3.8647200e+00
  -4.4166900e-01  -4.1674700e+00
   7.2450300e-01  -4.1532600e+00
   1.8528200e+00  -3.8005200e+00
   2.8316800e+00  -3.1323100e+00
   3.5676500e+00  -2.2176200e+00
   4.0072400e+00  -1.1525800e+00
   4.1395600e+00  -3.3132200e-02
   3.9805300e+00   1.0635000e+00
   3.5527200e+00   2.0788000e+00
   2.8762900e+00   2.9589300e+00
   1.9775100e+00   3.6416900e+00
   9.0621700e-01   4.0585000e+00
  -2.5373500e-01   4.1531900e+00
  -1.3927200e+00   3.9058200e+00
  -2.4002000e+00   3.3448500e+00
  -3.1918000e+00   2.5386900e+00
  -3.7223800e+00   1.5718400e+00
  -3.9791800e+00   5.2175100e-01
  -3.9632400e+00  -5.4957600e-01
  -3.6753100e+00  -1.5865700e+00
  -3.1178300e+00  -2.5249700e+00
  -2.3110900e+00  -3.2864000e+00
  -1.3098600e+00  -3.7907600e+00
  -2.0539500e-01  -3.9806100e+00
   8.9213100e-01  -3.8418000e+00
   1.8813300e+00  -3.4062900e+00
   2.6908600e+00  -2.7356800e+00
   3.2823700e+00  -1.8972500e+00
   3.6368400e+00  -9.4873300e-01
   3.7380000e+00   5.9519000e-02
   3.5675700e+00   1.0701900e+00
   3.1171200e+00   2.0075500e+00
   2.4076900e+00   2.7818000e+00
   1.5009900e+00   3.3098500e+00
   4.9172100e-01   3.5405800e+00
  -5.1638700e-01   3.4681400e+00
  -1.4363100e+00   3.1252700e+00
  -2.2099500e+00   2.5625200e+00
  -2.8018900e+00   1.8286400e+00
  -3.1831900e+00   9.6552600e-01
  -3.3210500e+00   1.8922200e-02
  -3.1844300e+00  -9.4668300e-01
  -2.7628800e+00  -1.8440600e+00
  -2.0845800e+00  -2.5773300e+00
  -1.2191500e+00  -3.0675200e+00
  -2.6118900e-01  -3.2738500e+00
   6.9584200e-01  -3.1977100e+00
   1.5791000e+00  -2.8684700e+00
   2.3386200e+00  -2.3228600e+00
   2.9347900e+00  -1.5934800e+00
   3.3244400e+00  -7.1382200e-01
   3.4596500e+00   2.6643000e-01
   3.3026400e+00   1.2704700e+00
   2.8472200e+00   2.1998900e+00
   2.1311600e+00   2.9565400e+00
   1.2295100e+00   3.4681600e+00
   2.3241600e-01   3.7022700e+00
  -7.7847500e-01   3.6609900e+00
  -1.7405400e+00   3.3630200e+00
  -2.6036600e+00   2.8279200e+00
  -3.3157700e+00   2.0745700e+00
  -3.8154600e+00   1.1340400e+00
  -4.0407700e+00   6.5078600e-02
  -3.9504000e+00  -1.0424900e+00
  -3.5433100e+00  -2.0826100e+00
  -2.8626500e+00  -2.9587600e+00
  -1.9810900e+00  -3.6054200e+00
  -9.7718500e-01  -3.9926700e+00
   8.1614500e-02  -4.1142200e+00
   1.1396400e+00  -3.9702400e+00
   2.1407600e+00  -3.5599300e+00
   3.0166100e+00  -2.8898000e+00
   3.6881500e+00  -1.9907600e+00
   4.0832500e+00  -9.2947600e-01
   4.1600000e+00   1.9726500e-01
   3.9204400e+00   1.2842900e+00
   3.4056300e+00   2.2432100e+00
   2.6761000e+00   3.0161200e+00
   1.7914400e+00   3.5714800e+00
   8.0262000e-01   3.8888200e+00
  -2.4017500e-01   3.9469000e+00
  -1.2736600e+00   3.7260600e+00
  -2.2159400e+00   3.2239800e+00
  -2.9776500e+00   2.4727200e+00
  -3.4849000e+00   1.5427700e+00
  -3.7001500e+00   5.2892500e-01
  -3.6276500e+00  -4.7434500e-01
  -3.3010400e+00  -1.3931000e+00
  -2.7630800e+00  -2.1783000e+00
  -2.0523600e+00  -2.7950000e+00
  -1.2053600e+00  -3.2082600e+00
  -2.6971900e-01  -3.3793800e+00
   6.8442400e-01  -3.2775000e+00
   1.5675300e+00  -2.8989700e+00
   2.2895000e+00  -2.2800000e+00
   2.7837900e+00  -1.4921000e+00
   3.0219500e+00  -6.2189500e-01
   3.0102100e+00   2.5204700e-01
   2.7726800e+00   1.0713100e+00
   2.3346400e+00   1.7932100e+00
   1.7183500e+00   2.3770600e+00
   9.5328100e-01   2.7751000e+00
   9.0617400e-02   2.9380800e+00
  -7.9169200e-01   2.8334000e+00
  -1.6007900e+00   2.4637100e+00
  -2.2523200e+00   1.8720300e+00
  -2.6912800e+00   1.1291800e+00
  -2.8980700e+00   3.1124800e-01
  -2.8778200e+00  -5.1822800e-01
  -2.6431600e+00  -1.3111200e+00
  -2.2045500e+00  -2.0240200e+00
  -1.5752700e+00  -2.6059000e+00
  -7.8643700e-01  -2.9969700e+00
   1.0151600e-01  -3.1426700e+00
   1.0022200e+00  -3.0147000e+00
   1.8223700e+00  -2.6246700e+00
   2.4855900e+00  -2.0207400e+00
   2.9467200e+00  -1.2693700e+00
   3.1892400e+00  -4.3468300e-01
   3.2105800e+00   4.3134700e-01
   3.0087600e+00   1.2834200e+00
   2.5815000e+00   2.0698500e+00
   1.9387900e+00   2.7255200e+00
   1.1184800e+00   3.1796800e+00
   1.9131300e-01   3.3759600e+00
  -7.5085800e-01   3.2920100e+00
  -1.6180800e+00   2.9456900e+00
  -2.3425600e+00   2.3840800e+00
  -2.8845800e+00   1.6634700e+00
  -3.2232300e+00   8.3431200e-01
  -3.3418500e+00  -5.9586600e-02
  -3.2217900e+00  -9.6992000e-01
  -2.8504600e+00  -1.8326300e+00
  -2.2381300e+00  -2.5686800e+00
  -1.4302100e+00  -3.1000100e+00
  -5.0416700e-01  -3.3716800e+00
   4.4883700e-01  -3.3665800e+00
   1.3467900e+00  -3.1034000e+00
   2.1303400e+00  -2.6207500e+00
   2.7604800e+00  -1.9595300e+00
   3.2057700e+00  -1.1561100e+00
   3.4321000e+00  -2.4952900e-01
   3.4051300e+00   7.0536800e-01
   3.1054800e+00   1.6320200e+00
   2.5458600e+00   2.4415100e+00
   1.7769600e+00   3.0538000e+00
   8.7662600e-01   3.4181300e+00
  -7.1712800e-02   3.5202600e+00
  -9.9770400e-01   3.3734200e+00
  -1.8491700e+00   3.0013100e+00
  -2.5834200e+00   2.4265700e+00
  -3.1550000e+00   1.6728400e+00
  -3.5125600e+00   7.7736300e-01
  -3.6098200e+00  -1.9771800e-01
  -3.4245400e+00  -1.1670200e+00
  -2.9721500e+00  -2.0385700e+00
  -2.3039300e+00  -2.7364700e+00
  -1.4904200e+00  -3.2159400e+00
  -6.0077900e-01  -3.4625200e+00
   3.0866400e-01  -3.4786600e+00
   1.1913300e+00  -3.2695400e+00
   1.9985100e+00  -2.8398000e+00
   2.6712500e+00  -2.2033400e+00
   3.1456000e+00  -1.3977200e+00
   3.3699900e+00  -4.9019900e-01
   3.3239200e+00   4.3180400e-01
   3.0251900e+00   1.2817400e+00
   2.5208000e+00   1.9940400e+00
   1.8678600e+00   2.5314700e+00
   1.1177000e+00   2.8774700e+00
   3.1288900e-01   3.0218900e+00
  -5.0343100e-01   2.9529300e+00
  -1.2762500e+00   2.6623800e+00
  -1.9374000e+00   2.1603400e+00
  -2.4185100e+00   1.4874500e+00
  -2.6712900e+00   7.1365900e-01
  -2.6821900e+00  -7.7819500e-02
  -2.4719200e+00  -8.1222700e-01
  -2.0809200e+00  -1.4374500e+00
  -1.5517100e+00  -1.9232900e+00
  -9.2014900e-01  -2.2496200e+00
  -2.2045800e-01  -2.3949900e+00
   5.0264900e-01  -2.3364000e+00
   1.1868300e+00  -2.0616100e+00
   1.7587300e+00  -1.5849600e+00
   2.1524300e+00  -9.5405400e-01
   2.3288500e+00  -2.4100400e-01
   2.2835700e+00   4.7749600e-01
   2.0392200e+00   1.1388400e+00
   1.6288100e+00   1.7010100e+00
   1.0827400e+00   2.1352400e+00
   4.2834000e-01   2.4136400e+00
  -2.9958500e-01   2.5037700e+00
  -1.0476500e+00   2.3764700e+00
  -1.7435400e+00   2.0222600e+00
  -2.3099300e+00   1.4644800e+00
  -2.6852800e+00   7.5874300e-01
  -2.8388000e+00  -2.2135000e-02
  -2.7707400e+00  -8.0828600e-01
  -2.4997600e+00  -1.5455400e+00
  -2.0479400e+00  -2.1941900e+00
  -1.4349800e+00  -2.7180900e+00
  -6.8510800e-01  -3.0754400e+00
   1.6012100e-01  -3.2212000e+00
   1.0351500e+00  -3.1214200e+00
   1.8578400e+00  -2.7703600e+00
   2.5484900e+00  -2.1980500e+00
   3.0493400e+00  -1.4624500e+00
   3.3328900e+00  -6.3111200e-01
   3.3955300e+00   2.3555700e-01
   3.2434000e+00   1.0895300e+00
   2.8824800e+00   1.8877800e+00
   2.3208500e+00   2.5813600e+00
   1.5808800e+00   3.1123200e+00
   7.1072800e-01   3.4239000e+00
  -2.1561300e-01   3.4786900e+00
  -1.1125400e+00   3.2728900e+00
  -1.9035500e+00   2.8369100e+00
  -2.5361700e+00   2.2220600e+00
  -2.9828900e+00   1.4826500e+00
  -3.2304500e+00   6.6547600e-01
  -3.2678100e+00  -1.8771900e-01
  -3.0835900e+00  -1.0295700e+00
  -2.6755600e+00  -1.7994500e+00
  -2.0649100e+00  -2.4279300e+00
  -1.3033500e+00  -2.8529600e+00
  -4.6605700e-01  -3.0382600e+00
   3.6686600e-01  -2.9819800e+00
   1.1290900e+00  -2.7105300e+00
   1.7760800e+00  -2.2627200e+00
   2.2796200e+00  -1.6757500e+00
   2.6157700e+00  -9.8247999e-01
   2.7581000e+00  -2.1987200e-01
   2.6828900e+00   5.6034900e-01
   2.3834700e+00   1.2899000e+00
   1.8829700e+00   1.8955000e+00
   1.2350600e+00   2.3180600e+00
   5.1081500e-01   2.5276700e+00
  -2.2076000e-01   2.5253800e+00
  -9.0627999e-01   2.3318200e+00
  -1.5085700e+00   1.9722200e+00
  -1.9968600e+00   1.4687900e+00
  -2.3370600e+00   8.4543600e-01
  -2.4918400e+00   1.3925700e-01
  -2.4325100e+00  -5.9211000e-01
  -2.1548000e+00  -1.2757200e+00
  -1.6869600e+00  -1.8401400e+00
  -1.0837300e+00  -2.2340400e+00
  -4.0937900e-01  -2.4353300e+00
   2.7922900e-01  -2.4462100e+00
   9.3922599e-01  -2.2794800e+00
   1.5359800e+00  -1.9475200e+00
   2.0323300e+00  -1.4622400e+00
   2.3838300e+00  -8.4520300e-01
   2.5462000e+00  -1.3876400e-01
   2.4913100e+00   5.9240100e-01
   2.2208800e+00   1.2731600e+00
   1.7682100e+00   1.8370900e+00
   1.1863100e+00   2.2413200e+00
   5.3041400e-01   2.4687100e+00
  -1.5362700e-01   2.5179700e+00
  -8.2878000e-01   2.3911300e+00
  -1.4572000e+00   2.0887800e+00
  -1.9918700e+00   1.6169600e+00
  -2.3786400e+00   9.9985599e-01
  -2.5697600e+00   2.8731200e-01
  -2.5407400e+00  -4.5046500e-01
  -2.2993000e+00  -1.1395500e+00
  -1.8803300e+00  -1.7204800e+00
  -1.3308000e+00  -2.1571300e+00
  -6.9500500e-01  -2.4324800e+00
  -9.8406899e-03  -2.5368100e+00
   6.8868200e-01  -2.4594000e+00
   1.3552200e+00  -2.1909500e+00
   1.9318800e+00  -1.7355800e+00
   2.3572100e+00  -1.1227300e+00
   2.5834300e+00  -4.0886600e-01
   2.5908600e+00   3.3403300e-01
   2.3905900e+00   1.0369800e+00
   2.0141100e+00   1.6481300e+00
   1.4981600e+00   2.1349100e+00
   8.7537599e-01   2.4752300e+00
   1.7663400e-01   2.6472500e+00
  -5.5900300e-01   2.6272900e+00
  -1.2766700e+00   2.3990100e+00
  -1.9090900e+00   1.9674700e+00
  -2.3912100e+00   1.3673800e+00
  -2.6778400e+00   6.5833100e-01
  -2.7532500e+00  -9.0992799e-02
  -2.6274400e+00  -8.1980899e-01
  -2.3230200e+00  -1.4833200e+00
  -1.8632300e+00  -2.0486300e+00
  -1.2695100e+00  -2.4845300e+00
  -5.6949900e-01  -2.7555100e+00
   1.9261700e-01  -2.8267200e+00
   9.5355999e-01  -2.6778600e+00
   1.6408600e+00  -2.3161900e+00
   2.1905700e+00  -1.7791200e+00
   2.5621400e+00  -1.1237600e+00
   2.7417400e+00  -4.0992800e-01
   2.7336700e+00   3.1244400e-01
   2.5475600e+00   1.0045900e+00
   2.1920000e+00   1.6306600e+00
   1.6790500e+00   2.1490100e+00
   1.0353800e+00   2.5124500e+00
   3.1000300e-01   2.6794500e+00
  -4.2944800e-01   2.6295900e+00
  -1.1115600e+00   2.3728600e+00
  -1.6787000e+00   1.9459900e+00
  -2.0967200e+00   1.3983800e+00
  -2.3520500e+00   7.7708699e-01
  -2.4406500e+00   1.2051500e-01
  -2.3586000e+00  -5.3681100e-01
  -2.1024800e+00  -1.1546200e+00
  -1.6791900e+00  -1.6824600e+00
  -1.1172400e+00  -2.0665200e+00
  -4.6951800e-01  -2.2648200e+00
   1.9645000e-01  -2.2612300e+00
   8.1569999e-01  -2.0690600e+00
   1.3401900e+00  -1.7219800e+00
   1.7421100e+00  -1.2592100e+00
   2.0062600e+00  -7.1514700e-01
   2.1195000e+00  -1.1972300e-01
   2.0668700e+00   4.9285200e-01
   1.8384100e+00   1.0761600e+00
   1.4416900e+00   1.5730700e+00
   9.1024699e-01   1.9281400e+00
   3.0020800e-01   2.1038900e+00
  -3.2383500e-01   2.0907100e+00
  -9.0543099e-01   1.9042300e+00
  -1.4052300e+00   1.5730000e+00
  -1.7982300e+00   1.1258100e+00
  -2.0639600e+00   5.8758800e-01
  -2.1793200e+00  -1.4611000e-02
  -2.1211800e+00  -6.4182300e-01
  -1.8780300e+00  -1.2395400e+00
  -1.4621600e+00  -1.7454800e+00
  -9.1297099e-01  -2.1054400e+00
  -2.8801500e-01  -2.2877500e+00
   3.5320300e-01  -2.2873600e+00
   9.6234799e-01  -2.1181600e+00
   1.5049400e+00  -1.8002000e+00
   1.9532200e+00  -1.3517200e+00
   2.2771500e+00  -7.9145899e-01
   2.4427200e+00  -1.4819000e-01
   2.4206900e+00   5.3146400e-01
   2.2004400e+00   1.1852200e+00
   1.7991300e+00   1.7480800e+00
   1.2590900e+00   2.1689300e+00
   6.3477200e-01   2.4206100e+00
  -2.2336400e-02   2.4981600e+00
  -6.7145199e-01   2.4081900e+00
  -1.2793500e+00   2.1587000e+00
  -1.8113900e+00   1.7572100e+00
  -2.2261000e+00   1.2184600e+00
  -2.4797600e+00   5.7475600e-01
  -2.5396100e+00  -1.2061700e-01
  -2.3970100e+00  -8.0142999e-01
  -2.0716800e+00  -1.4044800e+00
  -1.6037400e+00  -1.8839200e+00
  -1.0392600e+00  -2.2156600e+00
  -4.1890000e-01  -2.3908500e+00
   2.2352800e-01  -2.4052100e+00
   8.5380299e-01  -2.2536200e+00
   1.4293200e+00  -1.9346100e+00
   1.8990400e+00  -1.4613100e+00
   2.2137800e+00  -8.6966799e-01
   2.3412200e+00  -2.1637000e-01
   2.2758600e+00   4.3387000e-01
   2.0375100e+00   1.0244000e+00
   1.6598200e+00   1.5164100e+00
   1.1772900e+00   1.8875000e+00
   6.1952700e-01   2.1226100e+00
   1.5438400e-02   2.2059800e+00
  -5.9780700e-01   2.1218300e+00
  -1.1703500e+00   1.8639000e+00
  -1.6455000e+00   1.4467900e+00
  -1.9739400e+00   9.0996399e-01
  -2.1275800e+00   3.1017600e-01
  -2.1045100e+00  -2.9368500e-01
  -1.9224100e+00  -8.5400099e-01
  -1.6060500e+00  -1.3383900e+00
  -1.1782600e+00  -1.7237400e+00
  -6.6034399e-01  -1.9871600e+00
  -8.0166499e-02  -2.1027900e+00
   5.2003700e-01  -2.0483500e+00
   1.0844000e+00  -1.8174600e+00
   1.5544900e+00  -1.4287100e+00
   1.8847300e+00  -9.2422399e-01
   2.0527800e+00  -3.5787400e-01
   2.0587500e+00   2.1956800e-01
   1.9154200e+00   7.6907199e-01
   1.6374200e+00   1.2616300e+00
   1.2376900e+00   1.6699200e+00
   7.3336299e-01   1.9620100e+00
   1.5511300e-01   2.1039700e+00
  -4.4857200e-01   2.0709800e+00
  -1.0177700e+00   1.8597000e+00
  -1.4955400e+00   1.4929800e+00
  -1.8419000e+00   1.0131300e+00
  -2.0390000e+00   4.6819400e-01
  -2.0855600e+00  -1.0002100e-01
  -1.9863200e+00  -6.5881199e-01
  -1.7452400e+00  -1.1785400e+00
  -1.3679500e+00  -1.6246500e+00
  -8.7107699e-01  -1.9560500e+00
  -2.9028500e-01  -2.1333300e+00
   3.2056300e-01  -2.1322100e+00
   9.0057199e-01  -1.9533200e+00
   1.3970600e+00  -1.6216500e+00
   1.7757500e+00  -1.1759600e+00
   2.0204400e+00  -6.5568499e-01
   2.1245500e+00  -9.3866899e-02
   2.0823900e+00   4.8023200e-01
   1.8879200e+00   1.0330300e+00
   1.5422700e+00   1.5214700e+00
   1.0640700e+00   1.8970300e+00
   4.9388400e-01   2.1180600e+00
  -1.1198400e-01   2.1629100e+00
  -6.9551399e-01   2.0353600e+00
  -1.2104100e+00   1.7590000e+00
  -1.6270800e+00   1.3651700e+00
  -1.9277800e+00   8.8296099e-01
  -2.0976000e+00   3.3788700e-01
  -2.1199100e+00  -2.4142700e-01
  -1.9808400e+00  -8.1566499e-01
  -1.6799600e+00  -1.3342800e+00
  -1.2390600e+00  -1.7447200e+00
  -7.0169199e-01  -2.0066200e+00
  -1.2257700e-01  -2.1021700e+00
   4.4676900e-01  -2.0363200e+00
   9.6744999e-01  -1.8277100e+00
   1.4127800e+00  -1.4975600e+00
   1.7606800e+00  -1.0646600e+00
   1.9867700e+00  -5.4936700e-01
   2.0651600e+00   1.7894500e-02
   1.9776100e+00   5.9190999e-01
   1.7249800e+00   1.1174400e+00
   1.3322700e+00   1.5421100e+00
   8.4315199e-01   1.8298600e+00
   3.0696200e-01   1.9668000e+00
  -2.3348900e-01   1.9566700e+00
  -7.4607599e-01   1.8104500e+00
  -1.2045300e+00   1.5386400e+00
  -1.5805600e+00   1.1518100e+00
  -1.8409700e+00   6.6844999e-01
  -1.9539200e+00   1.2271100e-01
  -1.9007900e+00  -4.3532600e-01
  -1.6858100e+00  -9.4921299e-01
  -1.3362700e+00  -1.3704100e+00
  -8.9303699e-01  -1.6686500e+00
  -3.9759000e-01  -1.8326500e+00
   1.1601000e-01  -1.8623100e+00
   6.1996799e-01  -1.7595300e+00
   1.0854400e+00  -1.5254100e+00
   1.4768000e+00  -1.1658500e+00
   1.7539300e+00  -7.0086399e-01
   1.8827100e+00  -1.6945900e-01
   1.8472600e+00   3.7523400e-01
   1.6557200e+00   8.7870499e-01
   1.3356200e+00   1.2982300e+00
   9.2238499e-01   1.6086300e+00
   4.4870100e-01   1.7984000e+00
  -5.8208199e-02   1.8608300e+00
  -5.7129199e-01   1.7883500e+00
  -1.0562800e+00   1.5750000e+00
  -1.4699900e+00   1.2255700e+00
  -1.7676900e+00   7.6393799e-01
  -1.9159600e+00   2.3349300e-01
  -1.9027900e+00  -3.1214200e-01
  -1.7386300e+00  -8.2285899e-01
  -1.4480400e+00  -1.2619400e+00
  -1.0584800e+00  -1.6067400e+00
  -5.9405499e-01  -1.8418600e+00
  -7.7842999e-02  -1.9516500e+00
   4.6059300e-01  -1.9194300e+00
   9.8006399e-01  -1.7347100e+00
   1.4310300e+00  -1.4035100e+00
   1.7668900e+00  -9.5370499e-01
   1.9567900e+00  -4.3060500e-01
   1.9918100e+00   1.1512900e-01
   1.8814600e+00   6.3978399e-01
   1.6435500e+00   1.1117900e+00
   1.2957100e+00   1.5080500e+00
   8.5427799e-01   1.8062800e+00
   3.4056400e-01   1.9810800e+00
  -2.1170400e-01   2.0082700e+00
  -7.5523899e-01   1.8753000e+00
  -1.2372100e+00   1.5903900e+00
  -1.6124400e+00   1.1835700e+00
  -1.8538500e+00   6.9819599e-01
  -1.9539700e+00   1.7828100e-01
  -1.9179600e+00  -3.4024800e-01
  -1.7542300e+00  -8.2974399e-01
  -1.4701800e+00  -1.2643800e+00
  -1.0761500e+00  -1.6140300e+00
  -5.9368199e-01  -1.8450400e+00
  -6.0607899e-02  -1.9290200e+00
   4.7246500e-01  -1.8540700e+00
   9.5363599e-01  -1.6308600e+00
   1.3424400e+00  -1.2890300e+00
   1.6162500e+00  -8.6631899e-01
   1.7673300e+00  -3.9771800e-01
   1.7943600e+00   8.8537099e-02
   1.6958600e+00   5.6689499e-01
   1.4710200e+00   1.0074100e+00
   1.1272900e+00   1.3730200e+00
   6.8835399e-01   1.6252500e+00
   1.9534900e-01   1.7356000e+00
  -3.0103200e-01   1.6954300e+00
  -7.5345399e-01   1.5176200e+00
  -1.1280200e+00   1.2292600e+00
  -1.4059000e+00   8.6045999e-01
  -1.5772100e+00   4.3726000e-01
  -1.6332500e+00  -1.7514900e-02
  -1.5642500e+00  -4.7758499e-01
  -1.3648300e+00  -9.0774499e-01
  -1.0432900e+00  -1.2656800e+00
  -6.2713599e-01  -1.5116400e+00
  -1.5975800e-01  -1.6202900e+00
   3.1054700e-01  -1.5872800e+00
   7.4265399e-01  -1.4264700e+00
   1.1085500e+00  -1.1603900e+00
   1.3906400e+00  -8.1113999e-01
   1.5743100e+00  -3.9787400e-01
   1.6430300e+00   5.8250299e-02
   1.5809300e+00   5.2704899e-01
   1.3816100e+00   9.6726299e-01
   1.0567900e+00   1.3329800e+00
   6.3794899e-01   1.5855800e+00
   1.6889900e-01   1.7039200e+00
  -3.0631500e-01   1.6865300e+00
  -7.5266499e-01   1.5452900e+00
  -1.1454200e+00   1.2959200e+00
  -1.4644500e+00   9.5256399e-01
  -1.6877900e+00   5.3007399e-01
  -1.7909600e+00   5.1176199e-02
  -1.7539500e+00  -4.4824300e-01
  -1.5713500e+00  -9.2149599e-01
  -1.2584700e+00  -1.3211900e+00
  -8.4858499e-01  -1.6113100e+00
  -3.8276900e-01  -1.7740400e+00
   1.0107300e-01  -1.8076000e+00
   5.7329999e-01  -1.7181700e+00
   1.0096400e+00  -1.5125000e+00
   1.3845100e+00  -1.1971900e+00
   1.6674500e+00  -7.8473199e-01
   1.8271700e+00  -3.0089400e-01
   1.8415400e+00   2.1341500e-01
   1.7069200e+00   7.0881999e-01
   1.4404500e+00   1.1394900e+00
   1.0735100e+00   1.4732700e+00
   6.4082899e-01   1.6942100e+00
   1.7253100e-01   1.7971400e+00
  -3.0629500e-01   1.7798000e+00
  -7.6992499e-01   1.6393700e+00
  -1.1863900e+00   1.3762400e+00
  -1.5180800e+00   1.0022100e+00
  -1.7298300e+00   5.4601199e-01
  -1.7999500e+00   5.0997999e-02
  -1.7269400e+00  -4.3477399e-01
  -1.5275200e+00  -8.7031399e-01
  -1.2277600e+00  -1.2282800e+00
  -8.5359399e-01  -1.4932700e+00
  -4.2717300e-01  -1.6548000e+00
   2.9535800e-02  -1.7017500e+00
   4.8818699e-01  -1.6234000e+00
   9.1130199e-01  -1.4167800e+00
   1.2572600e+00  -1.0948300e+00
   1.4909900e+00  -6.8859399e-01
   1.5939100e+00  -2.4091400e-01
   1.5667200e+00   2.0495400e-01
   1.4239000e+00   6.1486599e-01
   1.1843600e+00   9.6601199e-01
   8.6518499e-01   1.2420200e+00
   4.8248299e-01   1.4263800e+00
   5.7625299e-02   1.5005500e+00
  -3.7735800e-01   1.4493400e+00
  -7.8097699e-01   1.2699900e+00
  -1.1109600e+00   9.7834299e-01
  -1.3355600e+00   6.0698399e-01
  -1.4405900e+00   1.9602900e-01
  -1.4281000e+00  -2.1772500e-01
  -1.3087000e+00  -6.0660099e-01
  -1.0937700e+00  -9.5015499e-01
  -7.9338799e-01  -1.2288400e+00
  -4.2105599e-01  -1.4197100e+00
  -5.3771999e-04  -1.4989000e+00
   4.3160099e-01  -1.4501000e+00
   8.3134499e-01  -1.2734300e+00
   1.1581200e+00  -9.8807599e-01
   1.3847300e+00  -6.2671399e-01
   1.5004400e+00  -2.2505300e-01
   1.5062400e+00   1.8657300e-01
   1.4069300e+00   5.8473099e-01
   1.2065400e+00   9.4803899e-01
   9.1057199e-01   1.2514000e+00
   5.3305899e-01   1.4653700e+00
   1.0207200e-01   1.5626700e+00
  -3.4163800e-01   1.5280900e+00
  -7.5338699e-01   1.3651800e+00
  -1.0957800e+00   1.0949300e+00
  -1.3456200e+00   7.4753499e-01
  -1.4930200e+00   3.5275200e-01
  -1.5347400e+00  -6.4815899e-02
  -1.4679600e+00  -4.8329099e-01
  -1.2898700e+00  -8.7747299e-01
  -1.0035400e+00  -1.2154600e+00
  -6.2531599e-01  -1.4622300e+00
  -1.8748300e-01  -1.5889800e+00
   2.6705000e-01  -1.5825600e+00
   6.9539999e-01  -1.4487000e+00
   1.0643100e+00  -1.2071800e+00
   1.3531900e+00  -8.8267299e-01
   1.5499800e+00  -4.9769699e-01
   1.6445300e+00  -7.2161299e-02
   1.6256400e+00   3.7146200e-01
   1.4848400e+00   8.0280199e-01
   1.2243300e+00   1.1838100e+00
   8.6302499e-01   1.4760900e+00
   4.3541899e-01   1.6514100e+00
  -1.6769800e-02   1.6988000e+00
  -4.5522299e-01   1.6239800e+00
  -8.5147699e-01   1.4422100e+00
  -1.1860400e+00   1.1701600e+00
  -1.4425600e+00   8.2269999e-01
  -1.6030100e+00   4.1626599e-01
  -1.6488200e+00  -2.4903000e-02
  -1.5679900e+00  -4.6579999e-01
  -1.3633000e+00  -8.6482199e-01
  -1.0554400e+00  -1.1836000e+00
  -6.7820999e-01  -1.3967000e+00
  -2.6868500e-01  -1.4952500e+00
   1.4152100e-01  -1.4830000e+00
   5.2875099e-01  -1.3685500e+00
   8.7332999e-01  -1.1599500e+00
   1.1538300e+00  -8.6568799e-01
   1.3454600e+00  -5.0061599e-01
   1.4251800e+00  -9.1431799e-02
   1.3805400e+00   3.2381300e-01
   1.2163700e+00   7.0328199e-01
   9.5418899e-01   1.0119200e+00
   6.2475299e-01   1.2286200e+00
   2.5847700e-01   1.3460700e+00
  -1.1998000e-01   1.3646500e+00
  -4.9033399e-01   1.2857800e+00
  -8.3111899e-01   1.1104000e+00
  -1.1157800e+00   8.4343299e-01
  -1.3149500e+00   5.0069299e-01
  -1.4044600e+00   1.1189300e-01
  -1.3742300e+00  -2.8353400e-01
  -1.2318600e+00  -6.4614599e-01
  -9.9859699e-01  -9.4592799e-01
  -7.0055499e-01  -1.1659100e+00
  -3.6125600e-01  -1.2987500e+00
  -1.1448900e-04  -1.3400900e+00
   3.6327300e-01  -1.2847200e+00
   7.0378299e-01  -1.1289100e+00
   9.9001099e-01  -8.7731999e-01
   1.1901900e+00  -5.4877699e-01
   1.2816900e+00  -1.7598100e-01
   1.2580200e+00   2.0187000e-01
   1.1288800e+00   5.4921799e-01
   9.1348199e-01   8.4093899e-01
   6.3235899e-01   1.0622300e+00
   3.0314900e-01   1.2031700e+00
  -5.7210699e-02   1.2534100e+00
  -4.2682899e-01   1.2020100e+00
  -7.7545799e-01   1.0430800e+00
  -1.0674600e+00   7.8328799e-01
  -1.2704100e+00   4.4519199e-01
  -1.3643200e+00   6.3322499e-02
  -1.3455500e+00  -3.2504500e-01
  -1.2235100e+00  -6.8872399e-01
  -1.0130200e+00  -1.0058800e+00
  -7.2820399e-01  -1.2608200e+00
  -3.8216899e-01  -1.4383000e+00
   8.1175799e-03  -1.5209900e+00
   4.1657899e-01  -1.4930900e+00
   8.0774999e-01  -1.3480900e+00
   1.1432000e+00  -1.0951500e+00
   1.3913100e+00  -7.5905699e-01
   1.5345600e+00  -3.7346299e-01
   1.5699200e+00   2.8528300e-02
   1.5032500e+00   4.2043499e-01
   1.3424100e+00   7.8202299e-01
   1.0945100e+00   1.0943100e+00
   7.6913299e-01   1.3353200e+00
   3.8444599e-01   1.4811200e+00
  -2.9543000e-02   1.5126100e+00
  -4.3424199e-01   1.4237000e+00
  -7.9128699e-01   1.2251400e+00
  -1.0717600e+00   9.4120199e-01
  -1.2603600e+00   6.0129799e-01
  -1.3526600e+00   2.3218700e-01
  -1.3487100e+00  -1.4454000e-01
  -1.2484100e+00  -5.0910899e-01
  -1.0526100e+00  -8.3841399e-01
  -7.6889599e-01  -1.1045000e+00
  -4.1712199e-01  -1.2792500e+00
  -2.9746800e-02  -1.3429400e+00
   3.5459599e-01  -1.2911000e+00
   7.0072699e-01  -1.1351800e+00
   9.8398699e-01  -8.9653199e-01
   1.1908900e+00  -5.9822399e-01
   1.3142600e+00  -2.6009600e-01
   1.3476300e+00   1.0012300e-01
   1.2840400e+00   4.6178599e-01
   1.1204500e+00   7.9762799e-01
   8.6454599e-01   1.0756700e+00
   5.3831899e-01   1.2667000e+00
   1.7501400e-01   1.3529400e+00
  -1.8932500e-01   1.3323500e+00
  -5.2460699e-01   1.2159600e+00
  -8.1056799e-01   1.0206200e+00
  -1.0343100e+00   7.6250499e-01
  -1.1847400e+00   4.5573899e-01
  -1.2493200e+00   1.1635100e-01
  -1.2164300e+00  -2.3264300e-01
  -1.0820400e+00  -5.6022399e-01
  -8.5586899e-01  -8.3260499e-01
  -5.6196799e-01  -1.0221600e+00
  -2.3275100e-01  -1.1145700e+00
   9.9991598e-02  -1.1098500e+00
   4.1153599e-01  -1.0172400e+00
   6.8461999e-01  -8.4819299e-01
   9.0495399e-01  -6.1278899e-01
   1.0566100e+00  -3.2184400e-01
   1.1220000e+00   7.6876899e-03
   1.0873100e+00   3.4915599e-01
   9.4997499e-01   6.6848699e-01
   7.2267099e-01   9.3194399e-01
   4.3067299e-01   1.1149000e+00
   1.0407200e-01   1.2062900e+00
  -2.3016800e-01   1.2064700e+00
  -5.5144099e-01   1.1210000e+00
  -8.4294099e-01   9.5540399e-01
  -1.0866500e+00   7.1508899e-01
  -1.2610700e+00   4.1003599e-01
  -1.3446200e+00   6.0087899e-02
  -1.3231100e+00  -3.0418900e-01
  -1.1963100e+00  -6.4691499e-01
  -9.7902198e-01  -9.3584899e-01
  -6.9566899e-01  -1.1495000e+00
  -3.7223199e-01  -1.2783500e+00
  -3.0695700e-02  -1.3204700e+00
   3.1080600e-01  -1.2756600e+00
   6.3358299e-01  -1.1432500e+00
   9.1445599e-01  -9.2526199e-01
   1.1266500e+00  -6.3236799e-01
   1.2460700e+00  -2.8760400e-01
   1.2593600e+00   7.5948399e-02
   1.1682500e+00   4.2284599e-01
   9.8753798e-01   7.2384699e-01
   7.3814799e-01   9.6027398e-01
   4.4029199e-01   1.1222400e+00
   1.1115300e-01   1.2032800e+00
  -2.3213700e-01   1.1965000e+00
  -5.6772199e-01   1.0957000e+00
  -8.6741199e-01   9.0100099e-01
  -1.1008400e+00   6.2456999e-01
  -1.2435200e+00   2.9169300e-01
  -1.2838200e+00  -6.4441099e-02
  -1.2244600e+00  -4.1131799e-01
  -1.0779400e+00  -7.2381399e-01
  -8.5957799e-01  -9.8535598e-01
  -5.8313999e-01  -1.1839900e+00
  -2.6189400e-01  -1.3076400e+00
   8.6708199e-02  -1.3430900e+00
   4.3735399e-01  -1.2803200e+00
   7.5829599e-01  -1.1191800e+00
   1.0181300e+00  -8.7348799e-01
   1.1940800e+00  -5.6908599e-01
   1.2767500e+00  -2.3663700e-01
   1.2685800e+00   9.6280398e-02
   1.1779300e+00   4.0904099e-01
   1.0135200e+00   6.8617699e-01
   7.8328399e-01   9.1263298e-01
   4.9813299e-01   1.0709200e+00
   1.7690800e-01   1.1433700e+00
  -1.5223300e-01   1.1186600e+00
  -4.5625299e-01   9.9803098e-01
  -7.0544999e-01   7.9679899e-01
  -8.8051099e-01   5.3966599e-01
  -9.7425998e-01   2.5293100e-01
  -9.8777398e-01  -4.1437799e-02
  -9.2451298e-01  -3.2645799e-01
  -7.8728399e-01  -5.8630899e-01
  -5.8032399e-01  -8.0222199e-01
  -3.1455799e-01  -9.5244798e-01
  -1.1378500e-02  -1.0174100e+00
   2.9887799e-01  -9.8701398e-01
   5.8373499e-01  -8.6511299e-01
   8.1677099e-01  -6.6805199e-01
   9.8228198e-01  -4.1821999e-01
   1.0740900e+00  -1.3706200e-01
   1.0904400e+00   1.5796200e-01
   1.0295800e+00   4.5121199e-01
   8.8984298e-01   7.2435699e-01
   6.7424699e-01   9.5420098e-01
   3.9581299e-01   1.1157400e+00
   7.9040399e-02   1.1892600e+00
  -2.4447600e-01   1.1669500e+00
  -5.4404899e-01   1.0548100e+00
  -7.9669199e-01   8.6855798e-01
  -9.8883898e-01   6.2678899e-01
  -1.1129200e+00   3.4602699e-01
  -1.1624400e+00   4.0818499e-02
  -1.1301400e+00  -2.7225800e-01
  -1.0111000e+00  -5.7083599e-01
  -8.0863599e-01  -8.2735599e-01
  -5.3837899e-01  -1.0148100e+00
  -2.2687600e-01  -1.1144200e+00
   9.4920098e-02  -1.1204400e+00
   3.9943999e-01  -1.0391800e+00
   6.6684399e-01  -8.8332998e-01
   8.8391498e-01  -6.6613999e-01
   1.0395800e+00  -3.9933699e-01
   1.1215600e+00  -9.5914198e-02
   1.1175700e+00   2.2531000e-01
   1.0207700e+00   5.3789599e-01
   8.3558199e-01   8.1132099e-01
   5.7948199e-01   1.0184100e+00
   2.7895700e-01   1.1422400e+00
  -3.7962499e-02   1.1782700e+00
  -3.4791799e-01   1.1310300e+00
  -6.3363299e-01   1.0082000e+00
  -8.8069398e-01   8.1693799e-01
  -1.0734000e+00   5.6488899e-01
  -1.1939500e+00   2.6471300e-01
  -1.2265100e+00  -6.2189599e-02
  -1.1637900e+00  -3.8652599e-01
  -1.0115700e+00  -6.7708999e-01
  -7.8769099e-01  -9.0854498e-01
  -5.1618799e-01  -1.0663400e+00
  -2.2025400e-01  -1.1460800e+00
   8.1421699e-02  -1.1488100e+00
   3.7328099e-01  -1.0761800e+00
   6.3872899e-01  -9.2971198e-01
   8.5754998e-01  -7.1435099e-01
   1.0080000e+00  -4.4341599e-01
   1.0729600e+00  -1.4042500e-01
   1.0462900e+00   1.6449900e-01
   9.3500998e-01   4.4200499e-01
   7.5583699e-01   6.7027199e-01
   5.2856399e-01   8.3723698e-01
   2.7076899e-01   9.3769798e-01
  -2.9118699e-03   9.6840198e-01
  -2.7739399e-01   9.2551198e-01
  -5.3335599e-01   8.0668999e-01
  -7.4708699e-01   6.1627099e-01
  -8.9522198e-01   3.6928399e-01
  -9.6178098e-01   9.0710898e-02
  -9.4299098e-01  -1.9030400e-01
  -8.4679198e-01  -4.4793099e-01
  -6.8765399e-01  -6.6429699e-01
  -4.8054799e-01  -8.2896898e-01
  -2.3822300e-01  -9.3474998e-01
   2.6842899e-02  -9.7393298e-01
   2.9823399e-01  -9.3853098e-01
   5.5338799e-01  -8.2473198e-01
   7.6620299e-01  -6.3829699e-01
   9.1359798e-01  -3.9661799e-01
   9.8209398e-01  -1.2535700e-01
   9.7026698e-01   1.4852500e-01
   8.8584698e-01   4.0307599e-01
   7.3996099e-01   6.2331299e-01
   5.4287499e-01   7.9851398e-01
   3.0411899e-01   9.1800598e-01
   3.6274199e-02   9.6959098e-01
  -2.4131500e-01   9.4254898e-01
  -5.0274099e-01   8.3341698e-01
  -7.2060599e-01   6.5034899e-01
  -8.7324298e-01   4.1263899e-01
  -9.4967898e-01   1.4533000e-01
  -9.4947598e-01  -1.2769900e-01
  -8.7824398e-01  -3.8787199e-01
  -7.4261299e-01  -6.2123199e-01
  -5.4853299e-01  -8.1459898e-01
  -3.0393199e-01  -9.5260098e-01
  -2.3158000e-02  -1.0188100e+00
   2.7094399e-01  -1.0009500e+00
   5.4987799e-01  -8.9671598e-01
   7.8620498e-01  -7.1620499e-01
   9.6015598e-01  -4.7892199e-01
   1.0622400e+00  -2.0742700e-01
   1.0908100e+00   7.8273898e-02
   1.0472300e+00   3.6219899e-01
   9.3262898e-01   6.2965999e-01
   7.4909199e-01   8.6353398e-01
   5.0395299e-01   1.0434800e+00
   2.1369300e-01   1.1497000e+00
  -9.6325198e-02   1.1693400e+00
  -3.9696399e-01   1.1011700e+00
  -6.6246099e-01   9.5558698e-01
  -8.7532498e-01   7.4979699e-01
  -1.0263800e+00   5.0175999e-01
  -1.1109500e+00   2.2683000e-01
  -1.1247900e+00  -6.1113699e-02
  -1.0635600e+00  -3.4589299e-01
  -9.2627998e-01  -6.0656999e-01
  -7.2028999e-01  -8.1925598e-01
  -4.6348699e-01  -9.6286698e-01
  -1.8160900e-01  -1.0253900e+00
   9.8250298e-02  -1.0066000e+00
   3.5395099e-01  -9.1569398e-01
   5.7078799e-01  -7.6574098e-01
   7.3934199e-01  -5.6905399e-01
   8.5134898e-01  -3.3652999e-01
   8.9756398e-01  -8.0755198e-02
   8.6983098e-01   1.8038000e-01
   7.6613998e-01   4.2331099e-01
   5.9488299e-01   6.2302699e-01
   3.7484699e-01   7.5972398e-01
   1.3044300e-01   8.2379198e-01
  -1.1497000e-01   8.1611098e-01
  -3.4354099e-01   7.4397098e-01
  -5.4283999e-01   6.1595099e-01
  -7.0236999e-01   4.3955799e-01
  -8.1031398e-01   2.2308400e-01
  -8.5385498e-01  -2.0378600e-02
  -8.2345298e-01  -2.7059399e-01
  -7.1826499e-01  -5.0227099e-01
  -5.4870499e-01  -6.9101399e-01
  -3.3406699e-01  -8.1966498e-01
  -9.6569398e-02  -8.8118198e-01
   1.4435000e-01  -8.7667098e-01
   3.7405499e-01  -8.1063098e-01
   5.8051399e-01  -6.8732299e-01
   7.5061798e-01  -5.1100599e-01
   8.6877498e-01  -2.8958299e-01
   9.1973998e-01  -3.8341899e-02
   8.9421398e-01   2.1979400e-01
   7.9343498e-01   4.5860599e-01
   6.2948299e-01   6.5523299e-01
   4.2097899e-01   7.9512398e-01
   1.8706900e-01   8.7250698e-01
  -5.6373199e-02   8.8685398e-01
  -2.9629699e-01   8.3863398e-01
  -5.1908499e-01   7.2793598e-01
  -7.0782899e-01   5.5707199e-01
  -8.4332098e-01   3.3496799e-01
  -9.0892398e-01   7.9568498e-02
  -8.9637198e-01  -1.8429000e-01
  -8.0861898e-01  -4.3077299e-01
  -6.5787699e-01  -6.3924299e-01
  -4.6030099e-01  -7.9709598e-01
  -2.3106000e-01  -8.9806998e-01
   1.7044900e-02  -9.3819998e-01
   2.7114699e-01  -9.1312898e-01
   5.1484799e-01  -8.1925798e-01
   7.2734698e-01  -6.5801099e-01
   8.8683298e-01  -4.3984999e-01
   9.7649598e-01  -1.8462800e-01
   9.8940798e-01   8.2618298e-02
   9.2917398e-01   3.3807199e-01
   8.0621198e-01   5.6383599e-01
   6.3256199e-01   7.4840198e-01
   4.1893399e-01   8.8353298e-01
   1.7574500e-01   9.6082598e-01
  -8.3355098e-02   9.7127798e-01
  -3.3901499e-01   9.0868498e-01
  -5.6760899e-01   7.7453598e-01
  -7.4648298e-01   5.8067199e-01
  -8.5998898e-01   3.4739699e-01
  -9.0258598e-01   9.7937798e-02
  -8.7732398e-01  -1.4731700e-01
  -7.9128698e-01  -3.7333999e-01
  -6.5160599e-01  -5.6884399e-01
  -4.6492899e-01  -7.2274798e-01
  -2.4035299e-01  -8.2230798e-01
   7.0369098e-03  -8.5511298e-01
   2.5549999e-01  -8.1397698e-01
   4.8028499e-01  -7.0135298e-01
   6.5978099e-01  -5.2999099e-01
   7.8050298e-01  -3.1913599e-01
   8.3797198e-01  -8.8691698e-02
   8.3356898e-01   1.4492200e-01
   7.7021698e-01   3.6892999e-01
   6.5038899e-01   5.7122399e-01
   4.7791499e-01   7.3747898e-01
   2.6189999e-01   8.5145098e-01
   1.9234500e-02   8.9903798e-01
  -2.2691599e-01   8.7362498e-01
  -4.5238699e-01   7.7906198e-01
  -6.3799099e-01   6.2817099e-01
  -7.7261998e-01   4.3777199e-01
  -8.5201698e-01   2.2363999e-01
  -8.7488198e-01  -1.4297000e-03
  -8.3978998e-01  -2.2576699e-01
  -7.4555898e-01  -4.3549899e-01
  -5.9479599e-01  -6.1321599e-01
  -3.9771399e-01  -7.4054698e-01
  -1.7285900e-01  -8.0349398e-01
   5.6466799e-02  -7.9714598e-01
   2.6818599e-01  -7.2663998e-01
   4.4622799e-01  -6.0385399e-01
   5.8141499e-01  -4.4227899e-01
   6.6868398e-01  -2.5363999e-01
   7.0348598e-01  -4.8257599e-02
   6.8068798e-01   1.6185100e-01
   5.9711199e-01   3.6035499e-01
   4.5590499e-01   5.2737099e-01
   2.6924399e-01   6.4392099e-01
   5.6946499e-02   6.9753598e-01
  -1.5857900e-01   6.8545298e-01
  -3.5798999e-01   6.1346399e-01
  -5.2788499e-01   4.9157299e-01
  -6.5964398e-01   3.2973699e-01
  -7.4601298e-01   1.3665100e-01
  -7.7879298e-01  -7.7984998e-02
  -7.4999598e-01  -3.0014999e-01
  -6.5597098e-01  -5.1045499e-01
  -5.0153999e-01  -6.8706798e-01
  -3.0090799e-01  -8.1128398e-01
  -7.4329698e-02  -8.7238998e-01
   1.5750500e-01  -8.6884698e-01
   3.7785199e-01  -8.0546398e-01
   5.7461699e-01  -6.8902098e-01
   7.3777498e-01  -5.2571299e-01
   8.5636298e-01  -3.2216899e-01
   9.1813898e-01  -8.8820698e-02
   9.1280798e-01   1.5755700e-01
   8.3684098e-01   3.9484199e-01
   6.9645798e-01   6.0022499e-01
   5.0651099e-01   7.5591498e-01
   2.8584999e-01   8.5243598e-01
   5.2181299e-02   8.8781298e-01
  -1.8036700e-01   8.6385898e-01
  -3.9998499e-01   7.8277898e-01
  -5.9407799e-01   6.4679598e-01
  -7.4757998e-01   4.6097799e-01
  -8.4480098e-01   2.3675899e-01
  -8.7410398e-01  -7.0621098e-03
  -8.3240598e-01  -2.4733499e-01
  -7.2640198e-01  -4.6213899e-01
  -5.6966799e-01  -6.3560398e-01
  -3.7765799e-01  -7.5921698e-01
  -1.6397400e-01  -8.2942498e-01
   5.9900199e-02  -8.4401598e-01
   2.8197399e-01  -8.0047198e-01
   4.8709099e-01  -6.9776298e-01
   6.5713798e-01  -5.4018999e-01
   7.7480698e-01  -3.4011499e-01
   8.2878198e-01  -1.1703200e-01
   8.1702798e-01   1.0697200e-01
   7.4605198e-01   3.1271599e-01
   6.2686898e-01   4.8708099e-01
   4.7061899e-01   6.2232898e-01
   2.8682799e-01   7.1288798e-01
   8.5066698e-02   7.5275198e-01
  -1.2194600e-01   7.3593398e-01
  -3.1697199e-01   6.5992598e-01
  -4.8049299e-01   5.2958999e-01
  -5.9569899e-01   3.5834499e-01
  -6.5319098e-01   1.6536600e-01
  -6.5244998e-01  -2.9677299e-02
  -5.9939599e-01  -2.1109399e-01
  -5.0208699e-01  -3.6829799e-01
  -3.6777899e-01  -4.9358699e-01
  -2.0330299e-01  -5.7906599e-01
  -1.7978800e-02  -6.1573398e-01
   1.7378400e-01  -5.9594699e-01
   3.5293799e-01  -5.1771399e-01
   4.9977699e-01  -3.8768599e-01
   5.9924499e-01  -2.2043899e-01
   6.4430898e-01  -3.4274899e-02
   6.3548798e-01   1.5383600e-01
   5.7734599e-01   3.3102799e-01
   4.7486099e-01   4.8773099e-01
   3.3243199e-01   6.1474298e-01
   1.5603800e-01   7.0118198e-01
  -4.3503599e-02   7.3558998e-01
  -2.4926399e-01   7.0989498e-01
  -4.4060199e-01   6.2360698e-01
  -5.9822998e-01   4.8521599e-01
  -7.0891298e-01   3.0969199e-01
  -7.6703498e-01   1.1366300e-01
  -7.7251398e-01  -8.8545598e-02
  -7.2713198e-01  -2.8570599e-01
  -6.3237598e-01  -4.6747399e-01
  -4.9047599e-01  -6.2168598e-01
  -3.0768399e-01  -7.3402098e-01
  -9.6944098e-02  -7.9100098e-01
   1.2263400e-01  -7.8466998e-01
   3.2979599e-01  -7.1581998e-01
   5.0639899e-01  -5.9355698e-01
   6.4075098e-01  -4.3153099e-01
   7.2730998e-01  -2.4345299e-01
   7.6366798e-01  -4.0854499e-02
   7.4766398e-01   1.6584800e-01
   6.7715698e-01   3.6453499e-01
   5.5277299e-01   5.3976699e-01
   3.8143599e-01   6.7439398e-01
   1.7772400e-01   7.5393898e-01
  -3.8495699e-02   7.7107498e-01
  -2.4699499e-01   7.2729098e-01
  -4.3172099e-01   6.3078798e-01
  -5.8232398e-01   4.9227099e-01
  -6.9233398e-01   3.2165999e-01
  -7.5609698e-01   1.2783000e-01
  -7.6739098e-01  -7.8979798e-02
  -7.2117798e-01  -2.8463099e-01
  -6.1736698e-01  -4.7110999e-01
  -4.6373599e-01  -6.1990798e-01
  -2.7556099e-01  -7.1695598e-01
  -7.1817298e-02  -7.5606498e-01
   1.2976700e-01  -7.3880198e-01
   3.1578699e-01  -6.7126898e-01
   4.7683399e-01  -5.6034699e-01
   6.0482198e-01  -4.1217599e-01
   6.9073298e-01  -2.3371399e-01
   7.2510798e-01  -3.5685599e-02
   7.0137998e-01   1.6593600e-01
   6.1979098e-01   3.5178699e-01
   4.8897999e-01   5.0367399e-01
   3.2390699e-01   6.0914998e-01
   1.4131600e-01   6.6334998e-01
  -4.4353499e-02   6.6726098e-01
  -2.2219099e-01   6.2415598e-01
  -3.8301199e-01   5.3707699e-01
  -5.1667599e-01   4.0926099e-01
  -6.1128698e-01   2.4693799e-01
  -6.5553098e-01   6.1959698e-02
  -6.4286898e-01  -1.2831400e-01
  -5.7472398e-01  -3.0446499e-01
  -4.6038899e-01  -4.4995299e-01
  -3.1361799e-01  -5.5454699e-01
  -1.4820800e-01  -6.1436198e-01
   2.4576399e-02  -6.2907898e-01
   1.9541699e-01  -5.9888298e-01
   3.5435099e-01  -5.2368099e-01
   4.8890899e-01  -4.0521899e-01
   5.8510598e-01  -2.5031799e-01
   6.3118998e-01  -7.2405798e-02
   6.2182698e-01   1.1033700e-01
   5.5991698e-01   2.7945799e-01
   4.5483699e-01   4.2068299e-01
   3.1840999e-01   5.2570099e-01
   1.6139700e-01   5.9065498e-01
  -7.2529398e-03   6.1308998e-01
  -1.7843300e-01   5.9013498e-01
  -3.4035799e-01   5.1956699e-01
  -4.7814999e-01   4.0303699e-01
  -5.7654898e-01   2.4887999e-01
  -6.2437898e-01   7.2069398e-02
  -6.1791198e-01  -1.0913200e-01
  -5.6100798e-01  -2.7789899e-01
  -4.6213499e-01  -4.2209299e-01
  -3.3052699e-01  -5.3429699e-01
  -1.7420900e-01  -6.0935198e-01
  -9.7563997e-04  -6.4187598e-01
   1.7897000e-01  -6.2614298e-01
   3.5136299e-01  -5.5874598e-01
   4.9919699e-01  -4.4212699e-01
   6.0673098e-01  -2.8626699e-01
   6.6383298e-01  -1.0696400e-01
   6.6796398e-01   7.8415198e-02
   6.2273698e-01   2.5508899e-01
   5.3442599e-01   4.1246399e-01
   4.0912199e-01   5.4272198e-01
   2.5253999e-01   6.3817498e-01
   7.2298398e-02   6.9006798e-01
  -1.1959000e-01   6.9024698e-01
  -3.0649999e-01   6.3481498e-01
  -4.7013099e-01   5.2719199e-01
  -5.9509898e-01   3.7826099e-01
  -6.7240298e-01   2.0328699e-01
  -6.9977798e-01   1.7560600e-02
  -6.7914798e-01  -1.6648600e-01
  -6.1344598e-01  -3.3917399e-01
  -5.0532899e-01  -4.9128599e-01
  -3.5867399e-01  -6.1206098e-01
  -1.8144899e-01  -6.8965498e-01
   1.2660100e-02  -7.1430598e-01
   2.0568199e-01  -6.8220898e-01
   3.7943199e-01  -5.9744598e-01
   5.1985999e-01  -4.7056599e-01
   6.1909498e-01  -3.1475299e-01
   6.7429098e-01  -1.4218300e-01
   6.8467598e-01   3.7194999e-02
   6.4942198e-01   2.1413299e-01
   5.6812998e-01   3.7766799e-01
   4.4354399e-01   5.1437299e-01
   2.8423999e-01   6.1049398e-01
   1.0487200e-01   6.5597698e-01
  -7.6726398e-02   6.4778198e-01
  -2.4402399e-01   5.9029598e-01
  -3.8515199e-01   4.9267199e-01
  -4.9330699e-01   3.6502599e-01
  -5.6454398e-01   2.1612399e-01
  -5.9519598e-01   5.3867498e-02
  -5.8127198e-01  -1.1235700e-01
  -5.2053198e-01  -2.6989699e-01
  -4.1570299e-01  -4.0365199e-01
  -2.7627299e-01  -4.9954799e-01
  -1.1718000e-01  -5.4862398e-01
   4.5068399e-02  -5.4915398e-01
   1.9649199e-01  -5.0553099e-01
   3.2751399e-01  -4.2494999e-01
   4.3188299e-01  -3.1437999e-01
   5.0410899e-01  -1.7990499e-01
   5.3791498e-01  -2.8552499e-02
   5.2731498e-01   1.2928800e-01
   4.6976099e-01   2.7931399e-01
   3.6907599e-01   4.0568099e-01
   2.3585699e-01   4.9517899e-01
   8.4797697e-02   5.4063398e-01
  -6.9490298e-02   5.4150298e-01
  -2.1551299e-01   5.0157399e-01
  -3.4514999e-01   4.2572999e-01
  -4.5159399e-01   3.1825599e-01
  -5.2718998e-01   1.8379099e-01
  -5.6337398e-01   2.9879499e-02
  -5.5321098e-01  -1.3130600e-01
  -4.9491199e-01  -2.8393299e-01
  -3.9380799e-01  -4.1209499e-01
  -2.6123199e-01  -5.0393298e-01
  -1.1094900e-01  -5.5380698e-01
   4.4556399e-02  -5.6140398e-01
   1.9564099e-01  -5.2887098e-01
   3.3435999e-01  -4.5839299e-01
   4.5213699e-01  -3.5210399e-01
   5.3866298e-01  -2.1428499e-01
   5.8344298e-01  -5.3876998e-02
   5.7929898e-01   1.1502300e-01
   5.2552098e-01   2.7561799e-01
   4.2845699e-01   4.1258099e-01
   2.9912099e-01   5.1543498e-01
   1.4942700e-01   5.7922798e-01
  -1.0414000e-02   6.0255298e-01
  -1.7188899e-01   5.8485398e-01
  -3.2614499e-01   5.2535998e-01
  -4.6212699e-01   4.2454999e-01
  -5.6694798e-01   2.8697499e-01
  -6.2880898e-01   1.2306100e-01
  -6.4078098e-01  -5.1875398e-02
  -6.0297198e-01  -2.2116199e-01
  -5.2167698e-01  -3.7079399e-01
  -4.0622199e-01  -4.9154898e-01
  -2.6576799e-01  -5.7825098e-01
  -1.0819200e-01  -6.2731498e-01
   5.8550398e-02  -6.3492998e-01
   2.2418499e-01  -5.9757898e-01
   3.7531799e-01  -5.1467398e-01
   4.9732498e-01  -3.9129499e-01
   5.7812698e-01  -2.3878999e-01
   6.1151998e-01  -7.2434798e-02
   5.9799398e-01   9.2549797e-02
   5.4270198e-01   2.4417899e-01
   4.5223699e-01   3.7432499e-01
   3.3259899e-01   4.7694699e-01
   1.8964499e-01   5.4587998e-01
   3.1281399e-02   5.7435498e-01
  -1.3076900e-01   5.5699898e-01
  -2.8156599e-01   4.9300798e-01
  -4.0608299e-01   3.8815299e-01
  -4.9311898e-01   2.5397899e-01
  -5.3759798e-01   1.0451900e-01
  -5.3997498e-01  -4.7399399e-02
  -5.0354498e-01  -1.9201999e-01
  -4.3184599e-01  -3.2188099e-01
  -3.2812399e-01  -4.2962199e-01
  -1.9706999e-01  -5.0664198e-01
  -4.7179299e-02  -5.4412998e-01
   1.0852700e-01  -5.3610698e-01
   2.5450599e-01  -4.8243498e-01
   3.7651799e-01  -3.8961199e-01
   4.6498199e-01  -2.6870199e-01
   5.1589498e-01  -1.3173000e-01
   5.2910898e-01   1.1097500e-02
   5.0563098e-01   1.5176000e-01
   4.4619499e-01   2.8266599e-01
   3.5222899e-01   3.9471999e-01
   2.2833499e-01   4.7727798e-01
   8.4128097e-02   5.2053098e-01
  -6.6384398e-02   5.1896298e-01
  -2.0792299e-01   4.7354598e-01
  -3.2777999e-01   3.9116999e-01
  -4.1807199e-01   2.8171399e-01
  -4.7527398e-01   1.5480800e-01
  -4.9789198e-01   1.8378799e-02
  -4.8441498e-01  -1.2037100e-01
  -4.3334099e-01  -2.5284799e-01
  -3.4532599e-01  -3.6800899e-01
  -2.2573599e-01  -4.5374499e-01
  -8.5439197e-02  -5.0019098e-01
   6.1154298e-02  -5.0290098e-01
   1.9979099e-01  -4.6382698e-01
   3.1957799e-01  -3.8953299e-01
   4.1386299e-01  -2.8803499e-01
   4.7869098e-01  -1.6649999e-01
   5.1053298e-01  -3.1262699e-02
   5.0540098e-01   1.1030100e-01
   4.6029098e-01   2.4797799e-01
   3.7597899e-01   3.6892199e-01
   2.5899099e-01   4.6030098e-01
   1.2108600e-01   5.1290198e-01
  -2.3727899e-02   5.2345498e-01
  -1.6280999e-01   4.9426798e-01
  -2.8696499e-01   4.3067799e-01
  -3.8998199e-01   3.3831299e-01
  -4.6656198e-01   2.2212499e-01
  -5.1074098e-01   8.7671497e-02
  -5.1641198e-01  -5.6720498e-02
  -4.7986598e-01  -1.9904799e-01
  -4.0257499e-01  -3.2521099e-01
  -2.9211099e-01  -4.2246099e-01
  -1.6036599e-01  -4.8266198e-01
  -2.0095099e-02  -5.0338298e-01
   1.1799500e-01  -4.8640498e-01
   2.4595999e-01  -4.3501399e-01
   3.5714899e-01  -3.5224999e-01
   4.4425599e-01  -2.4136799e-01
   4.9889298e-01  -1.0794100e-01
   5.1347198e-01   3.8336599e-02
   4.8429198e-01   1.8397399e-01
   4.1370599e-01   3.1442399e-01
   3.0977599e-01   4.1772699e-01
   1.8356999e-01   4.8687098e-01
   4.5891898e-02   5.1958998e-01
  -9.4472997e-02   5.1618298e-01
  -2.3016799e-01   4.7730298e-01
  -3.5333199e-01   4.0354199e-01
  -4.5436798e-01   2.9709299e-01
  -5.2287798e-01   1.6408899e-01
  -5.5053698e-01   1.5517699e-02
  -5.3410898e-01  -1.3439200e-01
  -4.7655298e-01  -2.7159399e-01
  -3.8549799e-01  -3.8543299e-01
  -2.7018599e-01  -4.6976498e-01
  -1.3897800e-01  -5.2168198e-01
   1.0371500e-03  -5.3924798e-01
   1.4249300e-01  -5.2030798e-01
   2.7596399e-01  -4.6344098e-01
   3.8986499e-01  -3.7038999e-01
   4.7264298e-01  -2.4800499e-01
   5.1609198e-01  -1.0797200e-01
   5.1769998e-01   3.5838899e-02
   4.8051998e-01   1.7087299e-01
   4.1082799e-01   2.8813099e-01
   3.1532599e-01   3.8200899e-01
   1.9984899e-01   4.4839598e-01
   7.0240598e-02   4.8293598e-01
  -6.5675398e-02   4.8112898e-01
  -1.9702599e-01   4.4042098e-01
  -3.1106599e-01   3.6278199e-01
  -3.9624499e-01   2.5576299e-01
  -4.4533798e-01   1.3101800e-01
  -4.5670598e-01   1.0859600e-03
  -4.3303798e-01  -1.2357500e-01
  -3.7872699e-01  -2.3556599e-01
  -2.9788699e-01  -3.2934599e-01
  -1.9440499e-01  -3.9928399e-01
  -7.3714597e-02  -4.3891598e-01
   5.5424798e-02  -4.4234498e-01
   1.8095099e-01  -4.0697699e-01
   2.8982099e-01  -3.3564599e-01
   3.7140399e-01  -2.3650899e-01
   4.1986599e-01  -1.2060700e-01
   4.3419498e-01   1.3297800e-03
   4.1618499e-01   1.2084000e-01
   3.6811599e-01   2.3145399e-01
   2.9196099e-01   3.2691599e-01
   1.9062899e-01   3.9977699e-01
   7.0085498e-02   4.4189798e-01
  -5.9598398e-02   4.4686898e-01
  -1.8549199e-01   4.1280899e-01
  -2.9489899e-01   3.4356699e-01
  -3.7846799e-01   2.4745199e-01
  -4.3147798e-01   1.3431600e-01
  -4.5277698e-01   1.2943800e-02
  -4.4253998e-01  -1.0965600e-01
  -4.0078799e-01  -2.2699499e-01
  -3.2788099e-01  -3.3133499e-01
  -2.2657699e-01  -4.1327399e-01
  -1.0390400e-01  -4.6346998e-01
   2.8876299e-02  -4.7561698e-01
   1.5857899e-01  -4.4872498e-01
   2.7341699e-01  -3.8718099e-01
   3.6532899e-01  -2.9859199e-01
   4.3005598e-01  -1.9096999e-01
   4.6538798e-01  -7.1142997e-02
   4.6928098e-01   5.4737898e-02
   4.3955198e-01   1.7943399e-01
   3.7550399e-01   2.9342199e-01
   2.8025499e-01   3.8568199e-01
   1.6186199e-01   4.4636498e-01
   3.2124699e-02   4.6973798e-01
  -9.6398397e-02   4.5553598e-01
  -2.1336199e-01   4.0792199e-01
  -3.1184099e-01   3.3293199e-01
  -3.8737899e-01   2.3630499e-01
  -4.3607398e-01   1.2313700e-01
  -4.5355298e-01  -6.9104697e-04
  -4.3591198e-01  -1.2680100e-01
  -3.8207899e-01  -2.4409799e-01
  -2.9585199e-01  -3.4070499e-01
  -1.8596999e-01  -4.0707699e-01
  -6.3938498e-02  -4.3838998e-01
   5.9085798e-02  -4.3476298e-01
   1.7441999e-01  -3.9940899e-01
   2.7588099e-01  -3.3625699e-01
   3.5819399e-01  -2.4882499e-01
   4.1547398e-01  -1.4105399e-01
   4.4135098e-01  -1.9188499e-02
   4.3096498e-01   1.0709500e-01
   3.8353199e-01   2.2561299e-01
   3.0361899e-01   3.2444799e-01
   2.0010899e-01   3.9494899e-01
   8.3459597e-02   4.3316298e-01
  -3.6983299e-02   4.3899898e-01
  -1.5397899e-01   4.1405998e-01
  -2.6142299e-01   3.5994499e-01
  -3.5264299e-01   2.7834599e-01
  -4.1973198e-01   1.7275099e-01
  -4.5485798e-01   5.0225298e-02
  -4.5290898e-01  -7.8408797e-02
  -4.1371098e-01  -2.0055699e-01
  -3.4226499e-01  -3.0496799e-01
  -2.4682199e-01  -3.8411299e-01
  -1.3610099e-01  -4.3449098e-01
  -1.7488799e-02  -4.5504898e-01
   1.0278400e-01  -4.4523498e-01
   2.1807999e-01  -4.0435298e-01
   3.2006799e-01  -3.3278199e-01
   3.9916298e-01  -2.3407199e-01
   4.4679698e-01  -1.1613300e-01
   4.5818498e-01   9.6727296e-03
   4.3374598e-01   1.3124600e-01
   3.7829199e-01   2.3865999e-01
   2.9861199e-01   3.2554799e-01
   2.0118699e-01   3.8838299e-01
   9.1531497e-02   4.2462398e-01
  -2.4677899e-02   4.3146798e-01
  -1.3995799e-01   4.0638898e-01
  -2.4456699e-01   3.4914699e-01
  -3.2804399e-01   2.6374099e-01
  -3.8202999e-01   1.5866299e-01
  -4.0260398e-01   4.5014698e-02
  -3.9067999e-01  -6.6447697e-02
  -3.5034799e-01  -1.6753399e-01
  -2.8648799e-01  -2.5287999e-01
  -2.0339199e-01  -3.1852499e-01
  -1.0524600e-01  -3.6030399e-01
   2.2052999e-03  -3.7361999e-01
   1.1044800e-01  -3.5502499e-01
   2.0879699e-01  -3.0454699e-01
   2.8680599e-01  -2.2699999e-01
   3.3710299e-01  -1.3120199e-01
   3.5689399e-01  -2.7437599e-02
   3.4732299e-01   7.5217597e-02
   3.1138699e-01   1.7010599e-01
   2.5207099e-01   2.5225699e-01
   1.7208299e-01   3.1673299e-01
   7.5222297e-02   3.5772399e-01
  -3.1931199e-02   3.6943999e-01
  -1.3964099e-01   3.4839499e-01
  -2.3665399e-01   2.9550799e-01
  -3.1306099e-01   2.1648399e-01
  -3.6264899e-01   1.2009900e-01
  -3.8337399e-01   1.5497699e-02
  -3.7593599e-01  -8.9766396e-02
  -3.4176399e-01  -1.8984299e-01
  -2.8206099e-01  -2.7921299e-01
  -1.9862299e-01  -3.5131899e-01
  -9.5667596e-02  -3.9866998e-01
   1.8944599e-02  -4.1470598e-01
   1.3436599e-01  -3.9631598e-01
   2.3919599e-01  -3.4528499e-01
   3.2428699e-01  -2.6765399e-01
   3.8425498e-01  -1.7144199e-01
   4.1696598e-01  -6.4268997e-02
   4.2174598e-01   4.7589398e-02
   3.9793598e-01   1.5837699e-01
   3.4502999e-01   2.6131199e-01
   2.6432699e-01   3.4794299e-01
   1.6073699e-01   4.0932898e-01
   4.3166398e-02   4.3853798e-01
  -7.7102897e-02   4.3290398e-01
  -1.8921699e-01   3.9454898e-01
  -2.8502899e-01   3.2890899e-01
  -3.5959099e-01   2.4235399e-01
  -4.0991698e-01   1.4058499e-01
  -4.3332398e-01   2.8767999e-02
  -4.2691798e-01  -8.7043997e-02
  -3.8876998e-01  -1.9867699e-01
  -3.1999299e-01  -2.9616899e-01
  -2.2605899e-01  -3.6984799e-01
  -1.1622200e-01  -4.1299798e-01
  -1.1936700e-03  -4.2342898e-01
   1.0951400e-01  -4.0303798e-01
   2.0898899e-01  -3.5584299e-01
   2.9244199e-01  -2.8600799e-01
   3.5565799e-01  -1.9726999e-01
   3.9392398e-01  -9.3986096e-02
   4.0257198e-01   1.7299599e-02
   3.7893098e-01   1.2732399e-01
   3.2432799e-01   2.2543499e-01
   2.4460099e-01   3.0220399e-01
   1.4862499e-01   3.5175299e-01
   4.5724398e-02   3.7239598e-01
  -5.6381998e-02   3.6540399e-01
  -1.5195199e-01   3.3300399e-01
  -2.3604499e-01   2.7720399e-01
  -3.0311899e-01   2.0026699e-01
  -3.4685299e-01   1.0632000e-01
  -3.6166199e-01   2.5964899e-03
  -3.4497899e-01  -1.0096100e-01
  -2.9873599e-01  -1.9382799e-01
  -2.2893599e-01  -2.6757399e-01
  -1.4355999e-01  -3.1745099e-01
  -5.0189898e-02  -3.4207799e-01
   4.5133998e-02  -3.4175699e-01
   1.3734099e-01  -3.1689699e-01
   2.2086699e-01  -2.6783799e-01
   2.8883599e-01  -1.9618099e-01
   3.3387799e-01  -1.0648500e-01
   3.5031199e-01  -6.8053697e-03
   3.3628899e-01   9.2638196e-02
   2.9443599e-01   1.8203199e-01
   2.3057799e-01   2.5423499e-01
   1.5143299e-01   3.0542499e-01
   6.2875597e-02   3.3401999e-01
  -3.0208199e-02   3.3898899e-01
  -1.2268899e-01   3.1906299e-01
  -2.0791999e-01   2.7355499e-01
  -2.7778399e-01   2.0416599e-01
  -3.2440599e-01   1.1631200e-01
  -3.4258699e-01   1.8758699e-02
  -3.3137699e-01  -7.8452197e-02
  -2.9379099e-01  -1.6656299e-01
  -2.3496399e-01  -2.3960799e-01
  -1.6009999e-01  -2.9412999e-01
  -7.3636097e-02  -3.2770099e-01
