   7.8155800e+00   7.5276800e-02
   7.3356700e+00   2.2803200e+00
   6.1154500e+00   4.1026200e+00
   4.4076800e+00   5.2982800e+00
   2.5233600e+00   5.7781500e+00
   7.4453600e-01   5.5947300e+00
  -7.2573800e-01   4.8884400e+00
  -1.7672300e+00   3.8323800e+00
  -2.3219700e+00   2.6043700e+00
  -2.3811300e+00   1.3852300e+00
  -1.9943000e+00   3.5898100e-01
  -1.2878800e+00  -3.1000500e-01
  -4.6297700e-01  -5.2433100e-01
   2.4688500e-01  -2.9920300e-01
   6.4852600e-01   2.2853300e-01
   6.5633500e-01   8.4445600e-01
   3.1527600e-01   1.3365300e+00
  -2.3401100e-01   1.5693300e+00
  -8.2642300e-01   1.5139700e+00
  -1.3375300e+00   1.2239500e+00
  -1.7085100e+00   7.8110200e-01
  -1.9271700e+00   2.5100100e-01
  -1.9914500e+00  -3.2620500e-01
  -1.8894900e+00  -9.1425900e-01
  -1.6116200e+00  -1.4571800e+00
  -1.1800000e+00  -1.8816100e+00
  -6.6493500e-01  -2.1293200e+00
  -1.6569300e-01  -2.1961900e+00
   2.3762000e-01  -2.1445000e+00
   5.2969300e-01  -2.0727300e+00
   7.6932500e-01  -2.0578400e+00
   1.0522600e+00  -2.1073600e+00
   1.4498500e+00  -2.1536200e+00
   1.9631500e+00  -2.0944300e+00
   2.5214500e+00  -1.8527600e+00
   3.0232500e+00  -1.4162900e+00
   3.3888900e+00  -8.3366000e-01
   3.5891200e+00  -1.7600400e-01
   3.6340800e+00   5.0391600e-01
   3.5383700e+00   1.1845000e+00
   3.2946200e+00   1.8540800e+00
   2.8793400e+00   2.4780100e+00
   2.2868100e+00   2.9860600e+00
   1.5625100e+00   3.2961000e+00
   8.0532600e-01   3.3602700e+00
   1.3045800e-01   3.2000900e+00
  -3.8504800e-01   2.9020900e+00
  -7.3734900e-01   2.5732100e+00
  -9.8676600e-01   2.2842400e+00
  -1.2106100e+00   2.0387600e+00
  -1.4503600e+00   1.7871200e+00
  -1.6886800e+00   1.4732700e+00
  -1.8692600e+00   1.0798200e+00
  -1.9414600e+00   6.4038100e-01
  -1.8952300e+00   2.1381400e-01
  -1.7615800e+00  -1.5638800e-01
  -1.5817800e+00  -4.6472900e-01
  -1.3729900e+00  -7.3153700e-01
  -1.1198200e+00  -9.6788900e-01
  -8.0011000e-01  -1.1486800e+00
  -4.2455400e-01  -1.2192900e+00
  -5.6799800e-02  -1.1351600e+00
   2.0661900e-01  -9.0663600e-01
   2.8759900e-01  -6.1464600e-01
   1.7589200e-01  -3.8175000e-01
  -5.7115200e-02  -3.1437800e-01
  -2.9017800e-01  -4.5236200e-01
  -4.0861800e-01  -7.5658000e-01
  -3.4913600e-01  -1.1386100e+00
  -1.0768300e-01  -1.5078200e+00
   2.8656000e-01  -1.8023500e+00
   8.0399500e-01  -1.9864500e+00
   1.4252000e+00  -2.0251400e+00
   2.1214100e+00  -1.8654400e+00
   2.8241400e+00  -1.4475800e+00
   3.4150900e+00  -7.4419700e-01
   3.7541200e+00   1.9949500e-01
   3.7346500e+00   1.2569700e+00
   3.3333800e+00   2.2558200e+00
   2.6220100e+00   3.0398200e+00
   1.7335500e+00   3.5213300e+00
   8.0509200e-01   3.6945700e+00
  -6.6582100e-02   3.6076100e+00
  -8.3274800e-01   3.3182900e+00
  -1.4681200e+00   2.8671800e+00
  -1.9413900e+00   2.2836600e+00
  -2.2092400e+00   1.6132200e+00
  -2.2406800e+00   9.3645300e-01
  -2.0519100e+00   3.5705400e-01
  -1.7207400e+00  -3.8946100e-02
  -1.3633900e+00  -2.2578100e-01
  -1.0840300e+00  -2.5112900e-01
  -9.2916900e-01  -2.0802500e-01
  -8.7659900e-01  -1.8274100e-01
  -8.6514100e-01  -2.1294400e-01
  -8.4269100e-01  -2.8262000e-01
  -7.9837500e-01  -3.5342000e-01
  -7.5784900e-01  -4.0615600e-01
  -7.4899800e-01  -4.6036300e-01
  -7.6712400e-01  -5.5806300e-01
  -7.6798000e-01  -7.2593700e-01
  -6.9464800e-01  -9.4673400e-01
  -5.1761900e-01  -1.1633800e+00
  -2.5682900e-01  -1.3137800e+00
   3.1970600e-02  -1.3703300e+00
   2.9687600e-01  -1.3540200e+00
   5.2566300e-01  -1.3120500e+00
   7.5037400e-01  -1.2756500e+00
   1.0165800e+00  -1.2299300e+00
   1.3399700e+00  -1.1194800e+00
   1.6827900e+00  -8.8630000e-01
   1.9682200e+00  -5.1293500e-01
   2.1229800e+00  -3.9564300e-02
   2.1175700e+00   4.5707000e-01
   1.9761900e+00   9.0683500e-01
   1.7509800e+00   1.2799300e+00
   1.4818300e+00   1.5876900e+00
   1.1729600e+00   1.8527100e+00
   8.0320000e-01   2.0735600e+00
   3.6075300e-01   2.2134300e+00
  -1.2665400e-01   2.2223600e+00
  -5.9163600e-01   2.0768100e+00
  -9.5979500e-01   1.8055000e+00
  -1.1923300e+00   1.4803800e+00
  -1.3073600e+00   1.1772200e+00
  -1.3638200e+00   9.3333000e-01
  -1.4191900e+00   7.3233300e-01
  -1.4913200e+00   5.2625600e-01
  -1.5514600e+00   2.7777700e-01
  -1.5518900e+00  -8.7909800e-03
  -1.4662300e+00  -2.9002200e-01
  -1.3115900e+00  -5.1601400e-01
  -1.1363200e+00  -6.6719500e-01
  -9.8377400e-01  -7.6677700e-01
  -8.6053900e-01  -8.5951900e-01
  -7.3421900e-01  -9.7357600e-01
  -5.6263400e-01  -1.0954000e+00
  -3.3210100e-01  -1.1777700e+00
  -7.4952400e-02  -1.1756900e+00
   1.4815000e-01  -1.0832800e+00
   2.8895200e-01  -9.4347300e-01
   3.4559400e-01  -8.2221500e-01
   3.6466100e-01  -7.6545900e-01
   4.0959600e-01  -7.6988900e-01
   5.1846500e-01  -7.8818800e-01
   6.8152800e-01  -7.6404200e-01
   8.5374500e-01  -6.7036500e-01
   9.9108600e-01  -5.2271700e-01
   1.0820500e+00  -3.5939000e-01
   1.1503200e+00  -2.0521400e-01
   1.2272700e+00  -4.8371900e-02
   1.3165900e+00   1.5084300e-01
   1.3796600e+00   4.2532200e-01
   1.3548200e+00   7.6696200e-01
   1.1976400e+00   1.1198600e+00
   9.1289500e-01   1.4076200e+00
   5.5462600e-01   1.5760000e+00
   1.9387800e-01   1.6206500e+00
  -1.2243600e-01   1.5806300e+00
  -3.9209200e-01   1.5037500e+00
  -6.4383400e-01   1.4103100e+00
  -9.0155700e-01   1.2823400e+00
  -1.1548500e+00   1.0852800e+00
  -1.3589500e+00   8.0454700e-01
  -1.4642100e+00   4.6779900e-01
  -1.4525700e+00   1.3498800e-01
  -1.3527100e+00  -1.3700400e-01
  -1.2218400e+00  -3.2888900e-01
  -1.1073300e+00  -4.6670300e-01
  -1.0166200e+00  -5.9695100e-01
  -9.1775300e-01  -7.4790700e-01
  -7.6986300e-01  -9.0622700e-01
  -5.6018500e-01  -1.0264200e+00
  -3.1950000e-01  -1.0659100e+00
  -1.0409200e-01  -1.0190300e+00
   4.2344400e-02  -9.2424700e-01
   1.1838000e-01  -8.3897400e-01
   1.6402500e-01  -8.0067800e-01
   2.3031800e-01  -8.0320700e-01
   3.4233300e-01  -8.0545500e-01
   4.8322900e-01  -7.6506000e-01
   6.1066000e-01  -6.7109300e-01
   6.9216000e-01  -5.5086300e-01
   7.3177200e-01  -4.4598500e-01
   7.6702800e-01  -3.7656800e-01
   8.3819500e-01  -3.2157800e-01
   9.5312500e-01  -2.3132200e-01
   1.0747900e+00  -6.3581800e-02
   1.1418300e+00   1.8318700e-01
   1.1076800e+00   4.6433800e-01
   9.7001700e-01   7.1548500e-01
   7.6946700e-01   8.9160000e-01
   5.5936200e-01   9.9036400e-01
   3.6980200e-01   1.0436300e+00
   1.9275800e-01   1.0850000e+00
  -1.5178400e-03   1.1192800e+00
  -2.3066100e-01   1.1175900e+00
  -4.7608200e-01   1.0418400e+00
  -6.8819800e-01   8.7941800e-01
  -8.1800500e-01   6.6076700e-01
  -8.5156700e-01   4.4528700e-01
  -8.2123300e-01   2.8484500e-01
  -7.8452000e-01   1.9135900e-01
  -7.8564600e-01   1.3213100e-01
  -8.2755700e-01   5.6113600e-02
  -8.7433700e-01  -6.8531300e-02
  -8.8111800e-01  -2.3322600e-01
  -8.2830600e-01  -3.9898000e-01
  -7.3426400e-01  -5.2875100e-01
  -6.3750100e-01  -6.1657300e-01
  -5.6288700e-01  -6.9074900e-01
  -4.9866500e-01  -7.8855800e-01
  -4.0276500e-01  -9.2201700e-01
  -2.3447400e-01  -1.0613800e+00
   1.2013200e-02  -1.1499400e+00
   2.9753300e-01  -1.1400300e+00
   5.5936500e-01  -1.0241600e+00
   7.4874200e-01  -8.3868200e-01
   8.5725000e-01  -6.3767400e-01
   9.1347100e-01  -4.5702200e-01
   9.5371100e-01  -2.9528400e-01
   9.8996600e-01  -1.2489500e-01
   9.9986700e-01   7.6056200e-02
   9.4620400e-01   2.9685100e-01
   8.1075700e-01   4.9356300e-01
   6.1597400e-01   6.1619800e-01
   4.1704600e-01   6.4353500e-01
   2.6922400e-01   5.9943800e-01
   1.9397900e-01   5.3805600e-01
   1.6861900e-01   5.0845900e-01
   1.4652200e-01   5.2449400e-01
   9.2377100e-02   5.6145500e-01
   6.0235600e-03   5.8083900e-01
  -8.2426600e-02   5.6341300e-01
  -1.4139500e-01   5.2494000e-01
  -1.6754600e-01   5.0253300e-01
  -1.9276100e-01   5.2233200e-01
  -2.6222700e-01   5.7372800e-01
  -3.9966700e-01   6.1066000e-01
  -5.8591600e-01   5.8014900e-01
  -7.6735000e-01   4.5761500e-01
  -8.8852500e-01   2.6321900e-01
  -9.2542500e-01   4.7521100e-02
  -8.9548800e-01  -1.4253500e-01
  -8.3814100e-01  -2.9199700e-01
  -7.8162300e-01  -4.2012600e-01
  -7.2172100e-01  -5.5610100e-01
  -6.2843300e-01  -7.0801900e-01
  -4.7485100e-01  -8.4984100e-01
  -2.6532400e-01  -9.3696400e-01
  -4.0345300e-02  -9.3889200e-01
   1.4673500e-01  -8.6401300e-01
   2.6451800e-01  -7.5703200e-01
   3.2410700e-01  -6.6996400e-01
   3.6991900e-01  -6.2746100e-01
   4.4723000e-01  -6.1161500e-01
   5.7006100e-01  -5.7696500e-01
   7.1242400e-01  -4.8415000e-01
   8.2830700e-01  -3.2721500e-01
   8.8437800e-01  -1.3499600e-01
   8.8041600e-01   5.2958400e-02
   8.4257400e-01   2.1623700e-01
   7.9584100e-01   3.6547000e-01
   7.3829400e-01   5.2687100e-01
   6.3847900e-01   7.1154400e-01
   4.5948700e-01   8.9405000e-01
   1.9246200e-01   1.0183800e+00
  -1.2571400e-01   1.0291400e+00
  -4.2487500e-01   9.0662000e-01
  -6.3666600e-01   6.8114800e-01
  -7.2843300e-01   4.1674100e-01
  -7.1334000e-01   1.7624800e-01
  -6.3192700e-01  -7.3035300e-03
  -5.2106400e-01  -1.3429600e-01
  -3.9448400e-01  -2.1789900e-01
  -2.4867200e-01  -2.5851500e-01
  -8.7215900e-02  -2.3565300e-01
   5.8405000e-02  -1.2518900e-01
   1.3142000e-01   7.0894000e-02
   7.7712700e-02   3.0631800e-01
  -1.1900900e-01   5.0072100e-01
  -4.1983500e-01   5.7468200e-01
  -7.4445600e-01   4.8762500e-01
  -1.0078300e+00   2.5411500e-01
  -1.1557200e+00  -7.0716100e-02
  -1.1770300e+00  -4.2434400e-01
  -1.0886300e+00  -7.6436100e-01
  -9.0832100e-01  -1.0724100e+00
  -6.3924600e-01  -1.3359800e+00
  -2.7802900e-01  -1.5270300e+00
   1.6094200e-01  -1.5985400e+00
   6.2687500e-01  -1.5054400e+00
   1.0382600e+00  -1.2363300e+00
   1.3135600e+00  -8.3201800e-01
   1.4083000e+00  -3.7512300e-01
   1.3338600e+00   4.4917000e-02
   1.1454400e+00   3.6936400e-01
   9.0807900e-01   5.8649500e-01
   6.6441800e-01   7.1840500e-01
   4.2501300e-01   7.9098300e-01
   1.8460900e-01   8.1076300e-01
  -5.1920400e-02   7.6536400e-01
  -2.5655400e-01   6.4497300e-01
  -3.8948800e-01   4.6557100e-01
  -4.2646300e-01   2.7319300e-01
  -3.8028600e-01   1.2334500e-01
  -2.9836800e-01   4.9416300e-02
  -2.3595300e-01   4.3323900e-02
  -2.2328400e-01   6.3326900e-02
  -2.5008200e-01   6.4144800e-02
  -2.7838300e-01   2.7973800e-02
  -2.7406500e-01  -2.5718300e-02
  -2.3386200e-01  -5.8081600e-02
  -1.8834800e-01  -4.2587100e-02
  -1.7940400e-01   1.3153900e-02
  -2.2957100e-01   7.1261600e-02
  -3.2617400e-01   8.9472600e-02
  -4.3143000e-01   4.9056900e-02
  -5.0987300e-01  -3.6130600e-02
  -5.5150600e-01  -1.3541500e-01
  -5.7293700e-01  -2.2859100e-01
  -5.9615000e-01  -3.2263200e-01
  -6.2226800e-01  -4.4406300e-01
  -6.2194800e-01  -6.1234200e-01
  -5.5159000e-01  -8.1487100e-01
  -3.8468400e-01  -1.0038900e+00
  -1.3547200e-01  -1.1196700e+00
   1.4311900e-01  -1.1247500e+00
   3.8690600e-01  -1.0254800e+00
   5.5463300e-01  -8.6603000e-01
   6.4569100e-01  -6.9957200e-01
   6.9051700e-01  -5.5756500e-01
   7.2274100e-01  -4.3811700e-01
   7.5467000e-01  -3.1947800e-01
   7.7375900e-01  -1.8572300e-01
   7.6051900e-01  -4.3254100e-02
   7.1145100e-01   8.4893800e-02
   6.4683700e-01   1.8165300e-01
   5.9552900e-01   2.5596200e-01
   5.6774600e-01   3.4196800e-01
   5.3763300e-01   4.7487100e-01
   4.5151900e-01   6.5945300e-01
   2.5936500e-01   8.5441400e-01
  -5.0489400e-02   9.8568600e-01
  -4.3649300e-01   9.8192600e-01
  -8.1891600e-01   8.1005100e-01
  -1.1145300e+00   4.8913500e-01
  -1.2683800e+00   7.6600900e-02
  -1.2644300e+00  -3.6039700e-01
  -1.1136100e+00  -7.6718700e-01
  -8.3468800e-01  -1.1042100e+00
  -4.4646600e-01  -1.3344800e+00
   2.1664100e-02  -1.4132800e+00
   5.1154000e-01  -1.2960900e+00
   9.3036800e-01  -9.6500600e-01
   1.1703500e+00  -4.5693000e-01
   1.1486300e+00   1.2853400e-01
   8.4612700e-01   6.5264600e-01
   3.2180900e-01   9.8333300e-01
  -3.0650700e-01   1.0393800e+00
  -9.0344800e-01   8.1045700e-01
  -1.3558700e+00   3.4669800e-01
  -1.5920500e+00  -2.6953000e-01
  -1.5781000e+00  -9.4859000e-01
  -1.3055300e+00  -1.6021300e+00
  -7.8717500e-01  -2.1388400e+00
  -6.7448000e-02  -2.4632500e+00
   7.6368400e-01  -2.4912800e+00
   1.5716000e+00  -2.1811800e+00
   2.2038400e+00  -1.5625500e+00
   2.5357300e+00  -7.4212500e-01
   2.5126700e+00   1.2316200e-01
   2.1657900e+00   8.7517900e-01
   1.5934100e+00   1.4011100e+00
   9.2017700e-01   1.6552500e+00
   2.5809900e-01   1.6504100e+00
  -3.1217300e-01   1.4320400e+00
  -7.3791400e-01   1.0558900e+00
  -9.8286500e-01   5.8202100e-01
  -1.0246500e+00   8.1090300e-02
  -8.6665300e-01  -3.6268800e-01
  -5.5378200e-01  -6.6514200e-01
  -1.7432900e-01  -7.7087800e-01
   1.6249800e-01  -6.8048200e-01
   3.6613600e-01  -4.5616500e-01
   4.0008600e-01  -1.9779700e-01
   2.9213400e-01  -4.8403400e-04
   1.1348000e-01   8.2707600e-02
  -5.9656400e-02   5.2715100e-02
  -1.7842200e-01  -5.2140600e-02
  -2.3048500e-01  -1.8640200e-01
  -2.2628000e-01  -3.1984800e-01
  -1.7816600e-01  -4.3959900e-01
  -9.0676500e-02  -5.3674400e-01
   3.1783800e-02  -5.9409100e-01
   1.6960300e-01  -5.8926600e-01
   2.8234400e-01  -5.1308500e-01
   3.2306600e-01  -3.8839200e-01
   2.6642400e-01  -2.7145300e-01
   1.3147600e-01  -2.2938200e-01
  -1.8823000e-02  -3.0489500e-01
  -1.0458200e-01  -4.9036900e-01
  -6.7412900e-02  -7.2847900e-01
   1.0282200e-01  -9.3950900e-01
   3.6822900e-01  -1.0581000e+00
   6.6720600e-01  -1.0571500e+00
   9.4476400e-01  -9.4682700e-01
   1.1691600e+00  -7.5493800e-01
   1.3276800e+00  -5.0636000e-01
   1.4110600e+00  -2.1736100e-01
   1.4037100e+00   9.3883500e-02
   1.2907300e+00   3.9366800e-01
   1.0766800e+00   6.3241000e-01
   7.9965600e-01   7.6333200e-01
   5.2513100e-01   7.6959300e-01
   3.1854000e-01   6.8011500e-01
   2.1195300e-01   5.5999800e-01
   1.8653500e-01   4.7828600e-01
   1.8328000e-01   4.7182200e-01
   1.3610400e-01   5.2726300e-01
   6.9752500e-03   5.9141100e-01
  -1.9756300e-01   6.0153400e-01
  -4.3541100e-01   5.1545300e-01
  -6.5315500e-01   3.2406600e-01
  -8.0691300e-01   4.3644300e-02
  -8.6741100e-01  -2.9993400e-01
  -8.1188900e-01  -6.7898800e-01
  -6.1705800e-01  -1.0575300e+00
  -2.6621800e-01  -1.3790800e+00
   2.2942500e-01  -1.5653500e+00
   8.0987700e-01  -1.5363800e+00
   1.3649700e+00  -1.2466200e+00
   1.7612300e+00  -7.1724000e-01
   1.8875600e+00  -4.3785300e-02
   1.6970500e+00   6.2854900e-01
   1.2236300e+00   1.1504600e+00
   5.6725900e-01   1.4121000e+00
  -1.4057500e-01   1.3654800e+00
  -7.7070600e-01   1.0218400e+00
  -1.2152300e+00   4.3546800e-01
  -1.3920100e+00  -3.0991200e-01
  -1.2467200e+00  -1.1052300e+00
  -7.6360000e-01  -1.8172700e+00
   1.5736500e-02  -2.3006500e+00
   9.7941800e-01  -2.4283900e+00
   1.9549800e+00  -2.1332400e+00
   2.7474200e+00  -1.4397000e+00
   3.1936700e+00  -4.6699800e-01
   3.2094400e+00   6.0246400e-01
   2.8074300e+00   1.5756400e+00
   2.0814600e+00   2.2981600e+00
   1.1696900e+00   2.6808200e+00
   2.1790100e-01   2.6995600e+00
  -6.4234900e-01   2.3807100e+00
  -1.3008800e+00   1.7875700e+00
  -1.6728400e+00   1.0158100e+00
  -1.7103300e+00   1.9138600e-01
  -1.4209000e+00  -5.4174400e-01
  -8.8005800e-01  -1.0509300e+00
  -2.2216400e-01  -1.2535400e+00
   3.9461200e-01  -1.1459500e+00
   8.3720800e-01  -8.0485800e-01
   1.0374800e+00  -3.5724700e-01
   1.0039500e+00   6.6587900e-02
   8.0249400e-01   3.7357400e-01
   5.2049600e-01   5.2419900e-01
   2.3569300e-01   5.2338100e-01
   3.4364900e-03   3.9964500e-01
  -1.3948800e-01   1.8978200e-01
  -1.6775100e-01  -6.3309400e-02
  -6.9491600e-02  -3.0599900e-01
   1.4177300e-01  -4.7598600e-01
   4.1694900e-01  -5.1898100e-01
   6.7718500e-01  -4.1423000e-01
   8.4004700e-01  -1.9232700e-01
   8.5498900e-01   6.9890300e-02
   7.2792000e-01   2.7909500e-01
   5.1934800e-01   3.6529000e-01
   3.1633600e-01   3.0986000e-01
   1.9453700e-01   1.4723000e-01
   1.9154300e-01  -5.7788900e-02
   3.0361400e-01  -2.4052000e-01
   5.0154300e-01  -3.5624600e-01
   7.4995900e-01  -3.8148400e-01
   1.0156600e+00  -3.0376600e-01
   1.2626600e+00  -1.1456900e-01
   1.4443700e+00   1.8510400e-01
   1.5067300e+00   5.7019600e-01
   1.4069100e+00   9.8231200e-01
   1.1381300e+00   1.3387100e+00
   7.4325900e-01   1.5601600e+00
   3.0456500e-01   1.6036600e+00
  -8.7628800e-02   1.4803300e+00
  -3.7045900e-01   1.2470400e+00
  -5.2806600e-01   9.7683300e-01
  -5.8553300e-01   7.2624600e-01
  -5.8421700e-01   5.1837800e-01
  -5.5634200e-01   3.4828000e-01
  -5.1448500e-01   2.0190300e-01
  -4.5862300e-01   7.2060500e-02
  -3.8995900e-01  -3.9843600e-02
  -3.1699100e-01  -1.3417000e-01
  -2.4764800e-01  -2.2267200e-01
  -1.7477300e-01  -3.2508100e-01
  -6.9775600e-02  -4.5169300e-01
   1.0547500e-01  -5.8411300e-01
   3.7227700e-01  -6.7074900e-01
   7.1058500e-01  -6.4508800e-01
   1.0540500e+00  -4.5914000e-01
   1.3108900e+00  -1.1295000e-01
   1.4002900e+00   3.3765500e-01
   1.2844400e+00   7.9953800e-01
   9.7967700e-01   1.1754500e+00
   5.4440900e-01   1.3930500e+00
   5.5790300e-02   1.4165700e+00
  -4.0899000e-01   1.2419200e+00
  -7.7871000e-01   8.8710000e-01
  -9.8641100e-01   3.8997100e-01
  -9.7239600e-01  -1.8491100e-01
  -6.9998100e-01  -7.4056300e-01
  -1.7943500e-01  -1.1566400e+00
   5.1541600e-01  -1.3183800e+00
   1.2533700e+00  -1.1557400e+00
   1.8781900e+00  -6.7309200e-01
   2.2545400e+00   4.7299800e-02
   2.3059900e+00   8.7061400e-01
   2.0287900e+00   1.6502800e+00
   1.4794800e+00   2.2640000e+00
   7.4922500e-01   2.6311800e+00
  -5.8749400e-02   2.7121800e+00
  -8.3968000e-01   2.5010800e+00
  -1.4902500e+00   2.0238100e+00
  -1.9153700e+00   1.3435100e+00
  -2.0461300e+00   5.6384400e-01
  -1.8641500e+00  -1.8233400e-01
  -1.4175400e+00  -7.6293300e-01
  -8.1431900e-01  -1.0851600e+00
  -1.9117700e-01  -1.1238000e+00
   3.2937100e-01  -9.2380400e-01
   6.7281900e-01  -5.7618400e-01
   8.2250800e-01  -1.8108300e-01
   8.0544900e-01   1.8216300e-01
   6.6775600e-01   4.6558100e-01
   4.5639400e-01   6.4575700e-01
   2.1513400e-01   7.1258000e-01
  -1.0596700e-02   6.6606200e-01
  -1.7247000e-01   5.2342200e-01
  -2.2988800e-01   3.2702900e-01
  -1.6885000e-01   1.4057000e-01
  -1.5536000e-02   2.8849900e-02
   1.6839000e-01   2.9868900e-02
   3.1048100e-01   1.3596700e-01
   3.5993400e-01   2.9707100e-01
   3.0921000e-01   4.4552700e-01
   1.9261800e-01   5.2817800e-01
   6.4347600e-02   5.2717200e-01
  -2.9018900e-02   4.5933100e-01
  -6.4749000e-02   3.5854900e-01
  -4.2107000e-02   2.5602700e-01
   3.0798300e-02   1.7191100e-01
   1.4749000e-01   1.2086200e-01
   3.0132500e-01   1.2208700e-01
   4.7383100e-01   2.0083200e-01
   6.2546300e-01   3.7596600e-01
   7.0082200e-01   6.4089900e-01
   6.4983900e-01   9.5270600e-01
   4.5353100e-01   1.2405500e+00
   1.3768700e-01   1.4316400e+00
  -2.3542100e-01   1.4805400e+00
  -5.9302200e-01   1.3845400e+00
  -8.7981900e-01   1.1770500e+00
  -1.0718100e+00   9.0541500e-01
  -1.1705200e+00   6.0887000e-01
  -1.1858300e+00   3.1035600e-01
  -1.1226100e+00   2.4120800e-02
  -9.8101200e-01  -2.3117200e-01
  -7.6840300e-01  -4.2748900e-01
  -5.1061700e-01  -5.3667500e-01
  -2.5046600e-01  -5.4745600e-01
  -3.1500900e-02  -4.7628900e-01
   1.2273600e-01  -3.6169000e-01
   2.1894900e-01  -2.4379300e-01
   2.8547600e-01  -1.4236500e-01
   3.4986600e-01  -4.8490900e-02
   4.1783000e-01   6.4049400e-02
   4.6806300e-01   2.1557800e-01
   4.6624700e-01   4.0160000e-01
   3.8813200e-01   5.9095500e-01
   2.3570000e-01   7.4148100e-01
   3.6153100e-02   8.2140400e-01
  -1.7364000e-01   8.2162200e-01
  -3.6448200e-01   7.5196200e-01
  -5.2118800e-01   6.2714000e-01
  -6.3501700e-01   4.5567500e-01
  -6.9105300e-01   2.4174000e-01
  -6.6391500e-01  -1.4536400e-03
  -5.2871300e-01  -2.3867500e-01
  -2.8161400e-01  -4.1336900e-01
   4.4544000e-02  -4.6600400e-01
   3.8251700e-01  -3.6091000e-01
   6.5222000e-01  -1.0529800e-01
   7.9000500e-01   2.5155600e-01
   7.6899500e-01   6.3817400e-01
   6.0029700e-01   9.8701000e-01
   3.1804500e-01   1.2514400e+00
  -3.8723700e-02   1.4064200e+00
  -4.3451200e-01   1.4383100e+00
  -8.3307300e-01   1.3365400e+00
  -1.1887700e+00   1.0967400e+00
  -1.4460800e+00   7.3357100e-01
  -1.5533400e+00   2.9193800e-01
  -1.4846900e+00  -1.5596300e-01
  -1.2559200e+00  -5.3070300e-01
  -9.2226100e-01  -7.7330500e-01
  -5.5739600e-01  -8.6460300e-01
  -2.2551300e-01  -8.2511200e-01
   3.7395700e-02  -6.9694500e-01
   2.2383900e-01  -5.2069200e-01
   3.4044100e-01  -3.2208000e-01
   3.9210100e-01  -1.1461900e-01
   3.7708400e-01   8.8039300e-02
   2.9537900e-01   2.6313300e-01
   1.6135300e-01   3.8257600e-01
   7.8728900e-03   4.2770500e-01
  -1.2428300e-01   4.0339400e-01
  -2.0605200e-01   3.3927400e-01
  -2.3513200e-01   2.7490900e-01
  -2.3510900e-01   2.3784400e-01
  -2.3841900e-01   2.2931200e-01
  -2.6447600e-01   2.2736400e-01
  -3.0785800e-01   2.0496500e-01
  -3.4412700e-01   1.5011100e-01
  -3.4822900e-01   7.4010600e-02
  -3.1171900e-01   2.5167500e-03
  -2.4669500e-01  -4.1717100e-02
  -1.7480600e-01  -5.2535800e-02
  -1.1099000e-01  -3.9481100e-02
  -5.5139100e-02  -1.4685700e-02
   1.8142600e-03   2.1060600e-02
   6.2643900e-02   8.1010000e-02
   1.1229600e-01   1.8080000e-01
   1.2055400e-01   3.2089000e-01
   5.8693100e-02   4.7685100e-01
  -8.0999100e-02   6.0608400e-01
  -2.7676200e-01   6.6769400e-01
  -4.8635600e-01   6.4253700e-01
  -6.6757400e-01   5.4017100e-01
  -7.9635800e-01   3.8887000e-01
  -8.7089200e-01   2.1686400e-01
  -9.0070100e-01   3.8699700e-02
  -8.9082000e-01  -1.4409100e-01
  -8.3414600e-01  -3.3026000e-01
  -7.1811500e-01  -5.0564600e-01
  -5.4021400e-01  -6.4135900e-01
  -3.1953100e-01  -7.0617100e-01
  -9.4182900e-02  -6.8463200e-01
   9.4953600e-02  -5.8750700e-01
   2.2334600e-01  -4.4638800e-01
   2.9144100e-01  -2.9590200e-01
   3.1711900e-01  -1.5603300e-01
   3.1807700e-01  -2.6871900e-02
   2.9753000e-01   1.0126100e-01
   2.4379200e-01   2.3087300e-01
   1.4363400e-01   3.4705700e-01
  -1.1940300e-03   4.2219100e-01
  -1.6732200e-01   4.3241400e-01
  -3.1856600e-01   3.7368700e-01
  -4.2416200e-01   2.6551100e-01
  -4.7337100e-01   1.3959400e-01
  -4.7626000e-01   2.1918100e-02
  -4.5093600e-01  -7.8633900e-02
  -4.0765600e-01  -1.6725700e-01
  -3.4229600e-01  -2.4914900e-01
  -2.4419700e-01  -3.1627100e-01
  -1.1203100e-01  -3.4618100e-01
   3.5151400e-02  -3.1487900e-01
   1.6128900e-01  -2.1462700e-01
   2.2995700e-01  -6.3480300e-02
   2.2318500e-01   1.0101200e-01
   1.4946600e-01   2.4006000e-01
   3.5800900e-02   3.3137200e-01
  -8.9928700e-02   3.7456800e-01
  -2.1326700e-01   3.8180700e-01
  -3.3433700e-01   3.6207100e-01
  -4.5638900e-01   3.1183100e-01
  -5.7200000e-01   2.1937300e-01
  -6.5887400e-01   7.9094100e-02
  -6.8958500e-01  -9.5982800e-02
  -6.4857800e-01  -2.7414200e-01
  -5.4377200e-01  -4.1874300e-01
  -4.0368200e-01  -5.0660300e-01
  -2.6159100e-01  -5.3807800e-01
  -1.3783300e-01  -5.3181500e-01
  -3.2610700e-02  -5.0840200e-01
   6.6160000e-02  -4.7513800e-01
   1.6661900e-01  -4.2304000e-01
   2.6109300e-01  -3.3777800e-01
   3.2774800e-01  -2.1571000e-01
   3.4452400e-01  -7.2404900e-02
   3.0474100e-01   6.3108100e-02
   2.2252400e-01   1.6427600e-01
   1.2394500e-01   2.2130800e-01
   3.0606100e-02   2.4331300e-01
  -5.1957900e-02   2.4707000e-01
  -1.3247800e-01   2.4138000e-01
  -2.2048300e-01   2.1929400e-01
  -3.1193200e-01   1.6442200e-01
  -3.8553400e-01   6.6694900e-02
  -4.1333800e-01  -6.4457300e-02
  -3.7836400e-01  -1.9990400e-01
  -2.8657500e-01  -3.0445700e-01
  -1.6450400e-01  -3.5502400e-01
  -4.4314600e-02  -3.5067300e-01
   5.2898200e-02  -3.0811300e-01
   1.2385400e-01  -2.4688700e-01
   1.7604800e-01  -1.7595300e-01
   2.1360600e-01  -9.1712400e-02
   2.2800000e-01   1.1634800e-02
   2.0152600e-01   1.2830800e-01
   1.2135900e-01   2.3547700e-01
  -6.5776900e-03   3.0161800e-01
  -1.5499800e-01   3.0356700e-01
  -2.8688600e-01   2.4029000e-01
  -3.7381500e-01   1.3339700e-01
  -4.0840700e-01   1.3985000e-02
  -4.0272900e-01  -9.4754900e-02
  -3.7471600e-01  -1.8695900e-01
  -3.3335700e-01  -2.6957800e-01
  -2.7380500e-01  -3.4857000e-01
  -1.8562400e-01  -4.1729500e-01
  -6.7134500e-02  -4.5663100e-01
   6.5927100e-02  -4.4707100e-01
   1.8491700e-01  -3.8366200e-01
   2.6332800e-01  -2.8217900e-01
   2.9158500e-01  -1.7138500e-01
   2.8078200e-01  -7.6638700e-02
   2.5268600e-01  -6.5956700e-03
   2.2352600e-01   4.7538400e-02
   1.9359500e-01   1.0017000e-01
   1.5018900e-01   1.5623500e-01
   8.1224800e-02   2.0451400e-01
  -1.1143000e-02   2.2447300e-01
  -1.0757600e-01   2.0144600e-01
  -1.8179100e-01   1.3861000e-01
  -2.1651300e-01   5.6583200e-02
  -2.1333900e-01  -1.9158500e-02
  -1.8932300e-01  -7.3747700e-02
  -1.6308400e-01  -1.0986200e-01
  -1.4109300e-01  -1.4127800e-01
  -1.1449300e-01  -1.7835900e-01
  -6.8698900e-02  -2.1686600e-01
   1.7791300e-03  -2.3890400e-01
   8.4891600e-02  -2.2549600e-01
   1.5579700e-01  -1.7137900e-01
   1.9164900e-01  -9.0776599e-02
   1.8564800e-01  -9.6255599e-03
   1.5008800e-01   5.0169600e-02
   1.0634100e-01   8.2956300e-02
   6.9446000e-02   9.9280299e-02
   3.8848200e-02   1.1409600e-01
   2.0364200e-03   1.3258400e-01
  -5.2088900e-02   1.4457400e-01
  -1.2066100e-01   1.3191100e-01
  -1.8502000e-01   8.3146700e-02
  -2.2135200e-01   4.3032500e-03
  -2.1602400e-01  -8.2646800e-02
  -1.7424900e-01  -1.5269600e-01
  -1.1566800e-01  -1.9265500e-01
  -6.0290700e-02  -2.0706900e-01
  -1.5370700e-02  -2.1110000e-01
   2.6991700e-02  -2.1614200e-01
   7.9992900e-02  -2.1933500e-01
   1.4781600e-01  -2.0512900e-01
   2.1808600e-01  -1.5780000e-01
   2.6719300e-01  -7.5435600e-02
   2.7487200e-01   2.5305300e-02
   2.3736100e-01   1.1749300e-01
   1.6953800e-01   1.7937100e-01
   9.4622099e-02   2.0575500e-01
   2.9256300e-02   2.0735300e-01
  -2.4922500e-02   1.9913200e-01
  -7.7300100e-02   1.8703600e-01
  -1.3550900e-01   1.6344100e-01
  -1.9423500e-01   1.1484300e-01
  -2.3476200e-01   3.5785700e-02
  -2.3618300e-01  -6.1947500e-02
  -1.9019700e-01  -1.5242300e-01
  -1.0847100e-01  -2.0932500e-01
  -1.6911300e-02  -2.2073700e-01
   5.9199100e-02  -1.9445500e-01
   1.0856600e-01  -1.5035100e-01
   1.3645700e-01  -1.0581900e-01
   1.5538800e-01  -6.5233200e-02
   1.7173200e-01  -2.0980700e-02
   1.7890300e-01   3.5405200e-02
   1.6248100e-01   1.0124900e-01
   1.1326000e-01   1.5976000e-01
   3.7938200e-02   1.8901400e-01
  -4.1269400e-02   1.7652700e-01
  -9.8516699e-02   1.2859500e-01
  -1.1945200e-01   6.7223800e-02
  -1.0876200e-01   1.6599500e-02
  -8.4856799e-02  -1.1226000e-02
  -6.5881200e-02  -2.1317900e-02
  -5.7478700e-02  -2.8424300e-02
  -5.1153400e-02  -4.3299900e-02
  -3.3866000e-02  -6.3432200e-02
  -9.6831599e-04  -7.5186800e-02
   3.7845500e-02  -6.5482600e-02
   6.4413900e-02  -3.3718500e-02
   6.5463400e-02   5.5808900e-03
   4.3220000e-02   3.1871300e-02
   1.4955500e-02   3.2905800e-02
   1.4138900e-03   1.3612900e-02
   1.2446400e-02  -7.1915700e-03
   4.0345200e-02  -9.9726199e-03
   6.5671000e-02   1.2078300e-02
   7.1120800e-02   4.9044100e-02
   5.3126000e-02   8.2325499e-02
   2.2792700e-02   9.8347799e-02
  -4.0314800e-03   9.7489499e-02
  -1.9565800e-02   9.1663999e-02
  -2.9746600e-02   9.2782099e-02
  -4.8319800e-02   1.0134700e-01
  -8.3967999e-02   1.0433900e-01
  -1.3054700e-01   8.4417299e-02
  -1.6831600e-01   3.3747300e-02
  -1.7579200e-01  -3.7970300e-02
  -1.4384200e-01  -1.0752300e-01
  -8.1806999e-02  -1.5163000e-01
  -1.1319900e-02  -1.6023500e-01
   4.7483100e-02  -1.4027900e-01
   8.7201599e-02  -1.0777600e-01
   1.1390400e-01  -7.4711999e-02
   1.3752500e-01  -4.0915300e-02
   1.5997000e-01   3.0004000e-03
   1.7060500e-01   6.4232800e-02
   1.5301400e-01   1.3714700e-01
   9.8136599e-02   2.0217600e-01
   1.3767000e-02   2.3584000e-01
  -7.7101699e-02   2.2498100e-01
  -1.4838600e-01   1.7496000e-01
  -1.8503600e-01   1.0589400e-01
  -1.8927300e-01   3.9790700e-02
  -1.7497900e-01  -1.2003200e-02
  -1.5505500e-01  -5.2110600e-02
  -1.3163000e-01  -8.9464799e-02
  -9.6513299e-02  -1.2729300e-01
  -4.1220700e-02  -1.5657800e-01
   3.1580100e-02  -1.6050900e-01
   1.0458300e-01  -1.2683000e-01
   1.5372400e-01  -5.8797800e-02
   1.6217900e-01   2.3828100e-02
   1.3048500e-01   9.4973099e-02
   7.5503799e-02   1.3660700e-01
   1.9108200e-02   1.4719600e-01
  -2.5056300e-02   1.3865000e-01
  -5.7248800e-02   1.2472500e-01
  -8.6202699e-02   1.1006000e-01
  -1.1755000e-01   8.8195299e-02
  -1.4566300e-01   4.9780000e-02
  -1.5568600e-01  -5.8245900e-03
  -1.3456700e-01  -6.5099200e-02
  -8.2707799e-02  -1.0603200e-01
  -1.7118300e-02  -1.1137600e-01
   3.6945300e-02  -8.0049299e-02
   6.0327800e-02  -2.8357000e-02
   5.0346200e-02   1.9952100e-02
   2.0145900e-02   4.7700300e-02
  -1.1903400e-02   5.2529700e-02
  -3.4564000e-02   4.4107700e-02
  -4.8754000e-02   3.3376600e-02
  -6.2120400e-02   2.2757400e-02
  -7.8239799e-02   5.1189600e-03
  -8.9686499e-02  -2.7771500e-02
  -8.1160599e-02  -7.4243899e-02
  -4.0952900e-02  -1.1839700e-01
   2.7726300e-02  -1.3684000e-01
   1.0442300e-01  -1.1253900e-01
   1.6065600e-01  -4.6226600e-02
   1.7484600e-01   4.2703800e-02
   1.4299800e-01   1.2650300e-01
   7.8317899e-02   1.8335600e-01
   9.7727099e-04   2.0598500e-01
  -7.3874599e-02   1.9954200e-01
  -1.4111300e-01   1.7192000e-01
  -2.0087600e-01   1.2512500e-01
  -2.4914300e-01   5.4968400e-02
  -2.7249800e-01  -4.0627100e-02
  -2.5265500e-01  -1.5170000e-01
  -1.7851300e-01  -2.5354500e-01
  -5.7169200e-02  -3.1502000e-01
   8.4662199e-02  -3.1344100e-01
   2.1089900e-01  -2.4643100e-01
   2.9186700e-01  -1.3286700e-01
   3.1564100e-01  -2.5588500e-03
   2.8836400e-01   1.1806000e-01
   2.2490500e-01   2.1472500e-01
   1.3783100e-01   2.8387800e-01
   3.3063300e-02   3.2417000e-01
  -8.5371799e-02   3.2931000e-01
  -2.0669700e-01   2.8903500e-01
  -3.0938600e-01   1.9806500e-01
  -3.6688700e-01   6.5969799e-02
  -3.6045500e-01  -8.0615099e-02
  -2.9047100e-01  -2.0677200e-01
  -1.7802000e-01  -2.8438200e-01
  -5.4998500e-02  -3.0397100e-01
   5.0954600e-02  -2.7581900e-01
   1.2699600e-01  -2.2031500e-01
   1.7493000e-01  -1.5487400e-01
   2.0210400e-01  -8.6593199e-02
   2.1132700e-01  -1.4906400e-02
   1.9786800e-01   5.9341700e-02
   1.5552500e-01   1.2677700e-01
   8.6317099e-02   1.7089000e-01
   5.2931900e-03   1.7752300e-01
  -6.4416399e-02   1.4535900e-01
  -1.0363200e-01   8.9042299e-02
  -1.0784400e-01   3.1807500e-02
  -8.8810399e-02  -7.7152299e-03
  -6.5691899e-02  -2.5408100e-02
  -5.1990000e-02  -3.1436700e-02
  -4.7542700e-02  -4.0398200e-02
  -4.1000600e-02  -5.9296199e-02
  -2.0432700e-02  -8.2162999e-02
   1.6183800e-02  -9.4976699e-02
   5.8477499e-02  -8.6754899e-02
   9.0842999e-02  -5.8189899e-02
   1.0353400e-01  -2.1278800e-02
   9.9094799e-02   9.5900499e-03
   8.9241399e-02   2.8068800e-02
   8.4741999e-02   3.9663100e-02
   8.6278899e-02   5.5946900e-02
   8.3571699e-02   8.3673799e-02
   6.3701399e-02   1.1734000e-01
   2.2427800e-02   1.4128200e-01
  -3.0213800e-02   1.4019500e-01
  -7.4660699e-02   1.1050800e-01
  -9.3891099e-02   6.4155299e-02
  -8.4304699e-02   2.1776300e-02
  -5.7703699e-02   2.2586700e-05
  -3.3129800e-02   1.8941400e-03
  -2.4603100e-02   1.6628800e-02
  -3.3507000e-02   2.8577900e-02
  -5.0540300e-02   2.8033300e-02
  -6.4820599e-02   1.5968700e-02
  -7.2468999e-02  -2.5612000e-04
  -7.7797099e-02  -1.5980100e-02
  -8.6356699e-02  -3.5124800e-02
  -9.5831699e-02  -6.7465799e-02
  -9.2818599e-02  -1.1882300e-01
  -5.9286299e-02  -1.8166500e-01
   1.4920600e-02  -2.3396500e-01
   1.2216000e-01  -2.4849700e-01
   2.3699700e-01  -2.0718200e-01
   3.2676700e-01  -1.1132600e-01
   3.6614300e-01   1.8720500e-02
   3.4665100e-01   1.5364900e-01
   2.7611000e-01   2.6781100e-01
   1.7025900e-01   3.4622500e-01
   4.4028400e-02   3.8287400e-01
  -9.0946399e-02   3.7416800e-01
  -2.2184200e-01   3.1494400e-01
  -3.2878600e-01   2.0179100e-01
  -3.8489300e-01   4.1834700e-02
  -3.6511000e-01  -1.4031700e-01
  -2.5964500e-01  -3.0461300e-01
  -8.3284599e-02  -4.0791100e-01
   1.2633300e-01  -4.2059000e-01
   3.2150900e-01  -3.3799700e-01
   4.6128200e-01  -1.8039600e-01
   5.2294800e-01   1.7520900e-02
   5.0321400e-01   2.2017700e-01
   4.1120000e-01   3.9955200e-01
   2.6050500e-01   5.3537599e-01
   6.6692399e-02   6.1073599e-01
  -1.4921100e-01   6.1000499e-01
  -3.5657200e-01   5.2336899e-01
  -5.1710000e-01   3.5580700e-01
  -5.9520699e-01   1.3337000e-01
  -5.7219199e-01  -9.9912299e-02
  -4.5565100e-01  -2.9525200e-01
  -2.7758400e-01  -4.1611600e-01
  -8.1638599e-02  -4.4969900e-01
   9.3269299e-02  -4.0689200e-01
   2.2382500e-01  -3.1219900e-01
   3.0296600e-01  -1.9105400e-01
   3.3283100e-01  -6.2531499e-02
   3.1727200e-01   5.9764599e-02
   2.6013100e-01   1.6247900e-01
   1.6967300e-01   2.2988900e-01
   6.3753899e-02   2.4805900e-01
  -3.0878200e-02   2.1360100e-01
  -8.7379299e-02   1.4012000e-01
  -9.1252299e-02   5.5993299e-02
  -4.8292000e-02  -7.0227999e-03
   1.7868900e-02  -2.8188100e-02
   7.7738199e-02  -6.4162299e-03
   1.1020700e-01   4.1999900e-02
   1.1044400e-01   9.4492999e-02
   8.7480299e-02   1.3444800e-01
   5.4704399e-02   1.5682900e-01
   2.0917400e-02   1.6489300e-01
  -1.1808900e-02   1.6237600e-01
  -4.3200000e-02   1.4839700e-01
  -6.8296099e-02   1.1945200e-01
  -7.6098599e-02   7.6579199e-02
  -5.5700399e-02   3.1069600e-02
  -5.8473999e-03   2.7430100e-03
   5.9578699e-02   1.0371100e-02
   1.1534700e-01   6.0120399e-02
   1.3663000e-01   1.4003700e-01
   1.1153400e-01   2.2483500e-01
   4.6403200e-02   2.8824400e-01
  -3.9229600e-02   3.1502100e-01
  -1.2411600e-01   3.0523900e-01
  -1.9518600e-01   2.6913800e-01
  -2.4969200e-01   2.1747200e-01
  -2.8957600e-01   1.5493200e-01
  -3.1382900e-01   8.1154799e-02
  -3.1569400e-01  -2.5439000e-03
  -2.8724200e-01  -8.7193399e-02
  -2.2757000e-01  -1.5683200e-01
  -1.4759400e-01  -1.9629900e-01
  -6.6673899e-02  -2.0070000e-01
  -2.4998800e-03  -1.7923500e-01
   3.8936500e-02  -1.4983300e-01
   6.6049399e-02  -1.2775100e-01
   9.4813299e-02  -1.1582900e-01
   1.3690700e-01  -1.0317800e-01
   1.9094900e-01  -7.3114699e-02
   2.4264500e-01  -1.4764900e-02
   2.7328000e-01   6.9626699e-02
   2.7024100e-01   1.6617100e-01
   2.3232300e-01   2.5759900e-01
   1.6700000e-01   3.3165200e-01
   8.3090899e-02   3.8353300e-01
  -1.4482200e-02   4.1156700e-01
  -1.2328800e-01   4.1093000e-01
  -2.3664200e-01   3.7198700e-01
  -3.3773700e-01   2.8610200e-01
  -4.0092700e-01   1.5553900e-01
  -4.0142900e-01   3.9789800e-05
  -3.2828200e-01  -1.4582400e-01
  -1.9239600e-01  -2.4445700e-01
  -2.4295200e-02  -2.6982000e-01
   1.3726600e-01  -2.1650800e-01
   2.5892000e-01  -9.8816999e-02
   3.2092800e-01   5.8069199e-02
   3.1697200e-01   2.2795500e-01
   2.4863700e-01   3.8838700e-01
   1.2097500e-01   5.1919199e-01
  -5.6559999e-02   5.9917699e-01
  -2.6507500e-01   6.0691399e-01
  -4.7290399e-01   5.2788399e-01
  -6.3954499e-01   3.6437800e-01
  -7.2743299e-01   1.4097500e-01
  -7.1601299e-01  -9.9745399e-02
  -6.0999899e-01  -3.1053300e-01
  -4.3681400e-01  -4.5512399e-01
  -2.3483500e-01  -5.1793399e-01
  -3.9541700e-02  -5.0351599e-01
   1.2485400e-01  -4.2819700e-01
   2.4540400e-01  -3.1072100e-01
   3.1530500e-01  -1.6800200e-01
   3.2999200e-01  -1.6932500e-02
   2.8857400e-01   1.2215900e-01
   1.9927100e-01   2.2613200e-01
   8.3188999e-02   2.7590700e-01
  -2.8898000e-02   2.6597300e-01
  -1.0712200e-01   2.0968300e-01
  -1.3503500e-01   1.3540000e-01
  -1.1640600e-01   7.4508399e-02
  -7.1887899e-02   4.7902199e-02
  -2.7607000e-02   5.8768899e-02
  -2.8322500e-03   9.5236699e-02
  -3.9121500e-03   1.3996000e-01
  -2.6812800e-02   1.7957200e-01
  -6.4484099e-02   2.0805800e-01
  -1.1245700e-01   2.2341200e-01
  -1.6845300e-01   2.2221000e-01
  -2.2730900e-01   1.9804900e-01
  -2.7680100e-01   1.4611900e-01
  -2.9954500e-01   7.0611799e-02
  -2.8139600e-01  -1.1470200e-02
  -2.2123900e-01  -7.4557399e-02
  -1.3513600e-01  -9.5594699e-02
  -5.1120599e-02  -6.5517699e-02
   2.8478600e-03   6.0781799e-03
   1.0605300e-02   9.5930999e-02
  -2.7617300e-02   1.7827300e-01
  -9.9462799e-02   2.3491200e-01
  -1.8933800e-01   2.5846600e-01
  -2.8512000e-01   2.4843500e-01
  -3.7848300e-01   2.0501100e-01
  -4.6022799e-01   1.2665800e-01
  -5.1616999e-01   1.3788500e-02
  -5.2872899e-01  -1.2468500e-01
  -4.8459699e-01  -2.6809200e-01
  -3.8361900e-01  -3.8826600e-01
  -2.4224300e-01  -4.6000399e-01
  -8.8242099e-02  -4.7155899e-01
   5.0613699e-02  -4.2845199e-01
   1.5700100e-01  -3.4829600e-01
   2.2736400e-01  -2.5037600e-01
   2.6696000e-01  -1.4707400e-01
   2.8122000e-01  -4.2400299e-02
   2.7020300e-01   6.2596299e-02
   2.3001300e-01   1.6286700e-01
   1.5937900e-01   2.4695900e-01
   6.5534099e-02   3.0141800e-01
  -3.5902700e-02   3.1866500e-01
  -1.2757400e-01   3.0211000e-01
  -1.9890300e-01   2.6421000e-01
  -2.5015000e-01   2.1856800e-01
  -2.8890500e-01   1.7177800e-01
  -3.2157800e-01   1.2107600e-01
  -3.4633600e-01   5.9600299e-02
  -3.5292000e-01  -1.4666900e-02
  -3.2976500e-01  -9.3046299e-02
  -2.7337400e-01  -1.5799800e-01
  -1.9318600e-01  -1.9166900e-01
  -1.0841400e-01  -1.8531700e-01
  -3.9095600e-02  -1.4325900e-01
   2.3969400e-03  -7.9080699e-02
   1.3870800e-02  -7.4886999e-03
  -9.2985899e-04   6.1959999e-02
  -3.8959600e-02   1.2494400e-01
  -1.0096500e-01   1.7715600e-01
  -1.8823200e-01   2.0903900e-01
  -2.9556900e-01   2.0591400e-01
  -4.0658499e-01   1.5471700e-01
  -4.9608099e-01   5.3198599e-02
  -5.3933899e-01  -8.5030899e-02
  -5.2289599e-01  -2.3375400e-01
  -4.5005499e-01  -3.6422000e-01
  -3.3783500e-01  -4.5593299e-01
  -2.0785300e-01  -5.0173499e-01
  -7.7467599e-02  -5.0505599e-01
   4.3348499e-02  -4.7269499e-01
   1.4869000e-01  -4.0927499e-01
   2.3123600e-01  -3.1748000e-01
   2.8027600e-01  -2.0307400e-01
   2.8576900e-01  -7.9583599e-02
   2.4571600e-01   3.2503400e-02
   1.7093800e-01   1.1295600e-01
   8.2731599e-02   1.5118000e-01
   3.8831999e-03   1.5135100e-01
  -5.1547799e-02   1.2946300e-01
  -8.3178299e-02   1.0401400e-01
  -1.0106600e-01   8.6396599e-02
  -1.1702400e-01   7.7073299e-02
  -1.3677900e-01   6.9317699e-02
  -1.5816400e-01   5.6856099e-02
  -1.7572300e-01   3.9290699e-02
  -1.8724900e-01   2.1376900e-02
  -1.9659000e-01   7.3146699e-03
  -2.1025700e-01  -4.7568099e-03
  -2.3058200e-01  -2.3011700e-02
  -2.5114000e-01  -5.6063299e-02
  -2.5874400e-01  -1.0509200e-01
  -2.4137600e-01  -1.6006100e-01
  -1.9678700e-01  -2.0341500e-01
  -1.3565000e-01  -2.1933100e-01
  -7.6860499e-02  -2.0247300e-01
  -3.8010099e-02  -1.6052000e-01
  -2.7369200e-02  -1.0913700e-01
  -4.2340099e-02  -6.3291199e-02
  -7.4477899e-02  -3.1098500e-02
  -1.1647300e-01  -1.3977600e-02
  -1.6546300e-01  -1.1827800e-02
  -2.2035300e-01  -2.8082600e-02
  -2.7590900e-01  -6.9766499e-02
  -3.1917300e-01  -1.4185300e-01
  -3.3223300e-01  -2.4005200e-01
  -3.0049000e-01  -3.4788900e-01
  -2.2116900e-01  -4.4116699e-01
  -1.0619400e-01  -4.9767099e-01
   2.2720700e-02  -5.0611499e-01
   1.4356900e-01  -4.6885499e-01
   2.4195200e-01  -3.9725699e-01
   3.1268700e-01  -3.0373200e-01
   3.5530600e-01  -1.9637700e-01
   3.6804599e-01  -7.9686399e-02
   3.4577000e-01   4.0228799e-02
   2.8377100e-01   1.5110900e-01
   1.8447500e-01   2.3538300e-01
   6.1404299e-02   2.7683900e-01
  -6.3482199e-02   2.6884000e-01
  -1.6814900e-01   2.1824800e-01
  -2.3930800e-01   1.4204400e-01
  -2.7600700e-01   5.8753699e-02
  -2.8598200e-01  -1.9556200e-02
  -2.7790700e-01  -8.9570299e-02
  -2.5542300e-01  -1.5251800e-01
  -2.1711800e-01  -2.0748200e-01
  -1.6192100e-01  -2.4789000e-01
  -9.5093499e-02  -2.6419400e-01
  -2.9579800e-02  -2.5074300e-01
   1.8955200e-02  -2.1148000e-01
   4.0154899e-02  -1.5978500e-01
   3.4317800e-02  -1.1210400e-01
   1.1174400e-02  -7.9677899e-02
  -1.7005400e-02  -6.4095399e-02
  -4.2941099e-02  -5.9589499e-02
  -6.7122599e-02  -5.9982599e-02
  -9.4128899e-02  -6.4810299e-02
  -1.2568400e-01  -7.9926899e-02
  -1.5608500e-01  -1.1220300e-01
  -1.7378000e-01  -1.6250100e-01
  -1.6812400e-01  -2.2247400e-01
  -1.3635900e-01  -2.7789200e-01
  -8.5597299e-02  -3.1625900e-01
  -2.8302200e-02  -3.3325900e-01
   2.5418800e-02  -3.3342500e-01
   7.3042999e-02  -3.2477100e-01
   1.1867700e-01  -3.1160400e-01
   1.6691700e-01  -2.9104700e-01
   2.1643400e-01  -2.5586300e-01
   2.5839300e-01  -2.0136800e-01
   2.8106400e-01  -1.3104400e-01
   2.7728200e-01  -5.6422999e-02
   2.4918600e-01   8.8424599e-03
   2.0668600e-01   5.6456299e-02
   1.6081200e-01   8.7035699e-02
   1.1690000e-01   1.0726300e-01
   7.2660799e-02   1.2295400e-01
   2.2418100e-02   1.3342100e-01
  -3.5867399e-02   1.3145900e-01
  -9.6296899e-02   1.0899500e-01
  -1.4688100e-01   6.4103899e-02
  -1.7631300e-01   4.0357199e-03
  -1.8070300e-01  -5.8119399e-02
  -1.6534500e-01  -1.1072700e-01
  -1.4031000e-01  -1.4952700e-01
  -1.1329000e-01  -1.7793700e-01
  -8.5109899e-02  -2.0177600e-01
  -5.1210699e-02  -2.2267900e-01
  -7.8080099e-03  -2.3541900e-01
   4.2195099e-02  -2.3133200e-01
   8.8310099e-02  -2.0534300e-01
   1.1758100e-01  -1.6125900e-01
   1.2216700e-01  -1.1122600e-01
   1.0392800e-01  -6.9532799e-02
   7.2775299e-02  -4.5147599e-02
   4.0109799e-02  -3.8227199e-02
   1.2285600e-02  -4.2817299e-02
  -1.1183600e-02  -5.3300999e-02
  -3.3666999e-02  -6.9410799e-02
  -5.5156799e-02  -9.5857799e-02
  -6.8924999e-02  -1.3687400e-01
  -6.4079499e-02  -1.8998300e-01
  -3.2451399e-02  -2.4405000e-01
   2.5161400e-02  -2.8352300e-01
   9.8041398e-02  -2.9618000e-01
   1.7071800e-01  -2.7904300e-01
   2.3064000e-01  -2.3845000e-01
   2.7300500e-01  -1.8459900e-01
   2.9967800e-01  -1.2483600e-01
   3.1360100e-01  -6.0715599e-02
   3.1349800e-01   9.2239799e-03
   2.9326800e-01   8.3538499e-02
   2.4674600e-01   1.5386100e-01
   1.7423000e-01   2.0644200e-01
   8.5628999e-02   2.2864500e-01
  -2.5591300e-03   2.1595200e-01
  -7.4654399e-02   1.7447200e-01
  -1.2260900e-01   1.1716500e-01
  -1.4767000e-01   5.6513899e-02
  -1.5616100e-01  -1.1463700e-03
  -1.5293900e-01  -5.5846699e-02
  -1.3763600e-01  -1.0918700e-01
  -1.0643500e-01  -1.5874600e-01
  -5.7767199e-02  -1.9643700e-01
   2.8260900e-03  -2.1240600e-01
   6.2842999e-02  -2.0168900e-01
   1.0839100e-01  -1.6858400e-01
   1.3141100e-01  -1.2521900e-01
   1.3344400e-01  -8.5094099e-02
   1.2329000e-01  -5.6058299e-02
   1.1036900e-01  -3.7586399e-02
   9.8686398e-02  -2.4006000e-02
   8.5690799e-02  -1.0911700e-02
   6.6552699e-02   2.6652300e-04
   4.0263099e-02   3.0221600e-03
   1.2629400e-02  -8.8183899e-03
  -6.3163099e-03  -3.5318199e-02
  -8.6514099e-03  -6.8877899e-02
   6.1247399e-03  -9.8297298e-02
   3.0857799e-02  -1.1555600e-01
   5.5837799e-02  -1.2031800e-01
   7.5468699e-02  -1.1883600e-01
   9.1557698e-02  -1.1813700e-01
   1.1081700e-01  -1.1988300e-01
   1.3851900e-01  -1.1856300e-01
   1.7312600e-01  -1.0536300e-01
   2.0596100e-01  -7.4824399e-02
   2.2619700e-01  -2.9312500e-02
   2.2743700e-01   2.1993300e-02
   2.1106400e-01   6.8743399e-02
   1.8400900e-01   1.0539900e-01
   1.5286100e-01   1.3309400e-01
   1.1899500e-01   1.5613900e-01
   7.8534499e-02   1.7609100e-01
   2.7222000e-02   1.8820200e-01
  -3.3593199e-02   1.8327700e-01
  -9.4603498e-02   1.5385300e-01
  -1.4195600e-01   1.0023300e-01
  -1.6427800e-01   3.1916499e-02
  -1.5846900e-01  -3.6746299e-02
  -1.3031200e-01  -9.3634498e-02
  -8.9764898e-02  -1.3375400e-01
  -4.4644499e-02  -1.5879200e-01
   2.6157700e-03  -1.7225100e-01
   5.2985599e-02  -1.7436400e-01
   1.0563700e-01  -1.6099800e-01
   1.5406100e-01  -1.2752200e-01
   1.8705800e-01  -7.4616899e-02
   1.9438200e-01  -1.1316100e-02
   1.7315800e-01   4.7522099e-02
   1.3037800e-01   8.7994098e-02
   7.9535699e-02   1.0368300e-01
   3.3636199e-02   9.7557698e-02
  -6.1321999e-04   7.8213699e-02
  -2.3651900e-02   5.3473199e-02
  -3.8942099e-02   2.6121700e-02
  -4.7531999e-02  -5.3120799e-03
  -4.5781599e-02  -4.1811999e-02
  -2.8104700e-02  -7.9328599e-02
   7.4451099e-03  -1.0842900e-01
   5.5264599e-02  -1.1885900e-01
   1.0334700e-01  -1.0586200e-01
   1.3909500e-01  -7.3578199e-02
   1.5587400e-01  -3.2874799e-02
   1.5571500e-01   4.9950699e-03
   1.4638400e-01   3.4457099e-02
   1.3510800e-01   5.7224899e-02
   1.2361400e-01   7.8614999e-02
   1.0802300e-01   1.0164100e-01
   8.3360899e-02   1.2350700e-01
   4.9001099e-02   1.3715100e-01
   1.0662600e-02   1.3656200e-01
  -2.2665400e-02   1.2166600e-01
  -4.4581899e-02   9.8896098e-02
  -5.5427499e-02   7.6884899e-02
  -6.1493299e-02   6.0447599e-02
  -6.9779999e-02   4.7411699e-02
  -8.2194399e-02   3.0742399e-02
  -9.3549398e-02   4.4503699e-03
  -9.4920698e-02  -3.1082699e-02
  -7.9933799e-02  -6.8313099e-02
  -4.9388099e-02  -9.6864498e-02
  -1.0899600e-02  -1.0978500e-01
   2.6026600e-02  -1.0717900e-01
   5.5716699e-02  -9.4725298e-02
   7.8591499e-02  -7.8483699e-02
   9.8466698e-02  -6.0151199e-02
   1.1723800e-01  -3.6501299e-02
   1.3132100e-01  -3.4254599e-03
   1.3287200e-01   3.8622099e-02
   1.1511900e-01   8.2159398e-02
   7.7930899e-02   1.1540900e-01
   2.9391399e-02   1.2855200e-01
  -1.7926900e-02   1.1915400e-01
  -5.3473299e-02   9.2959698e-02
  -7.3469499e-02   5.9657699e-02
  -8.0752998e-02   2.6825399e-02
  -8.0260398e-02  -3.5020799e-03
  -7.3901599e-02  -3.3358699e-02
  -5.8897299e-02  -6.3993099e-02
  -3.0856099e-02  -9.1750998e-02
   1.0876200e-02  -1.0822200e-01
   5.9915299e-02  -1.0486000e-01
   1.0443700e-01  -7.8795699e-02
   1.3286600e-01  -3.5499799e-02
   1.3974400e-01   1.3765900e-02
   1.2768600e-01   5.7986399e-02
   1.0420700e-01   9.1646398e-02
   7.5966999e-02   1.1559900e-01
   4.4783799e-02   1.3329400e-01
   8.3026398e-03   1.4558100e-01
  -3.5441699e-02   1.4832600e-01
  -8.3341098e-02   1.3481100e-01
  -1.2631400e-01   1.0119400e-01
  -1.5322200e-01   5.0833899e-02
  -1.5696800e-01  -5.9316899e-03
  -1.3842300e-01  -5.6632799e-02
  -1.0539100e-01  -9.2796598e-02
  -6.7467699e-02  -1.1309900e-01
  -3.0607699e-02  -1.2154700e-01
   4.6937199e-03  -1.2241500e-01
   4.0557999e-02  -1.1603100e-01
   7.6771699e-02  -9.8712598e-02
   1.0789400e-01  -6.6885899e-02
   1.2499100e-01  -2.2074800e-02
   1.2098000e-01   2.7302099e-02
   9.5702298e-02   6.9077999e-02
   5.6915699e-02   9.3469298e-02
   1.6315700e-02   9.7961198e-02
  -1.6683600e-02   8.7585298e-02
  -3.9094199e-02   7.0587199e-02
  -5.3738299e-02   5.2795199e-02
  -6.4759499e-02   3.4804799e-02
  -7.2981899e-02   1.3805500e-02
  -7.4793599e-02  -1.1737400e-02
  -6.5384499e-02  -3.8506599e-02
  -4.3708199e-02  -5.8934599e-02
  -1.5112100e-02  -6.5772899e-02
   1.0713000e-02  -5.7269299e-02
   2.5265699e-02  -3.8978699e-02
   2.6349699e-02  -2.0646500e-02
   1.9074800e-02  -1.0235300e-02
   1.2017000e-02  -9.2899098e-03
   1.1323800e-02  -1.2846800e-02
   1.6985500e-02  -1.3753300e-02
   2.3789100e-02  -8.0629898e-03
   2.5939999e-02   2.4806100e-03
   2.1650300e-02   1.2526700e-02
   1.4159800e-02   1.7894500e-02
   8.5101698e-03   1.9144600e-02
   6.7392999e-03   2.1037400e-02
   5.4309999e-03   2.8219699e-02
  -2.2212100e-03   4.0484399e-02
  -2.1157300e-02   5.1410499e-02
  -4.9856999e-02   5.1730799e-02
  -7.9916698e-02   3.5235999e-02
  -1.0031400e-01   3.0762899e-03
  -1.0347300e-01  -3.6571399e-02
  -8.8965798e-02  -7.3159699e-02
  -6.2491999e-02  -9.9367298e-02
  -3.1256899e-02  -1.1373300e-01
   5.7213299e-04  -1.1880800e-01
   3.2928799e-02  -1.1673700e-01
   6.6886199e-02  -1.0610000e-01
   1.0035000e-01  -8.2704098e-02
   1.2620800e-01  -4.3871599e-02
   1.3487500e-01   7.1462999e-03
   1.1979100e-01   6.0274699e-02
   8.1995098e-02   1.0239700e-01
   3.0447399e-02   1.2352000e-01
  -2.2299200e-02   1.2121500e-01
  -6.6123899e-02   1.0047300e-01
  -9.7017398e-02   6.9370899e-02
  -1.1621800e-01   3.3932299e-02
  -1.2603000e-01  -4.0966599e-03
  -1.2594700e-01  -4.5228799e-02
  -1.1228400e-01  -8.8008298e-02
  -8.1657098e-02  -1.2632200e-01
  -3.5518399e-02  -1.5080100e-01
   1.7994400e-02  -1.5365000e-01
   6.6730899e-02  -1.3351100e-01
   1.0016900e-01  -9.6755498e-02
   1.1421900e-01  -5.4138099e-02
   1.1193700e-01  -1.5096200e-02
   9.9884698e-02   1.6342800e-02
   8.2986298e-02   4.1374199e-02
   6.1751199e-02   6.2506799e-02
   3.3758199e-02   7.9246198e-02
  -1.9984600e-03   8.6891698e-02
  -4.1532599e-02   7.9486498e-02
  -7.6106998e-02   5.4696599e-02
  -9.6418398e-02   1.6828400e-02
  -9.7815798e-02  -2.4478799e-02
  -8.2783198e-02  -5.9144599e-02
  -5.8903399e-02  -8.1710298e-02
  -3.3837899e-02  -9.3048998e-02
  -1.1009500e-02  -9.7716898e-02
   1.0951200e-02  -9.9182798e-02
   3.4852499e-02  -9.6683398e-02
   6.0522999e-02  -8.6117698e-02
   8.2957398e-02  -6.4219899e-02
   9.4665598e-02  -3.2681399e-02
   9.0599998e-02   1.1371800e-03
   7.1992298e-02   2.7717899e-02
   4.6153599e-02   4.0738499e-02
   2.2249500e-02   4.0457699e-02
   6.0237699e-03   3.2743099e-02
  -2.8109099e-03   2.4546399e-02
  -8.8198998e-03   1.9200600e-02
  -1.6286200e-02   1.4934400e-02
  -2.5425499e-02   7.4871598e-03
  -3.2249299e-02  -5.4207799e-03
  -3.2072099e-02  -2.1377300e-02
  -2.3815299e-02  -3.4526399e-02
  -1.1622300e-02  -3.9871799e-02
  -2.3510599e-03  -3.7312699e-02
  -6.9045598e-04  -3.2204799e-02
  -5.5338899e-03  -3.1817299e-02
  -1.0399100e-02  -4.0158799e-02
  -7.7192098e-03  -5.4916499e-02
   6.0241799e-03  -6.8743998e-02
   2.7963899e-02  -7.3959398e-02
   5.0862899e-02  -6.7260999e-02
   6.7841898e-02  -5.1157399e-02
   7.6269698e-02  -3.1338699e-02
   7.8054598e-02  -1.2256800e-02
   7.6426998e-02   5.5703099e-03
   7.2019198e-02   2.4475499e-02
   6.1568899e-02   4.5764099e-02
   4.0489199e-02   6.6286999e-02
   7.4713398e-03   7.8473298e-02
  -3.2437499e-02   7.4236798e-02
  -6.8870298e-02   5.0186999e-02
  -9.0918698e-02   1.0460600e-02
  -9.2543898e-02  -3.4899999e-02
  -7.5035198e-02  -7.4943498e-02
  -4.5077199e-02  -1.0276200e-01
  -1.0126800e-02  -1.1717400e-01
   2.5400299e-02  -1.2044900e-01
   6.0498599e-02  -1.1435300e-01
   9.4676898e-02  -9.7885498e-02
   1.2457200e-01  -6.8614298e-02
   1.4324000e-01  -2.6500299e-02
   1.4316500e-01   2.2986599e-02
   1.2107200e-01   6.9311998e-02
   8.0995198e-02   1.0112400e-01
   3.3182499e-02   1.1166600e-01
  -1.0679000e-02   1.0172900e-01
  -4.2794299e-02   7.8220298e-02
  -6.1676999e-02   4.9498099e-02
  -7.0359298e-02   2.0845800e-02
  -7.2163598e-02  -6.8415598e-03
  -6.7456398e-02  -3.4646899e-02
  -5.3843999e-02  -6.1824099e-02
  -2.9467699e-02  -8.3911698e-02
   3.4301099e-03  -9.4493198e-02
   3.7764099e-02  -8.9400698e-02
   6.4635298e-02  -7.0140198e-02
   7.8149298e-02  -4.3774799e-02
   7.8577198e-02  -1.9091500e-02
   7.1539898e-02  -1.6614500e-03
   6.3785899e-02   8.7418098e-03
   5.8614699e-02   1.6618300e-02
   5.4213999e-02   2.6378799e-02
   4.5971299e-02   3.8456599e-02
   3.0854099e-02   4.8764999e-02
   1.0463100e-02   5.1797599e-02
  -9.5596498e-03   4.4911699e-02
  -2.3271599e-02   3.0482899e-02
  -2.8424799e-02   1.4285200e-02
  -2.7646499e-02   1.3589200e-03
  -2.5911799e-02  -7.4450798e-03
  -2.6266799e-02  -1.5575000e-02
  -2.7121799e-02  -2.7433099e-02
  -2.3261299e-02  -4.4128299e-02
  -9.8958598e-03  -6.1611999e-02
   1.3250400e-02  -7.2718398e-02
   4.0898399e-02  -7.1710398e-02
   6.5059498e-02  -5.8036899e-02
   7.9729898e-02  -3.6587999e-02
   8.4055298e-02  -1.4324400e-02
   8.1766298e-02   4.1717399e-03
   7.7495398e-02   1.8950800e-02
   7.2891298e-02   3.3211299e-02
   6.5518298e-02   4.9399799e-02
   5.1336299e-02   6.6041998e-02
   2.8777099e-02   7.7857798e-02
   1.1836500e-03   7.9166498e-02
  -2.4390599e-02   6.8036498e-02
  -4.1259599e-02   4.8011599e-02
  -4.7089599e-02   2.6044099e-02
  -4.4855899e-02   8.1045098e-03
  -4.0089999e-02  -4.3091399e-03
  -3.6506999e-02  -1.4221700e-02
  -3.3299399e-02  -2.5833399e-02
  -2.6110999e-02  -4.0366099e-02
  -1.0919600e-02  -5.4285499e-02
   1.2131100e-02  -6.1273398e-02
   3.7862099e-02  -5.6498799e-02
   5.8827899e-02  -4.0017599e-02
   6.9678298e-02  -1.6809500e-02
   6.9908698e-02   6.4963598e-03
   6.3069498e-02   2.5683199e-02
   5.3215099e-02   4.0741799e-02
   4.1467399e-02   5.4143599e-02
   2.5436099e-02   6.7084798e-02
   2.0039600e-03   7.6793098e-02
  -2.8666899e-02   7.7211498e-02
  -6.1086898e-02   6.2804898e-02
  -8.6151998e-02   3.2811599e-02
  -9.5657298e-02  -7.1798298e-03
  -8.6569398e-02  -4.7560899e-02
  -6.2176598e-02  -7.9374498e-02
  -2.9506999e-02  -9.8133498e-02
   4.9245799e-03  -1.0433700e-01
   3.7907699e-02  -1.0076000e-01
   6.9032198e-02  -8.8976098e-02
   9.7700098e-02  -6.7997198e-02
   1.2042300e-01  -3.6140299e-02
   1.3094600e-01   5.4511599e-03
   1.2351300e-01   5.0624099e-02
   9.7017198e-02   8.9494898e-02
   5.6953099e-02   1.1275100e-01
   1.3478500e-02   1.1621800e-01
  -2.3299099e-02   1.0261500e-01
  -4.7753799e-02   7.9379198e-02
  -6.0071698e-02   5.4168399e-02
  -6.3952098e-02   3.1208599e-02
  -6.2741598e-02   1.0818200e-02
  -5.7036999e-02  -8.0402598e-03
  -4.5448499e-02  -2.4613499e-02
  -2.7628199e-02  -3.5384099e-02
  -6.8329898e-03  -3.6210299e-02
   1.0387400e-02  -2.5951399e-02
   1.7543700e-02  -8.6308898e-03
   1.2329900e-02   7.8484798e-03
  -1.5231200e-03   1.5883900e-02
  -1.6175800e-02   1.2485700e-02
  -2.4207999e-02   7.6493898e-04
  -2.2700099e-02  -1.2389400e-02
  -1.4182000e-02  -2.0736799e-02
  -4.0586899e-03  -2.2101499e-02
   3.3611599e-03  -1.8559400e-02
   7.2502798e-03  -1.3659600e-02
   9.4720098e-03  -9.1334698e-03
   1.1571500e-02  -3.7862799e-03
   1.2244500e-02   4.5802399e-03
   7.5788298e-03   1.5857700e-02
  -5.8587798e-03   2.5787999e-02
  -2.7356799e-02   2.7418599e-02
  -5.0721799e-02   1.5188400e-02
  -6.6606498e-02  -1.1105700e-02
  -6.7195298e-02  -4.5291899e-02
  -5.0208599e-02  -7.7569598e-02
  -1.9649299e-02  -9.9211397e-02
   1.6970300e-02  -1.0611900e-01
   5.2742399e-02  -9.9110497e-02
   8.3882998e-02  -8.1271098e-02
   1.0916000e-01  -5.4827499e-02
   1.2722800e-01  -2.0126099e-02
   1.3451600e-01   2.2534099e-02
   1.2580800e-01   6.9894098e-02
   9.7478197e-02   1.1432000e-01
   5.1087399e-02   1.4566500e-01
  -5.4881399e-03   1.5561800e-01
  -6.0586798e-02   1.4178500e-01
  -1.0356600e-01   1.0876300e-01
  -1.2887000e-01   6.5508198e-02
  -1.3689500e-01   2.0832399e-02
  -1.3149700e-01  -1.9932399e-02
  -1.1632400e-01  -5.5132399e-02
  -9.2795397e-02  -8.4300198e-02
  -6.1070398e-02  -1.0541900e-01
  -2.2874199e-02  -1.1442400e-01
   1.6444700e-02  -1.0754200e-01
   4.8707099e-02  -8.4690498e-02
   6.6398798e-02  -5.1189799e-02
   6.6549698e-02  -1.6146000e-02
   5.2231799e-02   1.1665900e-02
   3.0540399e-02   2.7727199e-02
   8.4382998e-03   3.2900799e-02
  -1.0651800e-02   3.1168099e-02
  -2.7247599e-02   2.5823499e-02
  -4.3214299e-02   1.7008800e-02
  -5.8408098e-02   2.3442999e-03
  -6.9284198e-02  -1.9996699e-02
  -7.0618398e-02  -4.8300299e-02
  -5.9066898e-02  -7.6862098e-02
  -3.5842399e-02  -9.8579297e-02
  -6.4314198e-03  -1.0875500e-01
   2.2502299e-02  -1.0734600e-01
   4.6767699e-02  -9.8054697e-02
   6.6189698e-02  -8.5024798e-02
   8.3007398e-02  -6.9717398e-02
   9.8489397e-02  -5.0348399e-02
   1.1049400e-01  -2.4305499e-02
   1.1398800e-01   8.3576398e-03
   1.0427700e-01   4.3118299e-02
   8.0615498e-02   7.2420898e-02
   4.7508899e-02   8.9492198e-02
   1.2676100e-02   9.1897497e-02
  -1.6923300e-02   8.2379198e-02
  -3.8233399e-02   6.6512898e-02
  -5.2340699e-02   4.9018699e-02
  -6.1942898e-02   3.1447499e-02
  -6.8230398e-02   1.2790700e-02
  -6.9697398e-02  -7.7500098e-03
  -6.3797798e-02  -2.8273399e-02
  -5.0059799e-02  -4.4171699e-02
  -3.2044899e-02  -5.0841999e-02
  -1.6340100e-02  -4.7162399e-02
  -9.0063597e-03  -3.7049899e-02
  -1.1885200e-02  -2.7724499e-02
  -2.1390299e-02  -2.5688999e-02
  -3.0681399e-02  -3.3114499e-02
  -3.3724799e-02  -4.7038099e-02
  -2.8458699e-02  -6.1756998e-02
  -1.7037000e-02  -7.2540798e-02
  -3.3318199e-03  -7.7975498e-02
   1.0145300e-02  -7.9450898e-02
   2.3470299e-02  -7.8567998e-02
   3.7846599e-02  -7.4830298e-02
   5.2839598e-02  -6.5682598e-02
   6.4801898e-02  -4.9028599e-02
   6.8122298e-02  -2.6276499e-02
   5.8742698e-02  -3.3628199e-03
   3.7525699e-02   1.1429400e-02
   1.0965100e-02   1.1699800e-02
  -1.1488300e-02  -3.5128299e-03
  -2.1862299e-02  -2.9174199e-02
  -1.7046000e-02  -5.6965298e-02
   8.5913298e-04  -7.9311598e-02
   2.6991699e-02  -9.2048397e-02
   5.6836298e-02  -9.4267797e-02
   8.7614897e-02  -8.6123497e-02
   1.1718900e-01  -6.6870398e-02
   1.4183400e-01  -3.5070399e-02
   1.5525000e-01   9.0073897e-03
   1.5027700e-01   6.0734898e-02
   1.2260900e-01   1.1064700e-01
   7.4090698e-02   1.4714000e-01
   1.3172200e-02   1.6106400e-01
  -4.8051899e-02   1.4946000e-01
  -9.8512697e-02   1.1619700e-01
  -1.3174000e-01   6.9335998e-02
  -1.4643100e-01   1.7187199e-02
  -1.4430200e-01  -3.4300199e-02
  -1.2735300e-01  -8.1462898e-02
  -9.6814797e-02  -1.2098400e-01
  -5.4439898e-02  -1.4832200e-01
  -4.7280099e-03  -1.5833200e-01
   4.4231999e-02  -1.4799100e-01
   8.2664398e-02  -1.1925600e-01
   1.0298600e-01  -7.9693898e-02
   1.0324400e-01  -3.9944599e-02
   8.7788197e-02  -9.3477097e-03
   6.4681998e-02   7.6052898e-03
   4.1554099e-02   1.1875100e-02
   2.2594299e-02   7.4743998e-03
   8.4144897e-03  -1.9530399e-03
  -1.6550800e-03  -1.5060500e-02
  -7.0032798e-03  -3.2053699e-02
  -5.1022398e-03  -5.2245398e-02
   6.6663298e-03  -7.2200498e-02
   2.8230499e-02  -8.6268697e-02
   5.5450698e-02  -8.9376697e-02
   8.1500998e-02  -8.0102498e-02
   1.0027300e-01  -6.1699698e-02
   1.0947400e-01  -4.0180399e-02
   1.1124600e-01  -2.0718099e-02
   1.0988100e-01  -4.8849299e-03
   1.0835800e-01   9.3785597e-03
   1.0620300e-01   2.5170799e-02
   1.0019600e-01   4.3442799e-02
   8.7266197e-02   6.1630498e-02
   6.7328398e-02   7.5099998e-02
   4.3889399e-02   8.0267798e-02
   2.1982899e-02   7.7009698e-02
   5.0196298e-03   6.8547998e-02
  -7.0582298e-03   5.8948398e-02
  -1.6954899e-02   5.0173798e-02
  -2.7224699e-02   4.0964199e-02
  -3.7711899e-02   2.8388299e-02
  -4.5258499e-02   1.0845200e-02
  -4.5968299e-02  -9.8475597e-03
  -3.8338099e-02  -2.8978099e-02
  -2.4854599e-02  -4.1803899e-02
  -1.0763700e-02  -4.6689499e-02
  -8.1674497e-04  -4.6199999e-02
   3.6882599e-03  -4.5316699e-02
   5.4601898e-03  -4.8047299e-02
   9.0234397e-03  -5.4862098e-02
   1.7441499e-02  -6.2734098e-02
   3.0351499e-02  -6.7607898e-02
   4.4646099e-02  -6.7343698e-02
   5.7106798e-02  -6.2914198e-02
   6.6836998e-02  -5.7047598e-02
   7.5565298e-02  -5.1518398e-02
   8.5596297e-02  -4.5338199e-02
   9.7070597e-02  -3.5398899e-02
   1.0679900e-01  -1.9196399e-02
   1.0978800e-01   2.4132699e-03
   1.0253800e-01   2.4609499e-02
   8.5772497e-02   4.0816299e-02
   6.4621798e-02   4.6326999e-02
   4.6035299e-02   4.0894799e-02
   3.5190599e-02   2.8577799e-02
   3.3304599e-02   1.5093500e-02
   3.8145699e-02   4.6732499e-03
   4.6533299e-02  -1.3837300e-03
   5.6709098e-02  -3.6804999e-03
   6.8726398e-02  -2.3935299e-03
   8.2683697e-02   4.1985499e-03
   9.6429297e-02   1.8905699e-02
   1.0487200e-01   4.2989099e-02
   1.0186200e-01   7.3716098e-02
   8.3609097e-02   1.0416900e-01
   5.1339298e-02   1.2581500e-01
   1.1270000e-02   1.3234600e-01
  -2.8160399e-02   1.2235300e-01
  -6.0006598e-02   9.9195597e-02
  -8.1089097e-02   6.8409998e-02
  -9.1600097e-02   3.4646499e-02
  -9.2804097e-02   2.8691699e-04
  -8.4918897e-02  -3.3567499e-02
  -6.6945998e-02  -6.4939198e-02
  -3.8539999e-02  -8.9756197e-02
  -2.2777999e-03  -1.0289800e-01
   3.5748299e-02  -1.0098400e-01
   6.7885898e-02  -8.4893097e-02
   8.8355497e-02  -6.0021498e-02
   9.5895897e-02  -3.3862799e-02
   9.3818397e-02  -1.2401200e-02
   8.7473497e-02   2.3175099e-03
   8.0939197e-02   1.1939800e-02
   7.5204798e-02   1.9316699e-02
   6.8930898e-02   2.5775999e-02
   6.0911098e-02   3.0198599e-02
   5.2134698e-02   3.0461799e-02
   4.5746499e-02   2.5947899e-02
   4.4903099e-02   1.8996499e-02
   5.0208698e-02   1.4005100e-02
   5.8797198e-02   1.4729000e-02
   6.5905498e-02   2.1767099e-02
   6.7888498e-02   3.2150499e-02
   6.4500798e-02   4.1411399e-02
   5.8775298e-02   4.6663598e-02
   5.4592898e-02   4.8461098e-02
   5.3741098e-02   5.0106898e-02
   5.4617298e-02   5.4970798e-02
   5.3486698e-02   6.3838298e-02
   4.7296398e-02   7.4248498e-02
   3.5908999e-02   8.2255697e-02
   2.2102799e-02   8.5226797e-02
   9.4046797e-03   8.3531597e-02
  -5.2944198e-04   7.9866697e-02
  -8.9504297e-03   7.6782497e-02
  -1.8662199e-02   7.4366698e-02
  -3.1323799e-02   6.9921398e-02
  -4.5504098e-02   5.9948598e-02
  -5.7042698e-02   4.2981799e-02
  -6.1536098e-02   2.1128899e-02
  -5.7157498e-02  -8.7020997e-04
  -4.5752098e-02  -1.8421699e-02
  -3.1424299e-02  -2.9675599e-02
  -1.7695399e-02  -3.6079299e-02
  -5.3509798e-03  -4.0562099e-02
   7.4578497e-03  -4.4796298e-02
   2.3016899e-02  -4.7647498e-02
   4.1501099e-02  -4.5989098e-02
   6.0071698e-02  -3.7243799e-02
   7.4351397e-02  -2.1693799e-02
   8.1192597e-02  -2.7728199e-03
   8.0670097e-02   1.4916599e-02
   7.5808297e-02   2.8397599e-02
   7.0266698e-02   3.7853899e-02
   6.5742498e-02   4.5794098e-02
   6.1047998e-02   5.4535198e-02
   5.3534898e-02   6.3963598e-02
   4.1744499e-02   7.1317898e-02
   2.7217999e-02   7.3189797e-02
   1.4028100e-02   6.8245898e-02
   6.3082798e-03   5.8603798e-02
   5.5723498e-03   4.8786698e-02
   9.7864597e-03   4.2984799e-02
   1.4853399e-02   4.2601999e-02
   1.7384099e-02   4.5836198e-02
   1.6704699e-02   4.9503898e-02
   1.4669799e-02   5.1646898e-02
   1.3541300e-02   5.2913398e-02
   1.3660000e-02   5.5685198e-02
   1.2774300e-02   6.1679298e-02
   7.5966997e-03   6.9936598e-02
  -3.5708299e-03   7.6834597e-02
  -1.9157899e-02   7.8219397e-02
  -3.4926299e-02   7.2129297e-02
  -4.6484998e-02   6.0100298e-02
  -5.1914998e-02   4.6078698e-02
  -5.2610498e-02   3.3735199e-02
  -5.1768898e-02   2.4153399e-02
  -5.1705798e-02   1.5559999e-02
  -5.2020798e-02   5.2228998e-03
  -4.9962498e-02  -7.9769797e-03
  -4.2664799e-02  -2.2272799e-02
  -2.9515599e-02  -3.3992099e-02
  -1.2842300e-02  -4.0022099e-02
   3.5975099e-03  -3.9865199e-02
   1.7151999e-02  -3.5718399e-02
   2.7882199e-02  -3.0529899e-02
   3.8000099e-02  -2.5545699e-02
   4.9560498e-02  -1.9261799e-02
   6.2182498e-02  -8.6387697e-03
   7.2587097e-02   8.2847297e-03
   7.6391997e-02   3.0328399e-02
   7.0913597e-02   5.3227298e-02
   5.6965698e-02   7.1824497e-02
   3.8379399e-02   8.2849697e-02
   1.9645399e-02   8.6328097e-02
   3.4336499e-03   8.4717097e-02
  -1.0231900e-02   8.0568497e-02
  -2.2676399e-02   7.4580697e-02
  -3.4324799e-02   6.5536498e-02
  -4.3384198e-02   5.2117298e-02
  -4.6602898e-02   3.5095899e-02
  -4.1614199e-02   1.8075499e-02
  -2.9106399e-02   6.0269298e-03
  -1.3115800e-02   2.5498599e-03
   9.0148097e-04   7.7873297e-03
   8.9276697e-03   1.8484199e-02
   1.0196700e-02   3.0129299e-02
   6.7702598e-03   3.9617199e-02
   1.3379800e-03   4.6536898e-02
  -5.0133598e-03   5.2276198e-02
  -1.3363700e-02   5.7792698e-02
  -2.5485599e-02   6.1898398e-02
  -4.1550098e-02   6.1471098e-02
  -5.8879098e-02   5.3503698e-02
  -7.2820497e-02   3.7460099e-02
  -7.9211997e-02   1.6133399e-02
  -7.6674797e-02  -5.6954198e-03
  -6.7090498e-02  -2.3866099e-02
  -5.3956098e-02  -3.6839799e-02
  -3.9891199e-02  -4.5693598e-02
  -2.5171999e-02  -5.2229398e-02
  -8.3589297e-03  -5.6736998e-02
   1.1533900e-02  -5.7196298e-02
   3.3066699e-02  -5.0586798e-02
   5.2209098e-02  -3.5350199e-02
   6.4232398e-02  -1.3142300e-02
   6.6355898e-02   1.1488200e-02
   5.9262498e-02   3.3333899e-02
   4.6427798e-02   4.9112698e-02
   3.1810799e-02   5.8606398e-02
   1.7632899e-02   6.3669898e-02
   3.8297099e-03   6.6021098e-02
  -1.0561300e-02   6.5600498e-02
  -2.5321999e-02   6.0786298e-02
  -3.8050699e-02   5.0268098e-02
  -4.5163898e-02   3.5051899e-02
  -4.4253098e-02   1.8910199e-02
  -3.6050099e-02   6.7394697e-03
  -2.4465299e-02   1.8706599e-03
  -1.4547599e-02   4.2073798e-03
  -9.7281996e-03   1.0502300e-02
  -1.0228000e-02   1.6552399e-02
  -1.3640699e-02   1.9731499e-02
  -1.7114199e-02   2.0101999e-02
  -1.9429199e-02   1.9465299e-02
  -2.1448699e-02   1.9272399e-02
  -2.4733299e-02   1.9127799e-02
  -2.9556399e-02   1.7093399e-02
  -3.4017699e-02   1.1538800e-02
  -3.5086599e-02   3.0284599e-03
  -3.0876899e-02  -5.3519298e-03
  -2.2432499e-02  -9.6698996e-03
  -1.3585299e-02  -7.7261997e-03
  -8.8329197e-03  -7.0280697e-04
  -1.0640800e-02   7.3404897e-03
  -1.8013799e-02   1.1810800e-02
  -2.7271299e-02   1.0154600e-02
  -3.4381399e-02   2.9323899e-03
  -3.7143199e-02  -7.1878597e-03
  -3.5727799e-02  -1.7568699e-02
  -3.1407899e-02  -2.7161699e-02
  -2.4701299e-02  -3.6332299e-02
  -1.4564999e-02  -4.5230898e-02
   6.0400998e-04  -5.2181298e-02
   2.0890199e-02  -5.3593798e-02
   4.3373398e-02  -4.5745098e-02
   6.2572098e-02  -2.7295599e-02
   7.2768697e-02  -7.4884497e-04
   7.0773897e-02   2.8269699e-02
   5.7326098e-02   5.3519498e-02
   3.6270099e-02   7.0803397e-02
   1.2215600e-02   7.9095097e-02
  -1.1619700e-02   7.9617297e-02
  -3.3949599e-02   7.3848397e-02
  -5.4229698e-02   6.2137098e-02
  -7.0976597e-02   4.4006398e-02
  -8.1181397e-02   1.9814499e-02
  -8.1503697e-02  -7.6998397e-03
  -7.0474097e-02  -3.3442199e-02
  -5.0048798e-02  -5.1840298e-02
  -2.5238299e-02  -5.9428498e-02
  -1.8961999e-03  -5.6389298e-02
   1.5903999e-02  -4.5997898e-02
   2.7182299e-02  -3.2400199e-02
   3.3295099e-02  -1.8317999e-02
   3.5854999e-02  -4.2558498e-03
   3.4993199e-02   1.0391300e-02
   2.9290799e-02   2.5375299e-02
   1.7367499e-02   3.8439698e-02
  -1.7998599e-04   4.5977998e-02
  -2.0087999e-02   4.5088698e-02
  -3.7638499e-02   3.5504299e-02
  -4.8981698e-02   1.9933699e-02
  -5.2924398e-02   2.5271499e-03
  -5.0929798e-02  -1.3428899e-02
  -4.5413598e-02  -2.6922299e-02
  -3.7685299e-02  -3.8762298e-02
  -2.7126999e-02  -4.9722398e-02
  -1.2227900e-02  -5.8809998e-02
   7.3475097e-03  -6.3096997e-02
   2.9302599e-02  -5.9353098e-02
   4.9083198e-02  -4.6333698e-02
   6.1950398e-02  -2.6041399e-02
   6.5353597e-02  -3.0015899e-03
   5.9977498e-02   1.7969599e-02
   4.8812898e-02   3.3952199e-02
   3.5035499e-02   4.4601598e-02
   2.0298699e-02   5.1022498e-02
   4.6419298e-03   5.3897598e-02
  -1.2083700e-02   5.2441198e-02
  -2.8572899e-02   4.5046398e-02
  -4.1680198e-02   3.1114299e-02
  -4.7785998e-02   1.2570399e-02
  -4.5021298e-02  -6.2622097e-03
  -3.4721799e-02  -2.0559599e-02
  -2.0968799e-02  -2.7449999e-02
  -8.4366097e-03  -2.7353399e-02
   1.8575699e-05  -2.3303199e-02
   4.4230298e-03  -1.8782999e-02
   6.7997397e-03  -1.5632599e-02
   9.1432996e-03  -1.3449499e-02
   1.1837700e-02  -1.0736800e-02
   1.3665299e-02  -6.7336397e-03
   1.3269599e-02  -2.3994699e-03
   1.0785300e-02   2.5373899e-04
   8.2251097e-03  -5.5783498e-05
   8.1899897e-03  -2.4422999e-03
   1.1814600e-02  -4.0104798e-03
   1.7522399e-02  -1.6620099e-03
   2.1634999e-02   5.6726798e-03
   2.0536799e-02   1.5987599e-02
   1.2944099e-02   2.5139599e-02
   7.2889697e-04   2.9162199e-02
  -1.2218299e-02   2.6380099e-02
  -2.2216399e-02   1.7940799e-02
  -2.7519499e-02   6.5686697e-03
  -2.8424799e-02  -5.3693698e-03
  -2.5924499e-02  -1.6975899e-02
  -2.0171099e-02  -2.8341899e-02
  -1.0114100e-02  -3.9015098e-02
   5.3135998e-03  -4.6830998e-02
   2.5374099e-02  -4.8269198e-02
   4.6579998e-02  -4.0317498e-02
   6.3574497e-02  -2.2609899e-02
   7.1458797e-02   1.7140999e-03
   6.8102997e-02   2.7136599e-02
   5.4943498e-02   4.8203298e-02
   3.5821099e-02   6.1701497e-02
   1.4771499e-02   6.7243097e-02
  -5.6601198e-03   6.6113497e-02
  -2.4523599e-02   5.9490998e-02
  -4.1197398e-02   4.7506398e-02
  -5.4021398e-02   2.9847699e-02
  -6.0136497e-02   7.3224697e-03
