   5.1464200e+00   3.9002300e-02
   4.9709200e+00   1.1089100e+00
   4.5474500e+00   2.0620600e+00
   3.9589400e+00   2.8430500e+00
   3.2834500e+00   3.4575800e+00
   2.5541400e+00   3.9426100e+00
   1.7583600e+00   4.3180400e+00
   8.7480100e-01   4.5574000e+00
  -8.0693900e-02   4.6002700e+00
  -1.0370600e+00   4.3970800e+00
  -1.8927100e+00   3.9522400e+00
  -2.5656700e+00   3.3323600e+00
  -3.0323900e+00   2.6328700e+00
  -3.3269800e+00   1.9271300e+00
  -3.5023000e+00   1.2355000e+00
  -3.5828800e+00   5.3625500e-01
  -3.5453700e+00  -1.9134500e-01
  -3.3410700e+00  -9.2594000e-01
  -2.9427900e+00  -1.5971000e+00
  -2.3798400e+00  -2.1187600e+00
  -1.7337500e+00  -2.4385300e+00
  -1.0970600e+00  -2.5660100e+00
  -5.2519700e-01  -2.5591400e+00
  -1.6786500e-02  -2.4791200e+00
   4.6391900e-01  -2.3476800e+00
   9.4061400e-01  -2.1387500e+00
   1.3904700e+00  -1.8099200e+00
   1.7483200e+00  -1.3491000e+00
   1.9466200e+00  -8.0007600e-01
   1.9610700e+00  -2.4684300e-01
   1.8274100e+00   2.3219900e-01
   1.6165400e+00   6.0637900e-01
   1.3866100e+00   9.0006000e-01
   1.1477900e+00   1.1603700e+00
   8.6583100e-01   1.4103300e+00
   5.0085900e-01   1.6232500e+00
   5.1313500e-02   1.7377700e+00
  -4.3085500e-01   1.7021600e+00
  -8.6577800e-01   1.5141100e+00
  -1.1931200e+00   1.2257500e+00
  -1.4059200e+00   9.0986500e-01
  -1.5456400e+00   6.1265000e-01
  -1.6625700e+00   3.2824000e-01
  -1.7718800e+00   1.3858700e-02
  -1.8385100e+00  -3.6649900e-01
  -1.8024300e+00  -8.0338800e-01
  -1.6248200e+00  -1.2378800e+00
  -1.3201400e+00  -1.5954500e+00
  -9.4973900e-01  -1.8324700e+00
  -5.8165500e-01  -1.9602500e+00
  -2.4694500e-01  -2.0288800e+00
   7.4728600e-02  -2.0834400e+00
   4.2973800e-01  -2.1257600e+00
   8.4495500e-01  -2.1109400e+00
   1.2968600e+00  -1.9811000e+00
   1.7189000e+00  -1.7108000e+00
   2.0418400e+00  -1.3296500e+00
   2.2366700e+00  -9.0515300e-01
   2.3281200e+00  -4.9857500e-01
   2.3688100e+00  -1.2721600e-01
   2.3941400e+00   2.3870300e-01
   2.3921300e+00   6.4260000e-01
   2.3113900e+00   1.0972900e+00
   2.1010100e+00   1.5638400e+00
   1.7522000e+00   1.9698500e+00
   1.3102400e+00   2.2537100e+00
   8.4750900e-01   2.4016900e+00
   4.1797100e-01   2.4502600e+00
   2.7252300e-02   2.4524300e+00
  -3.5955600e-01   2.4339300e+00
  -7.7884500e-01   2.3726400e+00
  -1.2283400e+00   2.2168200e+00
  -1.6567600e+00   1.9283400e+00
  -1.9916300e+00   1.5179200e+00
  -2.1844700e+00   1.0455300e+00
  -2.2398200e+00   5.8549100e-01
  -2.2063500e+00   1.8216000e-01
  -2.1373700e+00  -1.7065900e-01
  -2.0507200e+00  -5.1179100e-01
  -1.9183900e+00  -8.7048200e-01
  -1.6935600e+00  -1.2325500e+00
  -1.3541400e+00  -1.5410200e+00
  -9.2947600e-01  -1.7311500e+00
  -4.8962300e-01  -1.7736800e+00
  -1.0471100e-01  -1.6938100e+00
   1.9528700e-01  -1.5518200e+00
   4.3070400e-01  -1.4000700e+00
   6.4526200e-01  -1.2487300e+00
   8.6314200e-01  -1.0659800e+00
   1.0630400e+00  -8.1179500e-01
   1.1891500e+00  -4.7928200e-01
   1.1908800e+00  -1.1160000e-01
   1.0613300e+00   2.1886600e-01
   8.4524600e-01   4.5386000e-01
   6.1053400e-01   5.8290300e-01
   4.0443000e-01   6.4235400e-01
   2.2720300e-01   6.8115800e-01
   4.2609900e-02   7.1959800e-01
  -1.8350100e-01   7.3244300e-01
  -4.4634100e-01   6.6920200e-01
  -6.9554700e-01   4.9594100e-01
  -8.6424700e-01   2.2672700e-01
  -9.1221700e-01  -7.9407600e-02
  -8.5083300e-01  -3.5403400e-01
  -7.3126400e-01  -5.6098400e-01
  -6.0506900e-01  -7.1314200e-01
  -4.8706400e-01  -8.5232800e-01
  -3.4838100e-01  -1.0081600e+00
  -1.4459600e-01  -1.1675600e+00
   1.4281700e-01  -1.2783300e+00
   4.8354600e-01  -1.2842800e+00
   8.1180500e-01  -1.1655300e+00
   1.0663100e+00  -9.5341400e-01
   1.2270900e+00  -7.0889100e-01
   1.3217300e+00  -4.8064600e-01
   1.3969600e+00  -2.7438700e-01
   1.4774200e+00  -5.6151500e-02
   1.5431000e+00   2.1338700e-01
   1.5426000e+00   5.4011300e-01
   1.4321800e+00   8.8296400e-01
   1.2107400e+00   1.1763200e+00
   9.2433900e-01   1.3716600e+00
   6.3658700e-01   1.4672300e+00
   3.8705600e-01   1.5037400e+00
   1.6893800e-01   1.5294400e+00
  -5.7672500e-02   1.5614400e+00
  -3.2738400e-01   1.5723400e+00
  -6.3547900e-01   1.5123000e+00
  -9.3430600e-01   1.3494900e+00
  -1.1630200e+00   1.0982100e+00
  -1.2883100e+00   8.1309600e-01
  -1.3254500e+00   5.5370900e-01
  -1.3238900e+00   3.4599100e-01
  -1.3285500e+00   1.6952600e-01
  -1.3459100e+00  -2.0205900e-02
  -1.3406800e+00  -2.5174400e-01
  -1.2651400e+00  -5.1035400e-01
  -1.0988200e+00  -7.4430500e-01
  -8.6821200e-01  -9.0002500e-01
  -6.3149600e-01  -9.5955900e-01
  -4.3967100e-01  -9.5206100e-01
  -3.0338800e-01  -9.3071400e-01
  -1.9028300e-01  -9.3262200e-01
  -5.4567800e-02  -9.5196000e-01
   1.2378600e-01  -9.4656500e-01
   3.2005500e-01  -8.7274100e-01
   4.8039000e-01  -7.2172600e-01
   5.6021000e-01  -5.3009300e-01
   5.5631600e-01  -3.5612600e-01
   5.0849000e-01  -2.3997700e-01
   4.6944900e-01  -1.7761100e-01
   4.6593000e-01  -1.2803400e-01
   4.8030500e-01  -4.8096600e-02
   4.6645800e-01   7.1675900e-02
   3.8770600e-01   1.9742200e-01
   2.4789600e-01   2.7577200e-01
   9.2031200e-02   2.7310600e-01
  -2.4092500e-02   2.0055100e-01
  -7.2359100e-02   1.0586500e-01
  -6.9947300e-02   3.8426800e-02
  -6.2995800e-02   1.3837100e-02
  -8.8914900e-02   4.8055000e-03
  -1.4603300e-01  -3.4972700e-02
  -1.9360900e-01  -1.3224800e-01
  -1.8216900e-01  -2.7032100e-01
  -9.1187500e-02  -3.9800300e-01
   5.4410200e-02  -4.6475100e-01
   2.0136500e-01  -4.5547700e-01
   3.0584400e-01  -3.9891200e-01
   3.6333100e-01  -3.4341100e-01
   4.0822300e-01  -3.1873400e-01
   4.8368100e-01  -3.1283700e-01
   6.0482200e-01  -2.8123700e-01
   7.4328900e-01  -1.8178100e-01
   8.4500500e-01  -8.4304300e-03
   8.6776200e-01   2.0155000e-01
   8.1034100e-01   3.9245300e-01
   7.1131500e-01   5.2829600e-01
   6.1864900e-01   6.1555400e-01
   5.5324200e-01   6.9352000e-01
   4.9404200e-01   7.9989600e-01
   3.9587700e-01   9.3791100e-01
   2.2638800e-01   1.0700300e+00
  -6.0543400e-03   1.1431100e+00
  -2.5465400e-01   1.1260700e+00
  -4.6506200e-01   1.0316300e+00
  -6.1157500e-01   9.0584600e-01
  -7.1149600e-01   7.9353200e-01
  -8.0707000e-01   7.0569800e-01
  -9.2897600e-01   6.1364500e-01
  -1.0692300e+00   4.7397400e-01
  -1.1841100e+00   2.6536200e-01
  -1.2249600e+00   9.1153300e-03
  -1.1736100e+00  -2.4219600e-01
  -1.0555700e+00  -4.3951900e-01
  -9.2125500e-01  -5.6936900e-01
  -8.0940600e-01  -6.5912100e-01
  -7.2035400e-01  -7.5182700e-01
  -6.1923700e-01  -8.6987800e-01
  -4.6647500e-01  -9.9515100e-01
  -2.5220200e-01  -1.0807400e+00
  -8.4334700e-03  -1.0853500e+00
   2.1038000e-01  -1.0043500e+00
   3.6379800e-01  -8.7396800e-01
   4.5142600e-01  -7.4553400e-01
   5.0907300e-01  -6.4922800e-01
   5.7818800e-01  -5.7467300e-01
   6.7189900e-01  -4.8283700e-01
   7.6345200e-01  -3.3998000e-01
   8.0576900e-01  -1.4771700e-01
   7.6728200e-01   5.3716900e-02
   6.5686800e-01   2.1158000e-01
   5.1900700e-01   2.9647700e-01
   4.0283700e-01   3.2097700e-01
   3.2844500e-01   3.2713900e-01
   2.7573200e-01   3.5259400e-01
   2.0402700e-01   4.0097800e-01
   8.7313700e-02   4.3912900e-01
  -6.1806200e-02   4.2307400e-01
  -1.9772000e-01   3.3303600e-01
  -2.7282900e-01   1.9089700e-01
  -2.7064000e-01   4.6829700e-02
  -2.1604100e-01  -5.4835300e-02
  -1.5518400e-01  -1.0483300e-01
  -1.2034200e-01  -1.3140200e-01
  -1.0640000e-01  -1.7440300e-01
  -7.6681600e-02  -2.5100300e-01
   6.4507600e-03  -3.3912200e-01
   1.4956800e-01  -3.9130600e-01
   3.1909900e-01  -3.6860200e-01
   4.6221200e-01  -2.6891600e-01
   5.4199700e-01  -1.2849400e-01
   5.6055700e-01   4.4640000e-03
   5.5284400e-01   1.0405000e-01
   5.5624400e-01   1.8291500e-01
   5.7919900e-01   2.7846300e-01
   5.9280800e-01   4.1968000e-01
   5.5181100e-01   5.9999900e-01
   4.2910200e-01   7.7693600e-01
   2.3765700e-01   8.9900000e-01
   2.3297000e-02   9.3970600e-01
  -1.6625200e-01   9.1324900e-01
  -3.1270300e-01   8.6027700e-01
  -4.3547700e-01   8.1482500e-01
  -5.7098400e-01   7.7762000e-01
  -7.3897100e-01   7.1600600e-01
  -9.2173900e-01   5.9047700e-01
  -1.0722100e+00   3.8761600e-01
  -1.1449300e+00   1.3437500e-01
  -1.1268300e+00  -1.1722400e-01
  -1.0445100e+00  -3.2357700e-01
  -9.4304800e-01  -4.7607900e-01
  -8.5215600e-01  -6.0105100e-01
  -7.6564300e-01  -7.3348200e-01
  -6.4935400e-01  -8.8484300e-01
  -4.7144700e-01  -1.0296200e+00
  -2.3178900e-01  -1.1209600e+00
   3.2015700e-02  -1.1236400e+00
   2.6677200e-01  -1.0396000e+00
   4.3750200e-01  -9.0670100e-01
   5.4764900e-01  -7.7175400e-01
   6.3076600e-01  -6.5818500e-01
   7.2031800e-01  -5.5260300e-01
   8.2075400e-01  -4.2014400e-01
   9.0185500e-01  -2.3661800e-01
   9.2066800e-01  -1.2792300e-02
   8.5436300e-01   2.0784500e-01
   7.1908400e-01   3.7637200e-01
   5.6045200e-01   4.7034700e-01
   4.2281100e-01   5.0643600e-01
   3.2029900e-01   5.2446700e-01
   2.3134600e-01   5.5516900e-01
   1.2040700e-01   5.9610800e-01
  -2.9873200e-02   6.1397200e-01
  -2.0067600e-01   5.7132000e-01
  -3.4699700e-01   4.5737300e-01
  -4.2815200e-01   2.9936000e-01
  -4.3581700e-01   1.4570400e-01
  -3.9848100e-01   3.3616100e-02
  -3.5906300e-01  -3.4585600e-02
  -3.4264900e-01  -8.8779500e-02
  -3.3872900e-01  -1.6428800e-01
  -3.1117300e-01  -2.7154800e-01
  -2.2819600e-01  -3.8528300e-01
  -8.9411300e-02  -4.6138900e-01
   7.0630400e-02  -4.6874200e-01
   2.0519500e-01  -4.1182600e-01
   2.8727100e-01  -3.2708500e-01
   3.2661000e-01  -2.5578300e-01
   3.5917500e-01  -2.1388900e-01
   4.1714000e-01  -1.8168400e-01
   5.0224600e-01  -1.2078500e-01
   5.8267700e-01  -5.5508300e-03
   6.1577400e-01   1.5501700e-01
   5.7931300e-01   3.2147400e-01
   4.8768900e-01   4.5103800e-01
   3.8079300e-01   5.2708800e-01
   2.9408000e-01   5.6878100e-01
   2.3252600e-01   6.1363800e-01
   1.6814200e-01   6.8636700e-01
   6.2872300e-02   7.7761600e-01
  -1.0050400e-01   8.4873700e-01
  -3.0287300e-01   8.5895400e-01
  -5.0034600e-01   7.9441800e-01
  -6.5409700e-01   6.7726600e-01
  -7.5589800e-01   5.4801300e-01
  -8.3015700e-01   4.3477900e-01
  -9.1108400e-01   3.3277000e-01
  -1.0125000e+00   2.0955900e-01
  -1.1132900e+00   3.2174100e-02
  -1.1697000e+00  -2.0456200e-01
  -1.1452500e+00  -4.6990000e-01
  -1.0358800e+00  -7.1540700e-01
  -8.7151000e-01  -9.0586000e-01
  -6.9306700e-01  -1.0396000e+00
  -5.2264300e-01  -1.1432300e+00
  -3.4938000e-01  -1.2450600e+00
  -1.4175800e-01  -1.3477600e+00
   1.2315800e-01  -1.4212700e+00
   4.3582700e-01  -1.4215500e+00
   7.5398400e-01  -1.3212100e+00
   1.0264400e+00  -1.1292100e+00
   1.2232500e+00  -8.8470200e-01
   1.3498400e+00  -6.3007400e-01
   1.4348600e+00  -3.8352100e-01
   1.5015800e+00  -1.3177800e-01
   1.5448300e+00   1.5176300e-01
   1.5313000e+00   4.7765900e-01
   1.4232500e+00   8.2243200e-01
   1.2077100e+00   1.1360400e+00
   9.0926600e-01   1.3695800e+00
   5.7667500e-01   1.5028600e+00
   2.5334800e-01   1.5513200e+00
  -4.6210400e-02   1.5478800e+00
  -3.3667200e-01   1.5137300e+00
  -6.3923900e-01   1.4405200e+00
  -9.5385900e-01   1.2976100e+00
  -1.2479400e+00   1.0588500e+00
  -1.4706900e+00   7.2833200e-01
  -1.5826700e+00   3.4559100e-01
  -1.5788100e+00  -3.4191400e-02
  -1.4877300e+00  -3.7034000e-01
  -1.3484100e+00  -6.5500700e-01
  -1.1819300e+00  -9.0648400e-01
  -9.7968200e-01  -1.1433200e+00
  -7.1672900e-01  -1.3595300e+00
  -3.7978000e-01  -1.5201900e+00
   1.1878200e-02  -1.5812700e+00
   4.0887600e-01  -1.5189000e+00
   7.5637400e-01  -1.3462200e+00
   1.0228000e+00  -1.1051700e+00
   1.2116800e+00  -8.3935300e-01
   1.3482500e+00  -5.6839900e-01
   1.4517000e+00  -2.8269400e-01
   1.5145100e+00   3.8028100e-02
   1.5047100e+00   3.9704100e-01
   1.3896300e+00   7.6548700e-01
   1.1629400e+00   1.0918600e+00
   8.5443300e-01   1.3295000e+00
   5.1498200e-01   1.4618800e+00
   1.8751800e-01   1.5070800e+00
  -1.1436800e-01   1.4984700e+00
  -4.0474500e-01   1.4565900e+00
  -7.0252500e-01   1.3736000e+00
  -1.0055000e+00   1.2219200e+00
  -1.2814200e+00   9.8024900e-01
  -1.4834200e+00   6.5700000e-01
  -1.5783700e+00   2.9283200e-01
  -1.5670600e+00  -5.9950500e-02
  -1.4811200e+00  -3.6611800e-01
  -1.3591100e+00  -6.2317400e-01
  -1.2198300e+00  -8.5271900e-01
  -1.0527900e+00  -1.0746200e+00
  -8.3267000e-01  -1.2840000e+00
  -5.4641200e-01  -1.4488000e+00
  -2.1182600e-01  -1.5298300e+00
   1.2668200e-01  -1.5082700e+00
   4.2252200e-01  -1.3997400e+00
   6.5335700e-01  -1.2442100e+00
   8.2998600e-01  -1.0792500e+00
   9.8130300e-01  -9.1665200e-01
   1.1270300e+00  -7.3967600e-01
   1.2590200e+00  -5.2260100e-01
   1.3452400e+00  -2.5739000e-01
   1.3534100e+00   3.3123200e-02
   1.2761100e+00   3.0573100e-01
   1.1383600e+00   5.2330900e-01
   9.8161700e-01   6.7736900e-01
   8.3624300e-01   7.8981500e-01
   7.0300500e-01   8.9270800e-01
   5.5732700e-01   1.0014300e+00
   3.7281400e-01   1.1015300e+00
   1.4600800e-01   1.1590500e+00
  -9.6480000e-02   1.1463800e+00
  -3.1390500e-01   1.0639500e+00
  -4.7833200e-01   9.4117800e-01
  -5.9221400e-01   8.1599500e-01
  -6.8335800e-01   7.0838000e-01
  -7.8113900e-01   6.0784500e-01
  -8.9201100e-01   4.8426700e-01
  -9.9281500e-01   3.1375300e-01
  -1.0469000e+00   9.9931900e-02
  -1.0308100e+00  -1.2544300e-01
  -9.5137400e-01  -3.2297200e-01
  -8.4033600e-01  -4.7165900e-01
  -7.3073900e-01  -5.8086200e-01
  -6.3302700e-01  -6.7922300e-01
  -5.2898800e-01  -7.8913300e-01
  -3.8810900e-01  -9.0619300e-01
  -1.9390800e-01  -9.9935600e-01
   3.9723500e-02  -1.0317300e+00
   2.7455700e-01  -9.8644500e-01
   4.7193800e-01  -8.7812100e-01
   6.1659300e-01  -7.4154700e-01
   7.2254700e-01  -6.0622000e-01
   8.1696900e-01  -4.7616700e-01
   9.1451900e-01  -3.3027000e-01
   1.0018700e+00  -1.4272800e-01
   1.0443600e+00   9.2001600e-02
   1.0099600e+00   3.4886600e-01
   8.9243500e-01   5.8449500e-01
   7.1655400e-01   7.6306300e-01
   5.2128800e-01   8.7647900e-01
   3.3391400e-01   9.4401100e-01
   1.5445100e-01   9.9206500e-01
  -3.8015600e-02   1.0297800e+00
  -2.6224900e-01   1.0392100e+00
  -5.1286300e-01   9.8764900e-01
  -7.5642900e-01   8.5290700e-01
  -9.4900100e-01   6.4232100e-01
  -1.0621600e+00   3.9117900e-01
  -1.0982500e+00   1.4158100e-01
  -1.0837000e+00  -8.2453500e-02
  -1.0458200e+00  -2.8514800e-01
  -9.9085500e-01  -4.8716800e-01
  -9.0003000e-01  -7.0129600e-01
  -7.4646500e-01  -9.1447600e-01
  -5.2001700e-01  -1.0902300e+00
  -2.4099600e-01  -1.1899900e+00
   4.7877700e-02  -1.1974400e+00
   3.0553600e-01  -1.1278300e+00
   5.1483000e-01  -1.0153100e+00
   6.8665600e-01  -8.8806300e-01
   8.4333800e-01  -7.4999600e-01
   9.9434500e-01  -5.8263100e-01
   1.1231200e+00  -3.6544700e-01
   1.1952300e+00  -9.8878400e-02
   1.1818900e+00   1.8784900e-01
   1.0810500e+00   4.5036800e-01
   9.2019400e-01   6.5438700e-01
   7.3860500e-01   7.9381100e-01
   5.6244900e-01   8.8849700e-01
   3.9115300e-01   9.6374200e-01
   2.0503100e-01   1.0273200e+00
  -1.2100200e-02   1.0616200e+00
  -2.5289600e-01   1.0367600e+00
  -4.8460000e-01   9.3478600e-01
  -6.6707400e-01   7.6631700e-01
  -7.7736700e-01   5.6694600e-01
  -8.2251700e-01   3.7584800e-01
  -8.3110600e-01   2.1246400e-01
  -8.3012700e-01   6.8531600e-02
  -8.2468500e-01  -7.8945100e-02
  -7.9579100e-01  -2.4401600e-01
  -7.1767300e-01  -4.1565100e-01
  -5.8123300e-01  -5.6158300e-01
  -4.0559500e-01  -6.4935100e-01
  -2.2874600e-01  -6.6868600e-01
  -8.4087700e-02  -6.3833200e-01
   1.9632700e-02  -5.9215000e-01
   1.0012100e-01  -5.5495200e-01
   1.8399000e-01  -5.2619500e-01
   2.8337400e-01  -4.8361400e-01
   3.8448900e-01  -4.0374800e-01
   4.5681400e-01  -2.8351900e-01
   4.7584400e-01  -1.4632000e-01
   4.4208800e-01  -2.7813500e-02
   3.8183600e-01   4.7910100e-02
   3.2899900e-01   8.3920000e-02
   3.0163800e-01   1.0608200e-01
   2.9074900e-01   1.4214700e-01
   2.6957100e-01   2.0012900e-01
   2.1615200e-01   2.6226400e-01
   1.3195200e-01   2.9897200e-01
   4.2325800e-02   2.9207300e-01
  -2.1456900e-02   2.4955300e-01
  -4.5016600e-02   2.0060200e-01
  -4.1204800e-02   1.7462200e-01
  -4.0140800e-02   1.8002600e-01
  -6.6460000e-02   1.9879100e-01
  -1.2092300e-01   2.0079200e-01
  -1.8018100e-01   1.6701800e-01
  -2.1473500e-01   1.0410200e-01
  -2.1137300e-01   3.9268100e-02
  -1.8307600e-01  -3.5856500e-04
  -1.5890300e-01  -8.3084900e-03
  -1.6159200e-01  -3.5612200e-03
  -1.8988400e-01  -1.5934300e-02
  -2.1897800e-01  -6.3117100e-02
  -2.1880000e-01  -1.3670900e-01
  -1.7630400e-01  -2.0778600e-01
  -1.0501500e-01  -2.4774700e-01
  -3.4720500e-02  -2.4868300e-01
   1.0765400e-02  -2.2795500e-01
   3.0889200e-02  -2.1365200e-01
   4.7620400e-02  -2.2210300e-01
   8.7335200e-02  -2.4458200e-01
   1.5912600e-01  -2.5332500e-01
   2.4603800e-01  -2.2235100e-01
   3.1592600e-01  -1.4734100e-01
   3.4379000e-01  -4.9597100e-02
   3.2880400e-01   3.8876900e-02
   2.9330700e-01   9.7870600e-02
   2.6470300e-01   1.3208300e-01
   2.5410900e-01   1.6508100e-01
   2.4796900e-01   2.1885800e-01
   2.1898100e-01   2.9465600e-01
   1.4799100e-01   3.6968900e-01
   4.0237600e-02   4.1236400e-01
  -7.6421300e-02   4.0456400e-01
  -1.7000800e-01   3.5423600e-01
  -2.2576900e-01   2.8888500e-01
  -2.5437000e-01   2.3498400e-01
  -2.8096900e-01   1.9892300e-01
  -3.2364800e-01   1.6384700e-01
  -3.7769700e-01   1.0463900e-01
  -4.1775200e-01   9.5406300e-03
  -4.1618900e-01  -1.0809800e-01
  -3.6388500e-01  -2.1697800e-01
  -2.7764000e-01  -2.8860200e-01
  -1.8865800e-01  -3.1607800e-01
  -1.2078000e-01  -3.1690500e-01
  -7.4846200e-02  -3.1782700e-01
  -3.0847900e-02  -3.3336800e-01
   3.3972300e-02  -3.5434800e-01
   1.2498200e-01  -3.5506800e-01
   2.2338500e-01  -3.1363500e-01
   2.9804600e-01  -2.2996400e-01
   3.2705000e-01  -1.2774900e-01
   3.1278000e-01  -3.8838300e-02
   2.7917700e-01   1.8273000e-02
   2.5337400e-01   4.9699800e-02
   2.4559300e-01   7.8863500e-02
   2.4249200e-01   1.2635000e-01
   2.1884200e-01   1.9233200e-01
   1.5856200e-01   2.5493600e-01
   6.9020500e-02   2.8581700e-01
  -2.2302100e-02   2.7113700e-01
  -8.6371900e-02   2.2207000e-01
  -1.1242500e-01   1.6689700e-01
  -1.1418100e-01   1.3064000e-01
  -1.1788900e-01   1.1760400e-01
  -1.4136600e-01   1.0989300e-01
  -1.7993500e-01   8.2864100e-02
  -2.0989500e-01   2.5656800e-02
  -2.0679700e-01  -4.8855300e-02
  -1.6463100e-01  -1.1227600e-01
  -1.0132900e-01  -1.4088200e-01
  -4.6378100e-02  -1.3254900e-01
  -1.9884500e-02  -1.0765800e-01
  -1.8830000e-02  -9.3344700e-02
  -2.0813100e-02  -1.0304700e-01
  -2.3044300e-03  -1.2677900e-01
   4.2493700e-02  -1.3941200e-01
   9.6491700e-02  -1.2055300e-01
   1.3214100e-01  -7.0915500e-02
   1.3199900e-01  -1.2704100e-02
   1.0183900e-01   2.6262400e-02
   6.6391200e-02   3.2714000e-02
   5.0943400e-02   1.7154700e-02
   6.2707100e-02   5.2430400e-03
   8.5990500e-02   1.7914200e-02
   9.4730000e-02   5.5309600e-02
   7.2806500e-02   9.6637400e-02
   2.6722500e-02   1.1599600e-01
  -1.8945800e-02   1.0211500e-01
  -3.9844200e-02   6.7031900e-02
  -3.0009600e-02   3.7159300e-02
  -6.1660500e-03   3.3499500e-02
   5.0728300e-03   5.5991900e-02
  -1.2611000e-02   8.3789100e-02
  -5.2928000e-02   9.1198300e-02
  -9.1800800e-02   6.7186800e-02
  -1.0559600e-01   2.3702500e-02
  -8.8925800e-02  -1.3428900e-02
  -5.8548900e-02  -2.4071400e-02
  -4.0471300e-02  -8.9584200e-03
  -5.0055400e-02   1.1000000e-02
  -8.0219800e-02   1.0729000e-02
  -1.0664900e-01  -1.9824400e-02
  -1.0604600e-01  -6.7842400e-02
  -7.3617400e-02  -1.0702900e-01
  -2.6594600e-02  -1.1710500e-01
   8.8010000e-03  -9.8650700e-02
   1.7029100e-02  -7.2125900e-02
   4.6363300e-03  -6.1884700e-02
  -5.1962300e-03  -7.7358400e-02
   9.2249500e-03  -1.0567800e-01
   5.1082200e-02  -1.2130700e-01
   1.0202100e-01  -1.0537500e-01
   1.3541000e-01  -6.0074900e-02
   1.3584100e-01  -7.2536700e-03
   1.1016800e-01   2.7685800e-02
   8.1786400e-02   3.4386500e-02
   7.2575600e-02   2.4592100e-02
   8.6224300e-02   2.2398100e-02
   1.0555300e-01   4.5169300e-02
   1.0581800e-01   8.9629400e-02
   7.3886800e-02   1.3367200e-01
   1.8731100e-02   1.5252200e-01
  -3.4684900e-02   1.3701700e-01
  -6.3501200e-02   1.0021200e-01
  -6.3364000e-02   6.7367300e-02
  -5.0790000e-02   5.6946500e-02
  -4.9798900e-02   6.7013100e-02
  -7.3017400e-02   7.7275800e-02
  -1.1160000e-01   6.5154700e-02
  -1.4159200e-01   2.3637900e-02
  -1.4188800e-01  -3.2625000e-02
  -1.1018700e-01  -7.7612300e-02
  -6.4872300e-02  -9.2819100e-02
  -3.1431100e-02  -8.0484000e-02
  -2.3697100e-02  -6.1209100e-02
  -3.4084600e-02  -5.7853800e-02
  -4.0126100e-02  -7.7944100e-02
  -2.2274100e-02  -1.0791400e-01
   2.0570900e-02  -1.2349100e-01
   6.9584100e-02  -1.0831800e-01
   9.9698900e-02  -6.6673100e-02
   9.8086400e-02  -2.0670100e-02
   7.3463800e-02   5.9391700e-03
   4.9234000e-02   5.1018300e-03
   4.5695000e-02  -1.0128300e-02
   6.4797800e-02  -1.6131100e-02
   8.8951800e-02   2.8449600e-03
   9.4715700e-02   4.2340700e-02
   7.0946300e-02   8.0770000e-02
   2.7639900e-02   9.5558900e-02
  -1.1220800e-02   8.0098000e-02
  -2.5383500e-02   4.8684300e-02
  -1.3204000e-02   2.5739700e-02
   7.5362700e-03   2.7492700e-02
   1.3431000e-02   4.9975200e-02
  -6.6198600e-03   7.2369000e-02
  -4.2922300e-02   7.3100200e-02
  -7.2327600e-02   4.6452700e-02
  -7.5791600e-02   7.1171600e-03
  -5.2832700e-02  -2.0738600e-02
  -2.1951600e-02  -2.1576500e-02
  -6.7230700e-03  -6.3447100e-05
  -1.8105900e-02   2.2615300e-02
  -4.6343200e-02   2.4874000e-02
  -6.8535900e-02   1.0556500e-03
  -6.6104700e-02  -3.4364000e-02
  -3.8901200e-02  -5.7828500e-02
  -5.3068900e-03  -5.4591600e-02
   1.1708600e-02  -2.9888200e-02
   1.9805000e-03  -4.9497200e-03
  -2.4175800e-02  -9.1744000e-04
  -4.3788600e-02  -2.2849600e-02
  -3.8598200e-02  -5.5912800e-02
  -8.8154700e-03  -7.6599700e-02
   2.7110400e-02  -7.0447500e-02
   4.6490200e-02  -4.2845600e-02
   3.9525100e-02  -1.4789200e-02
   1.6604200e-02  -6.8457600e-03
   2.8120000e-04  -2.3503800e-02
   8.0465700e-03  -4.9745100e-02
   3.8953700e-02  -6.2403500e-02
   7.4205000e-02  -4.7681800e-02
   9.1218200e-02  -1.1570400e-02
   8.0504100e-02   2.4684800e-02
   5.2595000e-02   4.0587900e-02
   2.9827200e-02   3.1734300e-02
   2.9248400e-02   1.2891600e-02
   4.9612200e-02   6.5334200e-03
   7.2290400e-02   2.5547300e-02
   7.5377600e-02   6.3218200e-02
   5.0289500e-02   9.8048200e-02
   8.3027600e-03   1.0973300e-01
  -2.7875400e-02   9.4197500e-02
  -4.1084200e-02   6.6329300e-02
  -3.2374000e-02   4.8411500e-02
  -1.9801100e-02   5.3046700e-02
  -2.4317000e-02   7.3523400e-02
  -5.3473900e-02   8.8895700e-02
  -9.5290000e-02   7.9899600e-02
  -1.2690000e-01   4.3646200e-02
  -1.3142200e-01  -4.0119200e-03
  -1.1029100e-01  -4.0190700e-02
  -8.1758800e-02  -5.1870400e-02
  -6.6776500e-02  -4.5195900e-02
  -7.2976100e-02  -4.0190800e-02
  -8.8900200e-02  -5.4948600e-02
  -9.2815600e-02  -9.1314100e-02
  -6.9409000e-02  -1.3290600e-01
  -2.1717400e-02  -1.5696900e-01
   3.0721400e-02  -1.5108300e-01
   6.6070400e-02  -1.2210900e-01
   7.5994700e-02  -9.0664800e-02
   7.1138200e-02  -7.5370500e-02
   7.2202400e-02  -7.8825800e-02
   9.3458100e-02  -8.5926200e-02
   1.3122100e-01  -7.5747800e-02
   1.6602900e-01  -3.7963500e-02
   1.7687600e-01   1.8658800e-02
   1.5672700e-01   7.2106200e-02
   1.1761300e-01   1.0288800e-01
   8.1501400e-02   1.0781500e-01
   6.3889700e-02   1.0141800e-01
   6.2556900e-02   1.0403500e-01
   5.9933200e-02   1.2564700e-01
   3.7232400e-02   1.5775300e-01
  -1.0415600e-02   1.7943300e-01
  -6.9322800e-02   1.7299600e-01
  -1.1661900e-01   1.3736900e-01
  -1.3656800e-01   8.9102900e-02
  -1.3151600e-01   5.0281700e-02
  -1.1926300e-01   3.2471100e-02
  -1.1892700e-01   2.8839300e-02
  -1.3606200e-01   2.0328000e-02
  -1.5830100e-01  -8.8837900e-03
  -1.6479700e-01  -5.8399900e-02
  -1.4227800e-01  -1.1097300e-01
  -9.5530599e-02  -1.4470500e-01
  -4.4380300e-02  -1.4887300e-01
  -9.4497100e-03  -1.3142100e-01
   2.5467800e-03  -1.1252700e-01
   2.9035400e-03  -1.0914700e-01
   1.1405100e-02  -1.2226400e-01
   4.0477300e-02  -1.3644900e-01
   8.5055600e-02  -1.3201500e-01
   1.2584900e-01  -1.0049400e-01
   1.4351700e-01  -5.1678400e-02
   1.3301200e-01  -6.8974000e-03
   1.0725700e-01   1.6407200e-02
   8.7387000e-02   1.7145700e-02
   8.6958300e-02   1.0716500e-02
   1.0206200e-01   1.6775900e-02
   1.1475200e-01   4.3949000e-02
   1.0712200e-01   8.3059600e-02
   7.5317800e-02   1.1397100e-01
   3.2851300e-02   1.2080900e-01
   7.2257400e-04   1.0401100e-01
  -8.1658200e-03   8.0075900e-02
   1.4945500e-03   6.9204800e-02
   1.1169800e-02   8.0194300e-02
   2.6159800e-03   1.0397700e-01
  -2.8307900e-02   1.2064500e-01
  -6.8564900e-02   1.1459200e-01
  -9.7865399e-02   8.6283100e-02
  -1.0401800e-01   5.1781600e-02
  -9.2057499e-02   3.0427700e-02
  -8.0238700e-02   3.0057100e-02
  -8.5964900e-02   4.0965500e-02
  -1.1230700e-01   4.3194000e-02
  -1.4531800e-01   2.1616300e-02
  -1.6416200e-01  -2.2567500e-02
  -1.5637700e-01  -7.2586000e-02
  -1.2677200e-01  -1.0847000e-01
  -9.3277899e-02  -1.2164600e-01
  -7.2989800e-02  -1.2071900e-01
  -6.9030500e-02  -1.2410900e-01
  -6.8202400e-02  -1.4520200e-01
  -5.1206700e-02  -1.8129400e-01
  -7.6827400e-03  -2.1474600e-01
   5.5314300e-02  -2.2549600e-01
   1.1779800e-01  -2.0549400e-01
   1.6089400e-01  -1.6420900e-01
   1.7984300e-01  -1.2112300e-01
   1.8619500e-01  -9.0968899e-02
   1.9763400e-01  -7.2932800e-02
   2.2326300e-01  -5.1975900e-02
   2.5555500e-01  -1.1228100e-02
   2.7512100e-01   5.3982300e-02
   2.6472700e-01   1.3113000e-01
   2.2198300e-01   1.9834700e-01
   1.6115200e-01   2.3923000e-01
   1.0277800e-01   2.5348800e-01
   5.8993500e-02   2.5547700e-01
   2.5608700e-02   2.6187200e-01
  -1.3110300e-02   2.7792000e-01
  -7.0700500e-02   2.9273800e-01
  -1.4630600e-01   2.8725100e-01
  -2.2334600e-01   2.4874700e-01
  -2.8012600e-01   1.8104000e-01
  -3.0444000e-01   1.0254800e-01
  -3.0121600e-01   3.3729200e-02
  -2.8752400e-01  -1.6651800e-02
  -2.7883800e-01  -5.6137500e-02
  -2.7701500e-01  -1.0070300e-01
  -2.6908600e-01  -1.6050700e-01
  -2.3774800e-01  -2.3016800e-01
  -1.7553700e-01  -2.9101600e-01
  -9.1914399e-02  -3.2367900e-01
  -7.8409400e-03  -3.2152900e-01
   5.8114100e-02  -2.9488500e-01
   1.0170000e-01  -2.6285600e-01
   1.3405000e-01  -2.3903500e-01
   1.7122100e-01  -2.2187600e-01
   2.2025600e-01  -1.9695100e-01
   2.7239200e-01  -1.4930400e-01
   3.0861400e-01  -7.6432500e-02
   3.1334500e-01   8.0151099e-03
   2.8592100e-01   8.2677699e-02
   2.4118800e-01   1.3275200e-01
   1.9876500e-01   1.5937400e-01
   1.6908900e-01   1.7711200e-01
   1.4674500e-01   2.0158300e-01
   1.1601300e-01   2.3662500e-01
   6.4335800e-02   2.7076200e-01
  -6.5970100e-03   2.8561100e-01
  -8.0590799e-02   2.6982900e-01
  -1.3775400e-01   2.2800900e-01
  -1.6821900e-01   1.7777100e-01
  -1.7844200e-01   1.3723300e-01
  -1.8537000e-01   1.1231200e-01
  -2.0293500e-01   9.3394099e-02
  -2.3112000e-01   6.3801500e-02
  -2.5582800e-01   1.3578200e-02
  -2.5961700e-01  -5.1901100e-02
  -2.3509900e-01  -1.1501600e-01
  -1.9085000e-01  -1.5833500e-01
  -1.4533900e-01  -1.7698000e-01
  -1.1348500e-01  -1.8157300e-01
  -9.6001599e-02  -1.8956300e-01
  -7.9555099e-02  -2.1152200e-01
  -4.7579400e-02  -2.4277000e-01
   6.4717400e-03  -2.6664400e-01
   7.3461599e-02  -2.6689600e-01
   1.3475000e-01  -2.3981000e-01
   1.7550400e-01  -1.9689800e-01
   1.9504400e-01  -1.5616000e-01
   2.0642700e-01  -1.2858900e-01
   2.2561500e-01  -1.1014500e-01
   2.5846900e-01  -8.5282699e-02
   2.9545300e-01  -3.9340400e-02
   3.1804000e-01   2.9585300e-02
   3.1201200e-01   1.0825300e-01
   2.7760200e-01   1.7716200e-01
   2.2888600e-01   2.2396700e-01
   1.8296800e-01   2.5131900e-01
   1.4720100e-01   2.7324500e-01
   1.1415600e-01   3.0293000e-01
   6.8132600e-02   3.4122500e-01
  -1.7488000e-03   3.7465400e-01
  -9.1812399e-02   3.8448400e-01
  -1.8484200e-01   3.6004800e-01
  -2.6110800e-01   3.0630300e-01
  -3.1112400e-01   2.3999000e-01
  -3.4057500e-01   1.7737500e-01
  -3.6383300e-01   1.2287800e-01
  -3.9110800e-01   6.7181000e-02
  -4.1908600e-01  -3.8284700e-03
  -4.3223300e-01  -9.6137799e-02
  -4.1381800e-01  -2.0058900e-01
  -3.5838200e-01  -2.9716100e-01
  -2.7623600e-01  -3.6741000e-01
  -1.8663900e-01  -4.0577800e-01
  -1.0481400e-01  -4.2136500e-01
  -3.2588300e-02  -4.2898200e-01
   4.0379000e-02  -4.3641500e-01
   1.2584500e-01  -4.3762700e-01
   2.2501900e-01  -4.1709500e-01
   3.2458900e-01  -3.6200000e-01
   4.0386900e-01  -2.7302500e-01
   4.4780300e-01  -1.6555600e-01
   4.5609800e-01  -6.0341400e-02
   4.4174500e-01   2.9418700e-02
   4.2014300e-01   1.0491000e-01
   3.9717500e-01   1.7747700e-01
   3.6524800e-01   2.5673300e-01
   3.1027400e-01   3.4019600e-01
   2.2420300e-01   4.1243300e-01
   1.1353400e-01   4.5449400e-01
  -2.7496800e-03   4.5658000e-01
  -1.0437900e-01   4.2443800e-01
  -1.8179900e-01   3.7474000e-01
  -2.4007000e-01   3.2295900e-01
  -2.9191800e-01   2.7292100e-01
  -3.4538000e-01   2.1584400e-01
  -3.9554600e-01   1.3947100e-01
  -4.2672700e-01   4.0205700e-02
  -4.2346700e-01  -7.1063599e-02
  -3.8206600e-01  -1.7402600e-01
  -3.1390700e-01  -2.5118500e-01
  -2.3804700e-01  -2.9816800e-01
  -1.6864000e-01  -3.2446100e-01
  -1.0659300e-01  -3.4416600e-01
  -4.1634900e-02  -3.6389400e-01
   3.6960000e-02  -3.7701200e-01
   1.2927800e-01  -3.6860500e-01
   2.2184700e-01  -3.2733700e-01
   2.9522200e-01  -2.5518900e-01
   3.3642200e-01  -1.6762400e-01
   3.4691800e-01  -8.3986399e-02
   3.4020300e-01  -1.5300500e-02
   3.3086900e-01   4.1432600e-02
   3.2347800e-01   9.8285999e-02
   3.0962500e-01   1.6471100e-01
   2.7533800e-01   2.3807900e-01
   2.1310500e-01   3.0371400e-01
   1.2934200e-01   3.4443000e-01
   4.1545500e-02   3.5240000e-01
  -3.2783300e-02   3.3439500e-01
  -8.7160199e-02   3.0645400e-01
  -1.2885500e-01   2.8203200e-01
  -1.7139300e-01   2.6255800e-01
  -2.2260500e-01   2.3747000e-01
  -2.7732400e-01   1.9360900e-01
  -3.2028500e-01   1.2674200e-01
  -3.3701900e-01   4.6422400e-02
  -3.2447200e-01  -2.9550900e-02
  -2.9331200e-01  -8.6931699e-02
  -2.6017100e-01  -1.2420300e-01
  -2.3567100e-01  -1.5225700e-01
  -2.1726300e-01  -1.8488900e-01
  -1.9221300e-01  -2.2735000e-01
  -1.4840500e-01  -2.7163100e-01
  -8.4705699e-02  -3.0203200e-01
  -1.3020500e-02  -3.0675100e-01
   4.9532300e-02  -2.8672300e-01
   9.2412499e-02  -2.5498500e-01
   1.1851100e-01  -2.2708600e-01
   1.4091900e-01  -2.0976900e-01
   1.7210100e-01  -1.9649800e-01
   2.1369600e-01  -1.7314200e-01
   2.5466200e-01  -1.2948700e-01
   2.7914300e-01  -6.7827699e-02
   2.7810500e-01  -2.1414600e-03
   2.5591100e-01   5.1525100e-02
   2.2691400e-01   8.6171199e-02
   2.0466400e-01   1.0807300e-01
   1.9193000e-01   1.3097800e-01
   1.7907500e-01   1.6470100e-01
   1.5199400e-01   2.0681000e-01
   1.0357300e-01   2.4368900e-01
   3.9973400e-02   2.6019800e-01
  -2.2992500e-02   2.5061900e-01
  -7.0679799e-02   2.2265200e-01
  -9.9437999e-02   1.9147300e-01
  -1.1807400e-01   1.6841200e-01
  -1.3992200e-01   1.5283100e-01
  -1.7159700e-01   1.3332800e-01
  -2.0701000e-01   9.7321599e-02
  -2.3120100e-01   4.1710100e-02
  -2.3110900e-01  -2.3500600e-02
  -2.0516800e-01  -8.1371299e-02
  -1.6448200e-01  -1.1937100e-01
  -1.2475000e-01  -1.3736700e-01
  -9.5064999e-02  -1.4630200e-01
  -7.2043299e-02  -1.5866700e-01
  -4.3668700e-02  -1.7806000e-01
   1.3518100e-04  -1.9580200e-01
   5.8294099e-02  -1.9717100e-01
   1.1776900e-01  -1.7256100e-01
   1.6181600e-01  -1.2511800e-01
   1.8113100e-01  -6.9068299e-02
   1.7953000e-01  -2.0022900e-02
   1.6996300e-01   1.5451600e-02
   1.6397000e-01   4.3168900e-02
   1.6261100e-01   7.5147399e-02
   1.5576600e-01   1.1871400e-01
   1.3029300e-01   1.6923800e-01
   8.0839899e-02   2.1206700e-01
   1.5091200e-02   2.3227300e-01
  -5.0577100e-02   2.2487600e-01
  -1.0178100e-01   1.9789300e-01
  -1.3515300e-01   1.6595300e-01
  -1.5898300e-01   1.3937000e-01
  -1.8512400e-01   1.1693900e-01
  -2.1839700e-01   8.7853199e-02
  -2.5161500e-01   4.1236000e-02
  -2.7003400e-01  -2.4038000e-02
  -2.6189400e-01  -9.6727999e-02
  -2.2710000e-01  -1.5987500e-01
  -1.7748600e-01  -2.0175700e-01
  -1.2848000e-01  -2.2295600e-01
  -8.8467099e-02  -2.3429300e-01
  -5.3828099e-02  -2.4731600e-01
  -1.3331500e-02  -2.6460600e-01
   4.1574900e-02  -2.7729000e-01
   1.0845900e-01  -2.7164000e-01
   1.7396100e-01  -2.3973400e-01
   2.2223400e-01  -1.8609700e-01
   2.4544900e-01  -1.2525400e-01
   2.4848200e-01  -7.2031099e-02
   2.4432100e-01  -3.1866800e-02
   2.4372100e-01   1.6086400e-03
   2.4696500e-01   4.0020200e-02
   2.4395400e-01   8.9787399e-02
   2.2249000e-01   1.4576200e-01
   1.7843400e-01   1.9383600e-01
   1.1997800e-01   2.2058000e-01
   6.2764699e-02   2.2264100e-01
   1.9476400e-02   2.0882700e-01
  -8.2755299e-03   1.9332100e-01
  -2.9728000e-02   1.8517900e-01
  -5.6665799e-02   1.8202900e-01
  -9.3405499e-02   1.7267800e-01
  -1.3268800e-01   1.4657900e-01
  -1.6059600e-01   1.0290800e-01
  -1.6676700e-01   5.2327599e-02
  -1.5215500e-01   1.0062600e-02
  -1.2847300e-01  -1.4512700e-02
  -1.0972400e-01  -2.3943200e-02
  -1.0222100e-01  -2.9885600e-02
  -1.0058700e-01  -4.3607500e-02
  -9.2701199e-02  -6.7014999e-02
  -6.9767999e-02  -9.0998199e-02
  -3.3827900e-02  -1.0231500e-01
   3.0002200e-03  -9.3765699e-02
   2.6985600e-02  -6.9927999e-02
   3.2562400e-02  -4.4100000e-02
   2.6039600e-02  -2.8752700e-02
   2.0465800e-02  -2.6695700e-02
   2.5560700e-02  -2.9597700e-02
   4.0332600e-02  -2.4925100e-02
   5.3941799e-02  -5.9982099e-03
   5.4111799e-02   2.2469300e-02
   3.6683400e-02   4.7537300e-02
   9.0612399e-03   5.7499899e-02
  -1.5055000e-02   5.0467899e-02
  -2.5664500e-02   3.5586700e-02
  -2.3627500e-02   2.5983400e-02
  -1.9603800e-02   2.8794900e-02
  -2.5602900e-02   3.9816000e-02
  -4.5564100e-02   4.6789600e-02
  -7.2094099e-02   3.8816700e-02
  -9.1809199e-02   1.4745900e-02
  -9.5215199e-02  -1.5802900e-02
  -8.3639599e-02  -3.9531600e-02
  -6.7984699e-02  -4.9286299e-02
  -6.0271099e-02  -4.9170699e-02
  -6.4393499e-02  -5.1099199e-02
  -7.3087399e-02  -6.5419499e-02
  -7.3390399e-02  -9.2716099e-02
  -5.6451499e-02  -1.2299200e-01
  -2.4270800e-02  -1.4283000e-01
   1.1707000e-02  -1.4510600e-01
   3.9047100e-02  -1.3392100e-01
   5.3406099e-02  -1.2104400e-01
   6.1371699e-02  -1.1662400e-01
   7.4935899e-02  -1.2121500e-01
   1.0181900e-01  -1.2517800e-01
   1.3898700e-01  -1.1590100e-01
   1.7428100e-01  -8.7384899e-02
   1.9493000e-01  -4.4938900e-02
   1.9651100e-01  -1.4701400e-03
   1.8563700e-01   3.1806500e-02
   1.7437400e-01   5.3204499e-02
   1.7068100e-01   7.1045799e-02
   1.7215000e-01   9.6469799e-02
   1.6777500e-01   1.3407000e-01
   1.4642600e-01   1.7748100e-01
   1.0559300e-01   2.1328900e-01
   5.3789799e-02   2.3032200e-01
   4.8036199e-03   2.2732900e-01
  -3.1859200e-02   2.1329300e-01
  -5.7132899e-02   2.0019600e-01
  -8.0553699e-02   1.9375800e-01
  -1.1188900e-01   1.8918300e-01
  -1.5263900e-01   1.7511300e-01
  -1.9389100e-01   1.4277200e-01
  -2.2218400e-01   9.3340699e-02
  -2.2896600e-01   3.7977200e-02
  -2.1653600e-01  -9.5713899e-03
  -1.9599700e-01  -4.2194000e-02
  -1.7883000e-01  -6.3559999e-02
  -1.6847000e-01  -8.4123999e-02
  -1.5824800e-01  -1.1209600e-01
  -1.3721000e-01  -1.4628000e-01
  -9.9347999e-02  -1.7623200e-01
  -4.9212899e-02  -1.8964400e-01
   3.9117700e-04  -1.8136400e-01
   3.6910800e-02  -1.5725500e-01
   5.6367799e-02  -1.2997100e-01
   6.5266499e-02  -1.0987800e-01
   7.4719099e-02  -9.7944099e-02
   9.1300699e-02  -8.5954999e-02
   1.1159700e-01  -6.3792499e-02
   1.2457500e-01  -2.8212900e-02
   1.1997400e-01   1.3590700e-02
   9.6343399e-02   4.8373699e-02
   6.2630799e-02   6.5894199e-02
   3.2112600e-02   6.5825299e-02
   1.3230200e-02   5.7347499e-02
   4.2222300e-03   5.1784799e-02
  -4.4589499e-03   5.3889299e-02
  -2.1857200e-02   5.8373599e-02
  -4.8693799e-02   5.4284499e-02
  -7.5982799e-02   3.3863100e-02
  -9.1154199e-02  -8.5711299e-04
  -8.7066599e-02  -3.8740800e-02
  -6.7109799e-02  -6.7036599e-02
  -4.2563299e-02  -8.0031099e-02
  -2.4228900e-02  -8.2379899e-02
  -1.4668900e-02  -8.4665799e-02
  -6.8878399e-03  -9.4614899e-02
   9.5993999e-03  -1.1066300e-01
   3.9970500e-02  -1.2276200e-01
   7.9277199e-02  -1.1980500e-01
   1.1528700e-01  -9.8045999e-02
   1.3686100e-01  -6.4138399e-02
   1.4156500e-01  -3.0489000e-02
   1.3679800e-01  -6.4416699e-03
   1.3363200e-01   8.0657699e-03
   1.3808400e-01   2.1626000e-02
   1.4640800e-01   4.3994199e-02
   1.4798900e-01   7.7864199e-02
   1.3359200e-01   1.1605100e-01
   1.0270700e-01   1.4623100e-01
   6.4407999e-02   1.5966200e-01
   3.1067400e-02   1.5730600e-01
   9.6669999e-03   1.4873700e-01
  -2.7576500e-03   1.4470700e-01
  -1.6139600e-02   1.4898600e-01
  -3.9178600e-02   1.5566200e-01
  -7.2161299e-02   1.5388600e-01
  -1.0625100e-01   1.3644400e-01
  -1.2978000e-01   1.0563500e-01
  -1.3677300e-01   7.1982799e-02
  -1.3125400e-01   4.6762899e-02
  -1.2408600e-01   3.3981100e-02
  -1.2475200e-01   2.7851500e-02
  -1.3428500e-01   1.7645700e-02
  -1.4468900e-01  -3.7913500e-03
  -1.4522700e-01  -3.4316400e-02
  -1.3080800e-01  -6.3876799e-02
  -1.0608900e-01  -8.1941199e-02
  -8.2197199e-02  -8.5328099e-02
  -6.8565699e-02  -8.0505799e-02
  -6.6055499e-02  -7.8632499e-02
  -6.6562399e-02  -8.7099899e-02
  -5.9379699e-02  -1.0397600e-01
  -3.9488899e-02  -1.1953300e-01
  -1.1503900e-02  -1.2367600e-01
   1.3693400e-02  -1.1363200e-01
   2.7057200e-02  -9.6088799e-02
   2.8074000e-02  -8.2177799e-02
   2.4991200e-02  -7.9123699e-02
   2.8424700e-02  -8.4887799e-02
   4.3200899e-02  -8.9848999e-02
   6.4612199e-02  -8.4232299e-02
   8.1906999e-02  -6.5652699e-02
   8.6360899e-02  -4.1068899e-02
   7.7819099e-02  -2.1684300e-02
   6.4774299e-02  -1.4669000e-02
   5.7947699e-02  -1.7961500e-02
   6.2250599e-02  -2.2062600e-02
   7.3209499e-02  -1.7431300e-02
   8.0542299e-02  -1.8596300e-03
   7.6151299e-02   1.7760300e-02
   6.0467099e-02   3.0606800e-02
   4.2337599e-02   3.0113200e-02
   3.2552100e-02   1.8973000e-02
   3.5897600e-02   7.1911099e-03
   4.7743699e-02   4.6723599e-03
   5.7705599e-02   1.3958100e-02
   5.7579599e-02   2.8589100e-02
   4.7529599e-02   3.8295999e-02
   3.5844100e-02   3.7051200e-02
   3.2470200e-02   2.7862600e-02
   4.1239099e-02   2.0670900e-02
   5.6678099e-02   2.4943200e-02
   6.7823499e-02   4.2560299e-02
   6.6153399e-02   6.6362699e-02
   5.1655799e-02   8.5430299e-02
   3.2478400e-02   9.3083999e-02
   1.8473500e-02   9.1557399e-02
   1.3565100e-02   8.9834299e-02
   1.2734400e-02   9.6330899e-02
   5.9057199e-03   1.1200000e-01
  -1.4218100e-02   1.2910400e-01
  -4.6308399e-02   1.3660400e-01
  -8.0974299e-02   1.2810100e-01
  -1.0731000e-01   1.0635100e-01
  -1.2048500e-01   8.0987799e-02
  -1.2466300e-01   6.1202599e-02
  -1.2910700e-01   4.8958799e-02
  -1.4046900e-01   3.7864999e-02
  -1.5715900e-01   1.8535600e-02
  -1.7007300e-01  -1.3654100e-02
  -1.6916400e-01  -5.4319599e-02
  -1.5087900e-01  -9.2563699e-02
  -1.2086300e-01  -1.1835500e-01
  -8.9915099e-02  -1.2924200e-01
  -6.6250599e-02  -1.3138200e-01
  -4.9936499e-02  -1.3416800e-01
  -3.3653600e-02  -1.4258700e-01
  -9.1585299e-03  -1.5312300e-01
   2.5510700e-02  -1.5632500e-01
   6.3588299e-02  -1.4408200e-01
   9.3786199e-02  -1.1609500e-01
   1.0800600e-01  -8.0639599e-02
   1.0676500e-01  -4.9028699e-02
   9.8288599e-02  -2.7944800e-02
   9.1997999e-02  -1.5396000e-02
   9.1367799e-02  -3.2827400e-03
   9.1548099e-02   1.5445800e-02
   8.3531499e-02   4.0532899e-02
   6.1665299e-02   6.3839799e-02
   2.8781300e-02   7.4921399e-02
  -4.9801699e-03   6.8557799e-02
  -2.8801000e-02   4.8565099e-02
  -3.8304199e-02   2.5028100e-02
  -3.7842799e-02   7.0618299e-03
  -3.6305899e-02  -3.4315000e-03
  -3.9688199e-02  -1.2329700e-02
  -4.6099499e-02  -2.7819200e-02
  -4.7009399e-02  -5.3100899e-02
  -3.3787600e-02  -8.2859399e-02
  -4.5754199e-03  -1.0622200e-01
   3.3721700e-02  -1.1401900e-01
   6.9845199e-02  -1.0489600e-01
   9.5688099e-02  -8.5728799e-02
   1.1126700e-01  -6.6060199e-02
   1.2347800e-01  -5.0834499e-02
   1.3966100e-01  -3.6916299e-02
   1.6093200e-01  -1.6015500e-02
   1.8038700e-01   1.8242800e-02
   1.8757700e-01   6.4502799e-02
   1.7590400e-01   1.1356300e-01
   1.4735700e-01   1.5409700e-01
   1.1104800e-01   1.7992800e-01
   7.6651099e-02   1.9343400e-01
   4.7730299e-02   2.0257900e-01
   1.9942600e-02   2.1389900e-01
  -1.4569500e-02   2.2682000e-01
  -6.0002599e-02   2.3362200e-01
  -1.1243100e-01   2.2509900e-01
  -1.6148900e-01   1.9761900e-01
  -1.9698400e-01   1.5622800e-01
  -2.1546500e-01   1.1145100e-01
  -2.2186600e-01   7.2184899e-02
  -2.2501400e-01   4.0017899e-02
  -2.3045800e-01   9.2194299e-03
  -2.3607800e-01  -2.7681300e-02
  -2.3376100e-01  -7.3018499e-02
  -2.1587300e-01  -1.2108200e-01
  -1.8157100e-01  -1.6141400e-01
  -1.3815900e-01  -1.8585400e-01
  -9.6429499e-02  -1.9401000e-01
  -6.3477799e-02  -1.9306400e-01
  -3.8382899e-02  -1.9208000e-01
  -1.3956800e-02  -1.9512400e-01
   1.6827800e-02  -1.9840500e-01
   5.4646399e-02  -1.9354300e-01
   9.2583499e-02  -1.7445500e-01
   1.2079000e-01  -1.4259900e-01
   1.3351100e-01  -1.0657200e-01
   1.3317000e-01  -7.6351199e-02
   1.2841600e-01  -5.6501699e-02
   1.2762900e-01  -4.3466099e-02
   1.3278000e-01  -2.8934800e-02
   1.3825700e-01  -6.7146499e-03
   1.3552400e-01   2.2125200e-02
   1.2001400e-01   4.9720999e-02
   9.5041698e-02   6.7125999e-02
   6.9742199e-02   7.0923499e-02
   5.2603599e-02   6.5730799e-02
   4.5482099e-02   6.0699099e-02
   4.2611799e-02   6.2662099e-02
   3.5337399e-02   7.1110499e-02
   1.8972000e-02   7.8772699e-02
  -3.4114599e-03   7.7337299e-02
  -2.3108500e-02   6.3963599e-02
  -3.2201599e-02   4.3652999e-02
  -2.9398000e-02   2.5696300e-02
  -2.0874300e-02   1.6902400e-02
  -1.5504400e-02   1.6737500e-02
  -1.8100600e-02   1.8044300e-02
  -2.5787100e-02   1.2779600e-02
  -3.0246000e-02  -1.5883800e-03
  -2.4124800e-02  -1.9866400e-02
  -6.7536499e-03  -3.2776299e-02
   1.5142600e-02  -3.3690899e-02
   3.2259799e-02  -2.3376400e-02
   3.9399699e-02  -9.1796999e-03
   3.8971999e-02   6.9044399e-04
   3.8686399e-02   3.4312499e-03
   4.5215399e-02   3.7072399e-03
   5.8653999e-02   9.9477098e-03
   7.1988399e-02   2.7691800e-02
   7.5988999e-02   5.5022399e-02
   6.5839299e-02   8.3541599e-02
   4.4513499e-02   1.0414900e-01
   2.0382500e-02   1.1325900e-01
   8.9851199e-04   1.1479000e-01
  -1.2841700e-02   1.1646000e-01
  -2.6542400e-02   1.2325600e-01
  -4.7846599e-02   1.3306600e-01
  -7.9874299e-02   1.3779100e-01
  -1.1807700e-01   1.2914600e-01
  -1.5281300e-01   1.0475100e-01
  -1.7571300e-01   6.9944999e-02
  -1.8507100e-01   3.3971199e-02
  -1.8622500e-01   3.4373799e-03
  -1.8671500e-01  -2.2008800e-02
  -1.8993800e-01  -4.8548799e-02
  -1.9214700e-01  -8.2514799e-02
  -1.8508400e-01  -1.2451700e-01
  -1.6225900e-01  -1.6786900e-01
  -1.2412600e-01  -2.0254900e-01
  -7.8240699e-02  -2.2173700e-01
  -3.4277599e-02  -2.2604200e-01
   2.3458200e-03  -2.2227300e-01
   3.3450599e-02  -2.1774900e-01
   6.5498199e-02  -2.1449500e-01
   1.0345400e-01  -2.0772400e-01
   1.4582200e-01  -1.8975900e-01
   1.8467600e-01  -1.5637700e-01
   2.1068800e-01  -1.1077100e-01
   2.1940300e-01  -6.2080599e-02
   2.1404900e-01  -1.9579900e-02
   2.0278400e-01   1.3127000e-02
   1.9251100e-01   3.9584699e-02
   1.8392400e-01   6.6592799e-02
   1.7153000e-01   9.7965398e-02
   1.4856400e-01   1.3072500e-01
   1.1303400e-01   1.5664400e-01
   7.0260799e-02   1.6799600e-01
   2.9948099e-02   1.6315300e-01
  -5.0864699e-05   1.4783400e-01
  -1.8605700e-02   1.3102800e-01
  -3.1197199e-02   1.1870200e-01
  -4.4970599e-02   1.0999100e-01
  -6.2746099e-02   9.8716798e-02
  -8.0544199e-02   7.9008099e-02
  -9.0495698e-02   5.0702399e-02
  -8.6915998e-02   2.0388900e-02
  -7.0923899e-02  -2.7347400e-03
  -5.0086399e-02  -1.3093500e-02
  -3.3335299e-02  -1.2371200e-02
  -2.4964800e-02  -7.8392899e-03
  -2.2202500e-02  -6.6709799e-03
  -1.8124400e-02  -1.0553700e-02
  -7.6446799e-03  -1.4660000e-02
   8.0028899e-03  -1.1717600e-02
   2.1712700e-02   1.9485200e-03
   2.5555500e-02   2.3017300e-02
   1.6610900e-02   4.3023299e-02
  -8.2576099e-04   5.4087899e-02
  -1.8327700e-02   5.4230199e-02
  -2.9384099e-02   4.8282999e-02
  -3.3855699e-02   4.3767899e-02
  -3.7511199e-02   4.4888899e-02
  -4.7048999e-02   4.9206499e-02
  -6.4422699e-02   4.9500599e-02
  -8.4803598e-02   3.9392699e-02
  -9.9742798e-02   1.8446800e-02
  -1.0315700e-01  -7.1299499e-03
  -9.5620498e-02  -2.8731999e-02
  -8.3743898e-02  -4.1355599e-02
  -7.5116299e-02  -4.6845499e-02
  -7.2654599e-02  -5.1975799e-02
  -7.2612899e-02  -6.2862399e-02
  -6.7728799e-02  -7.9966199e-02
  -5.3083799e-02  -9.7482398e-02
  -3.0211799e-02  -1.0757100e-01
  -6.3246499e-03  -1.0622100e-01
   1.0770600e-02  -9.6293598e-02
   1.8230300e-02  -8.5452398e-02
   2.0021900e-02  -8.0531599e-02
   2.3688300e-02  -8.2597098e-02
   3.4495499e-02  -8.6405898e-02
   5.1396199e-02  -8.4637698e-02
   6.7846499e-02  -7.3661199e-02
   7.6830399e-02  -5.6455699e-02
   7.6262399e-02  -4.0473499e-02
   7.0662099e-02  -3.2071999e-02
   6.7826599e-02  -3.1733799e-02
   7.3014599e-02  -3.3695899e-02
   8.5030798e-02  -3.0262799e-02
   9.7155498e-02  -1.7547000e-02
   1.0219600e-01   1.6928900e-03
   9.7824998e-02   2.0231300e-02
   8.8183598e-02   3.1892299e-02
   8.0547898e-02   3.6205299e-02
   7.9624698e-02   3.8671099e-02
   8.3807898e-02   4.6445099e-02
   8.6245498e-02   6.2715699e-02
   7.9914298e-02   8.4038698e-02
   6.2873299e-02   1.0264800e-01
   3.9735799e-02   1.1199400e-01
   1.8271100e-02   1.1134100e-01
   3.7218899e-03   1.0596300e-01
  -4.8619599e-03   1.0284800e-01
  -1.3517300e-02   1.0517000e-01
  -2.8359299e-02   1.0976200e-01
  -5.0490599e-02   1.0948800e-01
  -7.4706499e-02   9.8716698e-02
  -9.2989598e-02   7.7759898e-02
  -1.0016800e-01   5.2909899e-02
  -9.7476898e-02   3.2048699e-02
  -9.1363898e-02   1.9145500e-02
  -8.8469198e-02   1.1779500e-02
  -9.0603098e-02   3.5204499e-03
  -9.3518398e-02  -1.0678700e-02
  -9.0388198e-02  -3.0197299e-02
  -7.7331498e-02  -4.8836199e-02
  -5.6778899e-02  -5.9224599e-02
  -3.6114499e-02  -5.8218899e-02
  -2.2601900e-02  -4.9219099e-02
  -1.8408600e-02  -3.9664599e-02
  -1.9457200e-02  -3.5611099e-02
  -1.8926800e-02  -3.7484199e-02
  -1.2717300e-02  -4.0193299e-02
  -2.7164399e-03  -3.7477099e-02
   4.6036399e-03  -2.7149199e-02
   3.1900199e-03  -1.3236600e-02
  -7.7897398e-03  -3.3710799e-03
  -2.2992800e-02  -3.3849199e-03
  -3.4526399e-02  -1.3180100e-02
  -3.7428199e-02  -2.6967299e-02
  -3.2886499e-02  -3.7668999e-02
  -2.6810399e-02  -4.2139699e-02
  -2.4882500e-02  -4.3260599e-02
  -2.7879799e-02  -4.7351499e-02
  -3.0830299e-02  -5.8893599e-02
  -2.6652199e-02  -7.6595398e-02
  -1.1524200e-02  -9.3806698e-02
   1.2075200e-02  -1.0299300e-01
   3.6956199e-02  -1.0091300e-01
   5.6234599e-02  -9.0619998e-02
   6.7996699e-02  -7.8809098e-02
   7.6118598e-02  -7.0563099e-02
   8.6669398e-02  -6.5484599e-02
   1.0267000e-01  -5.8145099e-02
   1.2121700e-01  -4.2490099e-02
   1.3517500e-01  -1.6844400e-02
   1.3817600e-01   1.4294300e-02
   1.2916000e-01   4.3049299e-02
   1.1304500e-01   6.3457199e-02
   9.7032198e-02   7.5286698e-02
   8.5360098e-02   8.3542798e-02
   7.6456198e-02   9.4080898e-02
   6.4618299e-02   1.0869300e-01
   4.4906399e-02   1.2340800e-01
   1.7503100e-02   1.3130200e-01
  -1.1789800e-02   1.2768500e-01
  -3.5321899e-02   1.1373200e-01
  -4.8801699e-02   9.5819498e-02
  -5.4033599e-02   8.1040298e-02
  -5.7146099e-02   7.2299398e-02
  -6.3685399e-02   6.6648799e-02
  -7.4300798e-02   5.8085299e-02
  -8.4284698e-02   4.2643299e-02
  -8.7291498e-02   2.1891800e-02
  -8.0394998e-02   2.1659900e-03
  -6.6631799e-02  -9.8952798e-03
  -5.3085899e-02  -1.2137000e-02
  -4.5946899e-02  -8.3881398e-03
  -4.6253899e-02  -5.5498299e-03
  -4.9512799e-02  -8.4782598e-03
  -4.9436499e-02  -1.6522500e-02
  -4.2946999e-02  -2.4307399e-02
  -3.2640099e-02  -2.6130199e-02
  -2.4850299e-02  -2.0606100e-02
  -2.4795799e-02  -1.2021200e-02
  -3.2492599e-02  -7.3535398e-03
  -4.2541699e-02  -1.1205500e-02
  -4.7959599e-02  -2.2468600e-02
  -4.5167699e-02  -3.5227599e-02
  -3.6392499e-02  -4.3203199e-02
  -2.7694299e-02  -4.4368699e-02
  -2.4153999e-02  -4.2259899e-02
  -2.5884499e-02  -4.3016999e-02
  -2.7893599e-02  -5.0429499e-02
  -2.3897299e-02  -6.2762799e-02
  -1.1187400e-02  -7.3785498e-02
   7.1383098e-03  -7.7231698e-02
   2.4273999e-02  -7.1336098e-02
   3.4552299e-02  -6.0028099e-02
   3.7388999e-02  -4.9904299e-02
   3.7370499e-02  -4.5284699e-02
   4.0456599e-02  -4.5094699e-02
   4.9204099e-02  -4.3913699e-02
   6.0646099e-02  -3.6369199e-02
   6.8436299e-02  -2.1521900e-02
   6.7632599e-02  -3.9028699e-03
   5.8495099e-02   9.5970398e-03
   4.6425399e-02   1.4645000e-02
   3.8091299e-02   1.2490000e-02
   3.6662699e-02   8.8299998e-03
   3.9739199e-02   9.4049898e-03
   4.1504799e-02   1.5664300e-02
   3.7438899e-02   2.3782099e-02
   2.7991299e-02   2.7747399e-02
   1.8422000e-02   2.4163899e-02
   1.4923400e-02   1.5104800e-02
   1.9957200e-02   6.8457998e-03
   3.0330999e-02   5.4204999e-03
   3.9464199e-02   1.2341700e-02
   4.2127099e-02   2.3698099e-02
   3.8080899e-02   3.3277899e-02
   3.1892199e-02   3.7327999e-02
   2.9101199e-02   3.7336799e-02
   3.1680999e-02   3.8739899e-02
   3.6251999e-02   4.6547299e-02
   3.6419599e-02   6.1219999e-02
   2.7475499e-02   7.7934998e-02
   9.9178498e-03   8.9807898e-02
  -1.0859100e-02   9.2654098e-02
  -2.8458799e-02   8.7715298e-02
  -4.0010499e-02   8.0325598e-02
  -4.7921899e-02   7.5567498e-02
  -5.7561299e-02   7.4235098e-02
  -7.2662198e-02   7.2172298e-02
  -9.1964098e-02   6.3486699e-02
  -1.0965800e-01   4.5196699e-02
  -1.1931900e-01   1.9788100e-02
  -1.1837800e-01  -6.2626799e-03
  -1.0976200e-01  -2.6891899e-02
  -9.9507298e-02  -4.0467499e-02
  -9.2158598e-02  -5.0419099e-02
  -8.7452398e-02  -6.2046699e-02
  -8.0778098e-02  -7.7967498e-02
  -6.7042698e-02  -9.5677798e-02
  -4.4985699e-02  -1.0909500e-01
  -1.8651200e-02  -1.1291800e-01
   5.1172599e-03  -1.0652100e-01
   2.1286600e-02  -9.4426898e-02
   2.9889799e-02  -8.3028598e-02
   3.5501399e-02  -7.6018898e-02
   4.3366699e-02  -7.1978798e-02
   5.5143799e-02  -6.5911998e-02
   6.7491098e-02  -5.3523299e-02
   7.4565398e-02  -3.4965799e-02
   7.2525398e-02  -1.5193900e-02
   6.2618499e-02  -6.3600099e-04
   5.0503799e-02   5.3109199e-03
   4.2310199e-02   4.5736699e-03
   4.0393799e-02   2.7685499e-03
   4.1973399e-02   4.8930199e-03
   4.1638499e-02   1.1606200e-02
   3.5792799e-02   1.8898300e-02
   2.5646499e-02   2.1370999e-02
   1.6480100e-02   1.6615000e-02
   1.3739900e-02   7.3464298e-03
   1.8921100e-02  -3.3493599e-04
   2.8359499e-02  -1.2612400e-03
   3.5844399e-02   5.1593799e-03
   3.7083599e-02   1.4704000e-02
   3.2660799e-02   2.1656699e-02
   2.7276599e-02   2.3159499e-02
   2.5886299e-02   2.1299099e-02
   2.9688399e-02   2.1364199e-02
   3.5018599e-02   2.7615499e-02
   3.5996099e-02   3.9792499e-02
   2.8919399e-02   5.3017699e-02
   1.5089500e-02   6.1185099e-02
  -7.0973598e-05   6.1282899e-02
  -1.0933100e-02   5.5405299e-02
  -1.5655900e-02   4.8956599e-02
  -1.7257200e-02   4.6436399e-02
  -2.0984799e-02   4.8007399e-02
  -3.0010199e-02   4.9443699e-02
  -4.2731599e-02   4.5483899e-02
  -5.3742899e-02   3.4032799e-02
  -5.7742899e-02   1.8016900e-02
  -5.3434899e-02   3.4769099e-03
  -4.4475299e-02  -4.6711999e-03
  -3.6764899e-02  -6.0203799e-03
  -3.4137299e-02  -4.6690199e-03
  -3.5696899e-02  -5.8658999e-03
  -3.6796699e-02  -1.1868500e-02
  -3.2883999e-02  -2.0161900e-02
  -2.3271299e-02  -2.5383099e-02
  -1.1957100e-02  -2.3484599e-02
  -4.8602899e-03  -1.4973700e-02
  -5.5478999e-03  -4.7677299e-03
  -1.2675500e-02   1.2342600e-03
  -2.1057099e-02   2.8466299e-04
  -2.5540499e-02  -5.4764899e-03
  -2.4750999e-02  -1.0960500e-02
  -2.1882299e-02  -1.2241700e-02
  -2.1963099e-02  -9.7039598e-03
  -2.7697499e-02  -7.8292298e-03
  -3.7054199e-02  -1.1787300e-02
  -4.4451199e-02  -2.3412099e-02
  -4.4654699e-02  -3.9611699e-02
  -3.6464099e-02  -5.4418899e-02
  -2.3418999e-02  -6.3137398e-02
  -1.1020900e-02  -6.5465698e-02
  -2.5926499e-03  -6.5267598e-02
   3.0869599e-03  -6.7202898e-02
   1.0593800e-02  -7.2805098e-02
   2.4037099e-02  -7.9002898e-02
   4.3522999e-02  -8.0217598e-02
   6.4600298e-02  -7.2460998e-02
   8.1126998e-02  -5.6338199e-02
   8.9411098e-02  -3.6694499e-02
   9.0522098e-02  -1.9179100e-02
   8.9060398e-02  -6.3215498e-03
   8.9352298e-02   3.9288199e-03
   9.1976298e-02   1.6130100e-02
   9.3258698e-02   3.3348199e-02
   8.8116898e-02   5.4293099e-02
   7.4087198e-02   7.3784698e-02
   5.3477299e-02   8.6215698e-02
   3.2004399e-02   8.9411498e-02
   1.4934800e-02   8.5988098e-02
   3.6247299e-03   8.1204098e-02
  -4.9560999e-03   7.8949298e-02
  -1.5398000e-02   7.8907198e-02
  -2.9899899e-02   7.7024598e-02
  -4.6211399e-02   6.8907298e-02
  -5.9039598e-02   5.3541899e-02
  -6.3861698e-02   3.4502999e-02
  -6.0261498e-02   1.7710500e-02
  -5.2267099e-02   7.4145998e-03
  -4.5438799e-02   3.4198299e-03
  -4.2902799e-02   1.6182700e-03
  -4.3313899e-02  -2.6027099e-03
  -4.2256699e-02  -1.0678600e-02
  -3.5987999e-02  -1.9703899e-02
  -2.4655399e-02  -2.4659899e-02
  -1.2533900e-02  -2.2330699e-02
  -5.0867599e-03  -1.3929500e-02
  -5.0645799e-03  -4.4343599e-03
  -1.0581600e-02   8.7728998e-04
  -1.6610600e-02   9.0119098e-05
  -1.8756000e-02  -4.2343599e-03
  -1.6451700e-02  -7.3010298e-03
  -1.3180000e-02  -5.9544198e-03
  -1.3574000e-02  -1.2315800e-03
  -1.9624599e-02   2.3427099e-03
  -2.8885899e-02   1.8034400e-04
  -3.6054299e-02  -8.8252498e-03
  -3.6736499e-02  -2.1321999e-02
  -3.0571199e-02  -3.1833499e-02
  -2.1359399e-02  -3.6646799e-02
  -1.4123700e-02  -3.6329299e-02
  -1.1332800e-02  -3.4998299e-02
  -1.1145300e-02  -3.6926599e-02
  -8.9868698e-03  -4.3079499e-02
  -1.2430800e-03  -5.0217899e-02
   1.1747100e-02  -5.3250299e-02
   2.5678499e-02  -4.9051099e-02
   3.5268399e-02  -3.8856699e-02
   3.7997899e-02  -2.7425299e-02
   3.5791799e-02  -1.9599199e-02
   3.3388799e-02  -1.6860400e-02
   3.4653699e-02  -1.6468700e-02
   3.9631799e-02  -1.3806000e-02
   4.4570199e-02  -6.1245598e-03
   4.4873199e-02   5.1571099e-03
   3.8739399e-02   1.5358300e-02
   2.8712099e-02   1.9958899e-02
   1.9960999e-02   1.7951800e-02
   1.6585800e-02   1.2594500e-02
   1.8724899e-02   8.9947898e-03
   2.2635299e-02   1.0360500e-02
   2.3660799e-02   1.5739200e-02
   1.9825099e-02   2.0937899e-02
   1.3326000e-02   2.1899199e-02
   8.8071598e-03   1.7955800e-02
   9.7304697e-03   1.2485000e-02
   1.5606600e-02   1.0460800e-02
   2.2189899e-02   1.4753800e-02
   2.4497499e-02   2.3970499e-02
   2.0378899e-02   3.3460899e-02
   1.1955100e-02   3.8722699e-02
   3.8612299e-03   3.8630999e-02
  -3.5253899e-04   3.6062299e-02
  -9.2479697e-04   3.5466099e-02
  -1.6442100e-03   3.9249399e-02
  -6.8571698e-03   4.5728599e-02
  -1.7998199e-02   5.0214899e-02
  -3.2278199e-02   4.8417699e-02
  -4.4529899e-02   3.9600399e-02
  -5.0824099e-02   2.7113999e-02
  -5.1136799e-02   1.5915600e-02
  -4.9074699e-02   8.9592997e-03
  -4.8896599e-02   5.1825699e-03
  -5.2108999e-02   5.9554798e-04
  -5.6225598e-02  -8.3778598e-03
  -5.6631698e-02  -2.1859799e-02
  -5.0137999e-02  -3.6099099e-02
  -3.7528999e-02  -4.6004199e-02
  -2.3174799e-02  -4.8724499e-02
  -1.1996100e-02  -4.5589199e-02
  -6.0660698e-03  -4.0955399e-02
  -3.4006299e-03  -3.8857099e-02
   1.8044799e-04  -3.9998499e-02
   7.5601398e-03  -4.1361799e-02
   1.7867899e-02  -3.8708599e-02
   2.6933099e-02  -3.0060499e-02
   3.0311299e-02  -1.7505400e-02
   2.6595599e-02  -5.9467698e-03
   1.8512799e-02   2.7293699e-04
   1.0978100e-02   3.3878799e-04
   7.5800998e-03  -2.6995399e-03
   8.1431498e-03  -4.4473299e-03
   9.1875297e-03  -2.6124899e-03
   6.9071798e-03   1.2375000e-03
   3.8120299e-04   2.9350999e-03
  -7.4346098e-03  -9.7691897e-04
  -1.1701600e-02  -1.0404000e-02
  -9.1797697e-03  -2.1489899e-02
  -5.7530898e-04  -2.9209899e-02
   1.0009700e-02  -3.0820999e-02
   1.8096899e-02  -2.7582799e-02
   2.2034499e-02  -2.3479699e-02
   2.3972199e-02  -2.1942099e-02
   2.7894499e-02  -2.3072699e-02
   3.6230299e-02  -2.3488399e-02
   4.7631199e-02  -1.8897299e-02
   5.7621298e-02  -7.4574098e-03
   6.1644298e-02   8.6311397e-03
   5.8220498e-02   2.4508599e-02
   4.9846999e-02   3.5976199e-02
   4.0983799e-02   4.2259699e-02
   3.4665799e-02   4.6153399e-02
   3.0311399e-02   5.1471198e-02
   2.4375399e-02   5.9766698e-02
   1.3332700e-02   6.8831298e-02
  -3.2861899e-03   7.4119898e-02
  -2.2126499e-02   7.2034898e-02
  -3.8105899e-02   6.2590498e-02
  -4.7809699e-02   4.9447299e-02
  -5.1641098e-02   3.7297499e-02
  -5.3129098e-02   2.8575499e-02
  -5.5949898e-02   2.1967699e-02
  -6.0937398e-02   1.3821200e-02
  -6.5356198e-02   1.3528400e-03
  -6.4983298e-02  -1.4799600e-02
  -5.7415198e-02  -3.0638899e-02
  -4.4087499e-02  -4.1452199e-02
  -2.9468999e-02  -4.5053199e-02
  -1.8029899e-02  -4.3186899e-02
  -1.1259900e-02  -4.0053299e-02
  -6.9662998e-03  -3.9080799e-02
  -1.3484800e-03  -4.0395099e-02
   7.7510198e-03  -4.0887499e-02
   1.8903999e-02  -3.6810499e-02
   2.7943899e-02  -2.6913599e-02
   3.0966899e-02  -1.3723900e-02
   2.7216399e-02  -1.9875399e-03
   1.9672099e-02   4.5653399e-03
   1.2899100e-02   5.7037998e-03
   9.7810597e-03   4.5719799e-03
   9.5964997e-03   5.0767998e-03
   8.8680397e-03   8.7822297e-03
   4.3141099e-03   1.3666500e-02
  -4.3575199e-03   1.5677000e-02
  -1.3946700e-02   1.1893900e-02
  -1.9940199e-02   2.8957199e-03
  -1.9731799e-02  -7.4729898e-03
  -1.4456500e-02  -1.4765200e-02
  -8.0620298e-03  -1.7023199e-02
  -4.3288699e-03  -1.5978800e-02
  -4.0948299e-03  -1.5479100e-02
  -4.7727199e-03  -1.8353199e-02
  -2.5065599e-03  -2.4106599e-02
   4.6874699e-03  -2.9193399e-02
   1.5190200e-02  -2.9658199e-02
   2.4779599e-02  -2.4141099e-02
   2.9613899e-02  -1.4969500e-02
   2.8948999e-02  -6.5095198e-03
   2.5547799e-02  -2.0189799e-03
   2.3487099e-02  -1.3743100e-03
   2.5030499e-02  -1.3716400e-03
   2.8935099e-02   1.6480799e-03
   3.1461999e-02   8.8556497e-03
   2.9311399e-02   1.7909999e-02
   2.2244499e-02   2.4630599e-02
   1.3399600e-02   2.6098699e-02
   7.0580698e-03   2.2837999e-02
   5.5428698e-03   1.8428299e-02
   7.5884498e-03   1.6844699e-02
   9.3997497e-03   1.9534399e-02
   7.5858898e-03   2.4430099e-02
   1.7419299e-03   2.7629599e-02
  -5.2711898e-03   2.6450799e-02
  -9.5484197e-03   2.1537199e-02
  -9.1690097e-03   1.6416299e-02
  -5.7293398e-03   1.4846400e-02
  -3.2148299e-03   1.7961899e-02
  -5.0605398e-03   2.3376299e-02
  -1.1617600e-02   2.6919399e-02
  -1.9930399e-02   2.5693499e-02
  -2.5978199e-02   2.0144099e-02
  -2.7675299e-02   1.3593000e-02
  -2.6357399e-02   9.6087497e-03
  -2.5638899e-02   9.2206097e-03
  -2.8520299e-02   1.0095400e-02
  -3.4947099e-02   8.3019597e-03
  -4.1678499e-02   1.3277000e-03
  -4.4570799e-02  -9.9352797e-03
  -4.1556499e-02  -2.1734099e-02
  -3.4078399e-02  -3.0115399e-02
  -2.5911399e-02  -3.3692999e-02
  -2.0281499e-02  -3.4442799e-02
  -1.7470999e-02  -3.5944999e-02
  -1.4721400e-02  -4.0426899e-02
  -8.4989097e-03  -4.6863998e-02
   2.6067199e-03  -5.1586898e-02
   1.6552899e-02  -5.0941998e-02
   2.9100699e-02  -4.3998899e-02
   3.6715599e-02  -3.3263599e-02
   3.8933199e-02  -2.2867699e-02
   3.8422299e-02  -1.5607699e-02
   3.8722599e-02  -1.1069100e-02
   4.1391499e-02  -6.2385198e-03
   4.4731799e-02   1.8834599e-03
   4.5065299e-02   1.3668600e-02
   3.9584599e-02   2.6244199e-02
   2.8620799e-02   3.5354299e-02
   1.5605699e-02   3.8303799e-02
   4.7524398e-03   3.5773599e-02
  -1.8004999e-03   3.1153599e-02
  -5.2420298e-03   2.7913399e-02
  -8.8163697e-03   2.7011299e-02
  -1.5019000e-02   2.6298099e-02
  -2.3407299e-02   2.2354499e-02
  -3.0698099e-02   1.3352200e-02
  -3.3087799e-02   7.5634698e-04
  -2.9044399e-02  -1.1435000e-02
  -2.0464799e-02  -1.9353699e-02
  -1.1327700e-02  -2.1830499e-02
  -4.8619598e-03  -2.0951299e-02
  -1.3654100e-03  -2.0205299e-02
   1.6955299e-03  -2.1651899e-02
   7.4075998e-03  -2.4261399e-02
   1.6705899e-02  -2.4689599e-02
   2.7312499e-02  -1.9892499e-02
   3.5138799e-02  -9.5937497e-03
   3.7104999e-02   3.2705299e-03
   3.3257599e-02   1.4475700e-02
   2.6599599e-02   2.1358299e-02
   2.0776899e-02   2.4456399e-02
   1.7378799e-02   2.6727499e-02
   1.4890699e-02   3.0965499e-02
   1.0076800e-02   3.7397999e-02
   7.2428698e-04   4.3296899e-02
  -1.2348900e-02   4.4904998e-02
  -2.5559199e-02   4.0223199e-02
  -3.4911699e-02   3.0550599e-02
  -3.8679399e-02   1.9614699e-02
  -3.8401599e-02   1.0947100e-02
  -3.7469899e-02   5.4824598e-03
  -3.8393599e-02   1.1763200e-03
  -4.0823299e-02  -5.0952998e-03
  -4.1830999e-02  -1.4819999e-02
  -3.8222799e-02  -2.6395199e-02
  -2.9123799e-02  -3.6051599e-02
  -1.6866299e-02  -4.0466799e-02
  -5.4988098e-03  -3.9100599e-02
   1.9680899e-03  -3.4496499e-02
   5.5140798e-03  -3.0331899e-02
   7.8057097e-03  -2.8696199e-02
   1.1893900e-02  -2.8650899e-02
   1.8675799e-02  -2.7144899e-02
   2.6053899e-02  -2.1570199e-02
   3.0431999e-02  -1.2002900e-02
   2.9412099e-02  -1.4173800e-03
   2.3648799e-02   6.3021998e-03
   1.6455099e-02   9.0588897e-03
   1.1453500e-02   7.9234397e-03
   1.0041500e-02   6.1696798e-03
   1.0571300e-02   6.7091898e-03
   9.8414297e-03   9.8727197e-03
   5.7474598e-03   1.3212800e-02
  -9.3119397e-04   1.3464000e-02
  -6.9710098e-03   9.1620097e-03
  -9.0406297e-03   1.9249799e-03
  -6.1672898e-03  -4.5816798e-03
  -4.6969598e-04  -7.2240097e-03
   4.3942198e-03  -5.5823598e-03
   5.8908398e-03  -2.1033299e-03
   4.3785698e-03  -1.2371300e-04
   2.6590599e-03  -1.2754300e-03
   3.6726199e-03  -4.2395199e-03
   8.1012797e-03  -5.7871398e-03
   1.3706100e-02  -3.3090199e-03
   1.6906999e-02   3.0916199e-03
   1.5412799e-02   1.0534800e-02
   9.9159096e-03   1.5383299e-02
   3.5754399e-03   1.5826899e-02
  -3.1556899e-04   1.3089200e-02
  -7.1482197e-04   1.0362500e-02
   5.2679198e-04   1.0293300e-02
   2.3346199e-04   1.2932500e-02
  -3.5226499e-03   1.5702699e-02
  -9.8064797e-03   1.5401099e-02
  -1.5394699e-02   1.0713400e-02
  -1.7110599e-02   3.3295699e-03
  -1.4157499e-02  -3.1895299e-03
  -8.6925397e-03  -5.9422698e-03
  -4.2152098e-03  -4.7104198e-03
  -2.9931599e-03  -1.9624099e-03
  -4.4700298e-03  -8.5292797e-04
  -5.8460498e-03  -2.7486599e-03
  -4.3737698e-03  -6.1608898e-03
   3.8649899e-04  -7.8919497e-03
   6.0716298e-03  -5.5222798e-03
   9.1645297e-03   6.5035098e-04
   7.5466597e-03   7.6919297e-03
   2.0319799e-03   1.2077100e-02
  -4.2668998e-03   1.2159600e-02
  -8.2513297e-03   9.2146797e-03
  -9.0752297e-03   6.2858098e-03
  -8.6231697e-03   5.7303498e-03
  -9.8816796e-03   7.3371497e-03
  -1.4455399e-02   8.4484797e-03
  -2.1124599e-02   5.9941898e-03
  -2.6549199e-02  -1.1036600e-03
  -2.7598099e-02  -1.0977800e-02
  -2.3553299e-02  -2.0037599e-02
  -1.6537999e-02  -2.5447599e-02
  -9.8614896e-03  -2.6998999e-02
  -5.5436498e-03  -2.6980099e-02
  -2.8973699e-03  -2.8169099e-02
   7.6810397e-04  -3.1491999e-02
   7.8692397e-03  -3.5136099e-02
   1.8436599e-02  -3.5800199e-02
   2.9783099e-02  -3.1141399e-02
   3.8216799e-02  -2.1571399e-02
   4.1518798e-02  -1.0048000e-02
   4.0331799e-02  -2.1319599e-05
   3.7431599e-02   6.9152997e-03
   3.5457699e-02   1.1908300e-02
   3.4835799e-02   1.7615099e-02
   3.3469999e-02   2.5821699e-02
   2.8435299e-02   3.5734399e-02
   1.8379099e-02   4.4257898e-02
   4.8057698e-03   4.8066198e-02
  -8.7402297e-03   4.5911798e-02
  -1.8985999e-02   3.9442699e-02
  -2.5007799e-02   3.1921999e-02
  -2.8528399e-02   2.5828799e-02
  -3.2238799e-02   2.1154899e-02
  -3.7444299e-02   1.5673599e-02
  -4.2834498e-02   6.9570197e-03
  -4.5322998e-02  -5.4087598e-03
  -4.2322498e-02  -1.9108499e-02
  -3.3738899e-02  -3.0443999e-02
  -2.2172599e-02  -3.6742099e-02
  -1.1174900e-02  -3.8025399e-02
  -2.8686199e-03  -3.6705199e-02
   3.2837499e-03  -3.5553499e-02
   9.6595096e-03  -3.5503999e-02
   1.8254199e-02  -3.4952199e-02
   2.8768799e-02  -3.1078499e-02
   3.8475299e-02  -2.2181699e-02
   4.3979098e-02  -9.2417996e-03
   4.3558398e-02   4.4831398e-03
   3.8322299e-02   1.5537499e-02
   3.1324499e-02   2.2471099e-02
   2.5309699e-02   2.6523799e-02
   2.0796899e-02   3.0302599e-02
   1.5935999e-02   3.5481299e-02
   8.2267697e-03   4.1281998e-02
  -3.2273199e-03   4.4900798e-02
  -1.6656699e-02   4.3555998e-02
  -2.8579299e-02   3.6609899e-02
  -3.6065499e-02   2.6155899e-02
  -3.8619799e-02   1.5622799e-02
  -3.8276099e-02   7.4451797e-03
  -3.7854899e-02   1.5457399e-03
  -3.8715399e-02  -4.2450098e-03
  -3.9707398e-02  -1.2177400e-02
  -3.8111599e-02  -2.2526899e-02
  -3.1842799e-02  -3.3068599e-02
  -2.1236499e-02  -4.0493098e-02
  -9.0527196e-03  -4.2699798e-02
   1.3162299e-03  -4.0242398e-02
   8.0942897e-03  -3.5839199e-02
   1.2142900e-02  -3.2326299e-02
   1.6005799e-02  -3.0599799e-02
   2.1720999e-02  -2.9094999e-02
   2.9072499e-02  -2.5178799e-02
   3.5609299e-02  -1.7380799e-02
   3.8419099e-02  -6.7591697e-03
   3.6308499e-02   3.6475999e-03
   3.0737999e-02   1.0875700e-02
   2.4800599e-02   1.4054699e-02
   2.1013299e-02   1.4873099e-02
   1.9582199e-02   1.6153099e-02
   1.8439399e-02   1.9619799e-02
   1.5003799e-02   2.4557399e-02
   8.3182597e-03   2.8360399e-02
  -6.5660097e-05   2.8552999e-02
  -7.1283797e-03   2.4736399e-02
  -1.0560600e-02   1.8982799e-02
  -1.0431600e-02   1.4372499e-02
  -9.0869996e-03   1.2777099e-02
  -9.3563496e-03   1.3557499e-02
  -1.2425200e-02   1.4151899e-02
  -1.6975699e-02   1.2097500e-02
  -2.0234099e-02   6.9512197e-03
  -2.0119099e-02   6.5587797e-04
  -1.6856899e-02  -3.9168298e-03
  -1.2838399e-02  -5.1360198e-03
  -1.0827000e-02  -3.8454598e-03
  -1.1877200e-02  -2.7257799e-03
  -1.4538499e-02  -4.2667598e-03
  -1.5944499e-02  -8.8819296e-03
  -1.3963599e-02  -1.4586299e-02
  -8.7865396e-03  -1.8473199e-02
  -2.7582099e-03  -1.8868199e-02
   1.4060999e-03  -1.6529699e-02
   2.6617099e-03  -1.3996999e-02
   2.3837799e-03  -1.3588999e-02
   3.2601599e-03  -1.5578199e-02
   7.1704597e-03  -1.7928799e-02
   1.3660499e-02  -1.7798699e-02
   2.0168299e-02  -1.3672899e-02
   2.3832599e-02  -6.5179097e-03
   2.3519399e-02   9.0770896e-04
   2.0544399e-02   6.0587198e-03
   1.7559099e-02   8.4051497e-03
   1.6458099e-02   9.6734496e-03
   1.6903099e-02   1.2356499e-02
   1.6583199e-02   1.7633999e-02
   1.3014499e-02   2.4289099e-02
   5.5143498e-03   2.9449799e-02
  -4.1455598e-03   3.0601699e-02
  -1.2901699e-02   2.7358799e-02
  -1.8501799e-02   2.1664499e-02
  -2.0966999e-02   1.6284599e-02
  -2.2322099e-02   1.2742099e-02
  -2.4820299e-02   1.0258800e-02
  -2.9022699e-02   6.4984697e-03
  -3.3201199e-02  -4.6194498e-04
  -3.4523499e-02  -1.0437200e-02
  -3.1130599e-02  -2.1008799e-02
  -2.3537999e-02  -2.9074799e-02
  -1.4306899e-02  -3.2913999e-02
  -6.2380297e-03  -3.3220199e-02
  -4.5192698e-04  -3.2343299e-02
   4.2023398e-03  -3.2332099e-02
   9.9803496e-03  -3.3274199e-02
   1.8221699e-02  -3.3195599e-02
   2.8023899e-02  -2.9595599e-02
   3.6630398e-02  -2.1450099e-02
   4.1251198e-02  -1.0162600e-02
   4.0952698e-02   1.2621399e-03
   3.7200098e-02   1.0205400e-02
   3.2657999e-02   1.6092199e-02
   2.9165399e-02   2.0486199e-02
   2.6422399e-02   2.5573299e-02
   2.2373199e-02   3.2206099e-02
   1.4983899e-02   3.9005698e-02
   4.0535098e-03   4.3212398e-02
  -8.3274697e-03   4.2648298e-02
