   3.0044400e+00  -7.3232000e-03
   2.4697700e+00   1.5538300e+00
   1.1284700e+00   2.4683900e+00
  -4.4974800e-01   2.3910000e+00
  -1.6146500e+00   1.4021700e+00
  -1.9146800e+00  -4.3408300e-02
  -1.2752200e+00  -1.3264500e+00
  -5.8441800e-03  -1.9273700e+00
   1.3507900e+00  -1.6280100e+00
   2.2489300e+00  -5.7457400e-01
   2.3482700e+00   8.0573200e-01
   1.6253200e+00   1.9839400e+00
   3.6143500e-01   2.5276300e+00
  -9.7299700e-01   2.2498300e+00
  -1.8907800e+00   1.2667700e+00
  -2.0606200e+00  -4.6866800e-02
  -1.4280100e+00  -1.1903600e+00
  -2.4363100e-01  -1.7184600e+00
   1.0188000e+00  -1.4141800e+00
   1.8377100e+00  -3.8708000e-01
   1.8537000e+00   9.5234200e-01
   1.0293400e+00   2.0474500e+00
  -3.1827100e-01   2.4258900e+00
  -1.6399600e+00   1.9081200e+00
  -2.3876700e+00   6.9520200e-01
  -2.2555100e+00  -7.1256700e-01
  -1.3155400e+00  -1.7343100e+00
   1.7376600e-02  -1.9640200e+00
   1.1743300e+00  -1.3432600e+00
   1.6833000e+00  -1.7335200e-01
   1.3649600e+00   1.0309100e+00
   3.8928400e-01   1.7696200e+00
  -8.1937400e-01   1.7610800e+00
  -1.7720600e+00   1.0365000e+00
  -2.1102200e+00  -9.9027800e-02
  -1.7290300e+00  -1.2049700e+00
  -7.9446900e-01  -1.8769000e+00
   3.3499700e-01  -1.8869900e+00
   1.2434800e+00  -1.2532900e+00
   1.6028600e+00  -2.2546200e-01
   1.2864100e+00   8.0362100e-01
   4.1791000e-01   1.4352900e+00
  -6.6374100e-01   1.4123000e+00
  -1.5227400e+00   7.2600700e-01
  -1.7944600e+00  -3.6391100e-01
  -1.3412000e+00  -1.4189000e+00
  -3.2505600e-01  -1.9968700e+00
   8.4612000e-01  -1.8438500e+00
   1.6877100e+00  -1.0138500e+00
   1.8511200e+00   1.4614700e-01
   1.2809500e+00   1.1465100e+00
   2.3927000e-01   1.5730200e+00
  -8.1591800e-01   1.2690000e+00
  -1.4381800e+00   3.9572400e-01
  -1.3858000e+00  -6.5282000e-01
  -7.1214400e-01  -1.4325900e+00
   2.7900900e-01  -1.6389600e+00
   1.1792700e+00  -1.2186500e+00
   1.6473200e+00  -3.6637200e-01
   1.5323900e+00   5.7510700e-01
   9.0985000e-01   1.2564800e+00
   3.2223400e-02   1.4460900e+00
  -7.7204100e-01   1.0991100e+00
  -1.2129200e+00   3.6098100e-01
  -1.1340400e+00  -4.8690000e-01
  -5.6593000e-01  -1.1221400e+00
   2.7822900e-01  -1.2933900e+00
   1.0705100e+00  -9.1745000e-01
   1.4871100e+00  -1.2438900e-01
   1.3405500e+00   7.7806500e-01
   6.6969900e-01   1.4204600e+00
  -2.6101200e-01   1.5278200e+00
  -1.0656600e+00   1.0471600e+00
  -1.4049600e+00   1.8093500e-01
  -1.1410100e+00  -6.9776500e-01
  -4.0176000e-01  -1.2128300e+00
   4.7926500e-01  -1.1553700e+00
   1.1183900e+00  -5.7322500e-01
   1.2548300e+00   2.6175500e-01
   8.5744000e-01   9.8682700e-01
   1.2004500e-01   1.3116300e+00
  -6.4138400e-01   1.1332400e+00
  -1.1308600e+00   5.5752100e-01
  -1.1861400e+00  -1.6794000e-01
  -8.2227400e-01  -7.6537200e-01
  -2.0264000e-01  -1.0300500e+00
   4.3494500e-01  -8.9044400e-01
   8.6274900e-01  -4.1705600e-01
   9.3333900e-01   2.0991800e-01
   6.2314200e-01   7.5982700e-01
   4.2479200e-02   1.0249700e+00
  -5.9401700e-01   8.9343500e-01
  -1.0373100e+00   3.9937800e-01
  -1.0990300e+00  -2.7508600e-01
  -7.3693000e-01  -8.6039000e-01
  -8.7628200e-02  -1.1086900e+00
   5.7991800e-01  -9.0715500e-01
   9.7912800e-01  -3.3845800e-01
   9.3795000e-01   3.4874000e-01
   4.8188300e-01   8.5179200e-01
  -1.7732800e-01   9.5515700e-01
  -7.4354100e-01   6.2903400e-01
  -9.7616500e-01   3.5792600e-02
  -7.9646100e-01  -5.5569600e-01
  -3.0958800e-01  -8.9933400e-01
   2.6051700e-01  -8.7743000e-01
   6.8146500e-01  -5.3493600e-01
   8.0930300e-01  -3.7367800e-02
   6.3062300e-01   4.1404100e-01
   2.4411300e-01   6.6334400e-01
  -1.9441800e-01   6.4503000e-01
  -5.3143000e-01   3.8807800e-01
  -6.5905200e-01  -7.0923900e-03
  -5.3899800e-01  -4.0250100e-01
  -2.1117800e-01  -6.5992900e-01
   2.1284700e-01  -6.8092700e-01
   5.7763100e-01  -4.4466700e-01
   7.3546500e-01  -2.8413600e-02
   6.0920900e-01   4.0833700e-01
   2.3743200e-01   6.8233700e-01
  -2.2850400e-01   6.6873300e-01
  -5.8514700e-01   3.6675100e-01
  -6.7184200e-01  -9.0570800e-02
  -4.5146600e-01  -4.9515800e-01
  -3.1248300e-02  -6.6457400e-01
   3.9066200e-01  -5.3142100e-01
   6.2487000e-01  -1.7263800e-01
   5.8203600e-01   2.3609200e-01
   3.0731600e-01   5.1284100e-01
  -5.5909000e-02   5.5605800e-01
  -3.4616300e-01   3.8039200e-01
  -4.5990000e-01   9.0312000e-02
  -3.8494500e-01  -1.8376500e-01
  -1.8370900e-01  -3.4603500e-01
   5.1917800e-02  -3.6296400e-01
   2.4220200e-01  -2.5513000e-01
   3.3868800e-01  -7.1964100e-02
   3.2328500e-01   1.2907500e-01
   2.0256600e-01   2.9122700e-01
   8.0542800e-03   3.6321100e-01
  -2.0133900e-01   3.1160200e-01
  -3.4823900e-01   1.4101200e-01
  -3.6488300e-01  -9.2646700e-02
  -2.3062500e-01  -2.9389900e-01
   5.3437200e-03  -3.6844200e-01
   2.3755600e-01  -2.7438100e-01
   3.5427500e-01  -5.2133400e-02
   2.9816800e-01   1.9034300e-01
   1.0050300e-01   3.3338600e-01
  -1.3465300e-01   3.1111800e-01
  -2.8877900e-01   1.4669400e-01
  -2.9467000e-01  -6.4638900e-02
  -1.6945500e-01  -2.1346200e-01
   3.7890300e-03  -2.3807200e-01
   1.3107200e-01  -1.5228000e-01
   1.6198000e-01  -2.5206500e-02
   1.0983900e-01   6.8900700e-02
   2.9427800e-02   9.5117500e-02
  -2.6915000e-02   6.8717300e-02
  -4.1998200e-02   3.0799400e-02
  -3.4618800e-02   1.1663000e-02
  -3.3473400e-02   1.0593400e-02
  -4.8418300e-02   4.8421800e-03
  -6.2601300e-02  -2.3374500e-02
  -5.0152600e-02  -6.6369600e-02
  -2.8422600e-03  -9.4568500e-02
   5.7826100e-02  -8.1031700e-02
   9.4185900e-02  -2.6134700e-02
   8.1319400e-02   3.8828800e-02
   2.7866500e-02   7.3381600e-02
  -2.8889600e-02   5.8414000e-02
  -5.0944400e-02   1.1139100e-02
  -2.8981200e-02  -2.8316600e-02
   1.0389100e-02  -2.9077700e-02
   2.6427500e-02   4.7493500e-03
  -1.0886000e-03   3.6077400e-02
  -5.1871000e-02   2.4776100e-02
  -7.7343100e-02  -3.6691100e-02
  -3.8227700e-02  -1.1040300e-01
   5.9992900e-02  -1.3568800e-01
   1.6196400e-01  -7.3551400e-02
   1.9508900e-01   5.8915800e-02
   1.1956300e-01   1.9098800e-01
  -3.8893500e-02   2.3942400e-01
  -1.9811700e-01   1.6240400e-01
  -2.6683500e-01  -9.8878900e-03
  -2.0032400e-01  -1.8942100e-01
  -2.8402100e-02  -2.8088400e-01
   1.6181100e-01  -2.3643400e-01
   2.7620100e-01  -8.0603400e-02
   2.6452000e-01   1.0782600e-01
   1.4158500e-01   2.4213500e-01
  -2.9595500e-02   2.7148100e-01
  -1.7645000e-01   1.9757500e-01
  -2.5048100e-01   6.0925000e-02
  -2.3843000e-01  -8.6811800e-02
  -1.5300500e-01  -2.0341300e-01
  -1.8834700e-02  -2.6063800e-01
   1.3272400e-01  -2.4016100e-01
   2.6037100e-01  -1.3480100e-01
   3.1402300e-01   3.9715500e-02
   2.5184000e-01   2.3275400e-01
   6.9524700e-02   3.6446000e-01
  -1.7816100e-01   3.5787200e-01
  -3.8628000e-01   1.8518200e-01
  -4.4497200e-01  -1.0094300e-01
  -3.0086800e-01  -3.7765700e-01
   2.1018400e-03  -5.0722400e-01
   3.3236700e-01  -4.1059200e-01
   5.3203900e-01  -1.1662000e-01
   4.9853400e-01   2.4487700e-01
   2.4036900e-01   5.0585800e-01
  -1.2526400e-01   5.4473900e-01
  -4.3176200e-01   3.4614600e-01
  -5.4529800e-01   4.3326100e-03
  -4.2523000e-01  -3.2786200e-01
  -1.3400600e-01  -5.1298900e-01
   2.0145700e-01  -4.8621200e-01
   4.5004400e-01  -2.7156600e-01
   5.2638400e-01   4.0981200e-02
   4.1245200e-01   3.3725300e-01
   1.5238700e-01   5.1746900e-01
  -1.6694500e-01   5.2138000e-01
  -4.3951000e-01   3.4148500e-01
  -5.6630800e-01   2.8202900e-02
  -4.8611700e-01  -3.1565000e-01
  -2.0591900e-01  -5.5920100e-01
   1.8462000e-01  -5.8946600e-01
   5.3254500e-01  -3.6585300e-01
   6.7912100e-01   4.4675600e-02
   5.3542300e-01   4.7911500e-01
   1.3739900e-01   7.4283000e-01
  -3.5529600e-01   7.0156900e-01
  -7.2529900e-01   3.5411200e-01
  -7.9994100e-01  -1.5686000e-01
  -5.3765600e-01  -6.0683800e-01
  -5.1570000e-02  -7.9522800e-01
   4.4338200e-01  -6.4042000e-01
   7.3203700e-01  -2.1558500e-01
   6.9659900e-01   2.9046600e-01
   3.6291800e-01   6.6326300e-01
  -1.2148100e-01   7.5606400e-01
  -5.5897700e-01   5.4371100e-01
  -7.8417600e-01   1.1984200e-01
  -7.2143800e-01  -3.5068300e-01
  -4.0164000e-01  -6.9656200e-01
   5.7412900e-02  -7.9662600e-01
   4.9268400e-01  -6.1484200e-01
   7.4653500e-01  -2.1066300e-01
   7.1705800e-01   2.7541400e-01
   3.9812500e-01   6.6163300e-01
  -1.0543600e-01   7.8633800e-01
  -6.0238700e-01   5.7525800e-01
  -8.8214900e-01   8.6589200e-02
  -8.0474600e-01  -4.9485600e-01
  -3.7389500e-01  -9.2452600e-01
   2.4800600e-01  -1.0043700e+00
   8.0059200e-01  -6.7986600e-01
   1.0403400e+00  -7.6408500e-02
   8.5556500e-01   5.4971500e-01
   3.2293800e-01   9.2623100e-01
  -3.2520000e-01   8.9025900e-01
  -8.0727200e-01   4.6196000e-01
  -9.1954800e-01  -1.6854800e-01
  -6.2237000e-01  -7.3109800e-01
  -4.8189800e-02  -9.9518100e-01
   5.6490000e-01  -8.6277100e-01
   9.7662000e-01  -3.9724900e-01
   1.0370700e+00   2.1449400e-01
   7.3437700e-01   7.4126100e-01
   1.8841300e-01   9.9257400e-01
  -3.9774600e-01   8.8119200e-01
  -8.0816000e-01   4.4903400e-01
  -8.8615400e-01  -1.4633000e-01
  -5.9054800e-01  -6.8098000e-01
  -1.9079900e-02  -9.4011600e-01
   6.1482300e-01  -8.0035200e-01
   1.0541100e+00  -2.8927900e-01
   1.1002000e+00   4.0843400e-01
   7.0515500e-01   1.0130900e+00
   8.2551300e-03   1.2639400e+00
  -7.1010700e-01   1.0380700e+00
  -1.1454800e+00   4.1611000e-01
  -1.1067400e+00  -3.4314800e-01
  -6.0754100e-01  -9.1379500e-01
   1.3552600e-01  -1.0490800e+00
   7.9917800e-01  -6.9270000e-01
   1.0981100e+00  -1.7599900e-03
   9.0865200e-01   7.2731700e-01
   3.1533300e-01   1.1912100e+00
  -4.3518500e-01   1.2068800e+00
  -1.0444400e+00   7.7858900e-01
  -1.2833900e+00   8.3425500e-02
  -1.0748800e+00  -6.0857100e-01
  -5.1167300e-01  -1.0403100e+00
   1.8657400e-01  -1.0588400e+00
   7.5539100e-01  -6.6456900e-01
   9.7787500e-01  -8.4248900e-03
   7.6092600e-01   6.5919000e-01
   1.7338500e-01   1.0740800e+00
  -5.6917900e-01   1.0553300e+00
  -1.1757600e+00   5.8192800e-01
  -1.3898900e+00  -1.8421300e-01
  -1.0994900e+00  -9.4843300e-01
  -3.9763100e-01  -1.3973300e+00
   4.4141800e-01  -1.3338700e+00
   1.0708900e+00  -7.7258100e-01
   1.2221000e+00   5.5057200e-02
   8.2794000e-01   7.9517200e-01
   5.8408300e-02   1.1264600e+00
  -7.5214900e-01   9.0363400e-01
  -1.2528900e+00   2.2125500e-01
  -1.2297300e+00  -6.3121700e-01
  -6.9334600e-01  -1.2991900e+00
   1.3431500e-01  -1.5148700e+00
   9.2203800e-01  -1.2031200e+00
   1.3685900e+00  -5.0047100e-01
   1.3184500e+00   3.1139600e-01
   8.1171600e-01   9.2165700e-01
   5.8010900e-02   1.1068100e+00
  -6.4711100e-01   8.0729600e-01
  -1.0299200e+00   1.4380600e-01
  -9.3545700e-01  -6.2708300e-01
  -3.8498000e-01  -1.2028500e+00
   4.2513900e-01  -1.3442800e+00
   1.1876300e+00  -9.6954300e-01
   1.5966600e+00  -1.9733400e-01
   1.4715000e+00   6.8554000e-01
   8.4136400e-01   1.3301800e+00
  -5.1424000e-02   1.4693300e+00
  -8.4218000e-01   1.0384100e+00
  -1.1967000e+00   2.1512300e-01
  -9.6004600e-01  -6.4819300e-01
  -2.3075000e-01  -1.1749300e+00
   6.7797500e-01  -1.1301200e+00
   1.3746700e+00  -5.2450100e-01
   1.5606400e+00   3.9192100e-01
   1.1566300e+00   1.2420700e+00
   3.2953900e-01   1.6853700e+00
  -5.8710600e-01   1.5577400e+00
  -1.2371000e+00   9.2949700e-01
  -1.3843500e+00   6.4402800e-02
  -9.9735700e-01  -6.9388100e-01
  -2.4963100e-01  -1.0562700e+00
   5.5474200e-01  -8.9248500e-01
   1.0966100e+00  -2.7240400e-01
   1.1571000e+00   5.6341200e-01
   6.9638200e-01   1.2908200e+00
  -1.2836400e-01   1.6189100e+00
  -1.0141500e+00   1.3997900e+00
  -1.6206100e+00   6.9294900e-01
  -1.7019900e+00  -2.4521900e-01
  -1.2133600e+00  -1.0521100e+00
  -3.4274500e-01  -1.4026700e+00
   5.5401200e-01  -1.1496900e+00
   1.0973100e+00  -3.9711400e-01
   1.0480100e+00   5.3360600e-01
   4.1718100e-01   1.2366600e+00
  -5.3274800e-01   1.3979000e+00
  -1.3998300e+00   9.3340300e-01
  -1.8173800e+00   2.5959500e-02
  -1.6114800e+00  -9.5684700e-01
  -8.7037900e-01  -1.6232700e+00
   1.0141000e-01  -1.7222000e+00
   9.1758600e-01  -1.2402900e+00
   1.2698100e+00  -3.9539800e-01
   1.0449900e+00   4.6183700e-01
   3.5820100e-01   9.9048800e-01
  -5.0253100e-01   9.8746000e-01
  -1.1903300e+00   4.5672800e-01
  -1.4280600e+00  -3.9851100e-01
  -1.1080000e+00  -1.2526200e+00
  -3.3173300e-01  -1.7759300e+00
   6.2291400e-01  -1.7565700e+00
   1.4001600e+00  -1.1849000e+00
   1.7002400e+00  -2.6735800e-01
   1.4018400e+00   6.4332900e-01
   6.2244100e-01   1.1832100e+00
  -3.1665300e-01   1.1283100e+00
  -1.0155900e+00   4.9734500e-01
  -1.1643200e+00  -4.4473900e-01
  -6.8067000e-01  -1.2922400e+00
   2.4733100e-01  -1.6715000e+00
   1.2385800e+00  -1.4042800e+00
   1.8832000e+00  -5.8642700e-01
   1.9193000e+00   4.5502900e-01
   1.3422400e+00   1.3052600e+00
   3.9940600e-01   1.6387800e+00
  -5.2179900e-01   1.3511500e+00
  -1.0582200e+00   5.9149200e-01
  -1.0149100e+00  -3.0994200e-01
  -4.3256900e-01  -9.8079100e-01
   4.4032900e-01  -1.1516400e+00
   1.2508100e+00  -7.5252700e-01
   1.6760100e+00   6.8702800e-02
   1.5406800e+00   1.0060500e+00
   8.7979600e-01   1.7086500e+00
  -7.2749700e-02   1.9094900e+00
  -9.6682200e-01   1.5270300e+00
  -1.4652300e+00   7.0319100e-01
  -1.3761600e+00  -2.4153500e-01
  -7.3780900e-01  -9.2710900e-01
   1.8462300e-01  -1.0666400e+00
   9.9786800e-01  -5.9146900e-01
   1.3416400e+00   3.0896100e-01
   1.0449800e+00   1.2578600e+00
   2.0651100e-01   1.8480300e+00
  -8.4222400e-01   1.8178800e+00
  -1.6776200e+00   1.1664600e+00
  -1.9666500e+00   1.5403600e-01
  -1.6083000e+00  -8.1222200e-01
  -7.7128900e-01  -1.3538300e+00
   1.8516900e-01  -1.2783400e+00
   8.6699800e-01  -6.5103600e-01
   1.0064700e+00   2.4361000e-01
   5.6210500e-01   1.0261300e+00
  -2.7690600e-01   1.3747500e+00
  -1.1743600e+00   1.1453600e+00
  -1.7794000e+00   4.1775900e-01
  -1.8565700e+00  -5.4136300e-01
  -1.3697600e+00  -1.3800100e+00
  -4.9427300e-01  -1.7904200e+00
   4.4584300e-01  -1.6234000e+00
   1.0960700e+00  -9.4841400e-01
   1.2066900e+00  -3.4958000e-02
   7.3610000e-01   7.4453200e-01
  -1.2186300e-01   1.0599700e+00
  -1.0057600e+00   7.6212800e-01
  -1.5302500e+00  -4.5729200e-02
  -1.4491500e+00  -1.0406400e+00
  -7.6646600e-01  -1.8107300e+00
   2.5852000e-01  -2.0306200e+00
   1.2189300e+00  -1.6035700e+00
   1.7348800e+00  -7.0450200e-01
   1.6162500e+00   2.9647000e-01
   9.4044700e-01   9.9481900e-01
   1.2618900e-02   1.1228600e+00
  -7.6941300e-01   6.5613400e-01
  -1.0820400e+00  -1.8710600e-01
  -8.0247500e-01  -1.0454900e+00
  -4.6884700e-02  -1.5645100e+00
   8.8677700e-01  -1.5331900e+00
   1.6404300e+00  -9.5726100e-01
   1.9317400e+00  -4.8083300e-02
   1.6557900e+00   8.6143800e-01
   9.2032800e-01   1.4409300e+00
   5.7307500e-03   1.4840400e+00
  -7.3720300e-01   9.8679900e-01
  -1.0184200e+00   1.5460700e-01
  -7.2355200e-01  -6.6958900e-01
   3.2553200e-02  -1.1354200e+00
   9.4121200e-01  -1.0273500e+00
   1.6184600e+00  -3.6087900e-01
   1.7634900e+00   6.1332400e-01
   1.2903400e+00   1.5068600e+00
   3.7166800e-01   1.9560700e+00
  -6.3000100e-01   1.7793900e+00
  -1.3164300e+00   1.0575900e+00
  -1.4248600e+00   9.9062000e-02
  -9.3882300e-01  -6.9457700e-01
  -8.9785600e-02  -1.0007900e+00
   7.4769100e-01  -7.0892800e-01
   1.2165400e+00   4.2329600e-02
   1.1217300e+00   9.3286200e-01
   5.0003700e-01   1.5981400e+00
  -4.0650400e-01   1.7742600e+00
  -1.2540000e+00   1.3939500e+00
  -1.7308700e+00   6.0257800e-01
  -1.6719700e+00  -3.0415700e-01
  -1.1149700e+00  -9.9293100e-01
  -2.8362100e-01  -1.2154300e+00
   4.9460200e-01  -9.0004200e-01
   9.0947900e-01  -1.8148900e-01
   7.8716900e-01   6.4451300e-01
   1.6375500e-01   1.2306000e+00
  -7.1940600e-01   1.3146300e+00
  -1.5044400e+00   8.3124500e-01
  -1.8606500e+00  -5.1390100e-02
  -1.6255600e+00  -9.9262100e-01
  -8.8037900e-01  -1.6185900e+00
   7.8378300e-02  -1.6820100e+00
   8.6311500e-01  -1.1708000e+00
   1.1616400e+00  -3.1453700e-01
   8.7079000e-01   5.1547400e-01
   1.3700600e-01   9.6699500e-01
  -7.1213900e-01   8.5529500e-01
  -1.3111900e+00   2.3443200e-01
  -1.4088500e+00  -6.3524500e-01
  -9.6394400e-01  -1.4024500e+00
  -1.5059700e-01  -1.7689900e+00
   7.2108800e-01  -1.6025400e+00
   1.3300800e+00  -9.7812800e-01
   1.4647300e+00  -1.4019300e-01
   1.0963800e+00   5.9394100e-01
   3.8504000e-01   9.5200800e-01
  -3.8134300e-01   8.0599300e-01
  -8.9278000e-01   2.2022800e-01
  -9.3353100e-01  -5.6889200e-01
  -4.6835100e-01  -1.2381500e+00
   3.3584300e-01  -1.5012600e+00
   1.1676000e+00  -1.2262000e+00
   1.6921500e+00  -4.9717100e-01
   1.6905900e+00   4.1068600e-01
   1.1574200e+00   1.1404400e+00
   3.0964600e-01   1.4035900e+00
  -5.0179300e-01   1.1058500e+00
  -9.4202000e-01   3.8994000e-01
  -8.3660600e-01  -4.2589600e-01
  -2.4475200e-01  -9.8643200e-01
   5.7089000e-01  -1.0516600e+00
   1.2612700e+00  -5.9446200e-01
   1.5395400e+00   1.9659700e-01
   1.2954400e+00   1.0045800e+00
   6.3004000e-01   1.5181700e+00
  -1.9600000e-01   1.5535900e+00
  -8.7190800e-01   1.1177800e+00
  -1.1565500e+00   3.9522900e-01
  -9.6426800e-01  -3.2900200e-01
  -3.9024500e-01  -7.7731300e-01
   3.2839900e-01  -7.8049800e-01
   9.0038200e-01  -3.3889600e-01
   1.0877100e+00   3.7601200e-01
   7.9706000e-01   1.0820500e+00
   1.2146500e-01   1.4914200e+00
  -6.8803300e-01   1.4246900e+00
  -1.3165100e+00   8.8904400e-01
  -1.5125500e+00   8.4406700e-02
  -1.1970100e+00  -6.7228400e-01
  -5.0304400e-01  -1.0779300e+00
   2.7524400e-01  -9.7407600e-01
   8.0719800e-01  -4.1787800e-01
   8.6852600e-01   3.4121500e-01
   4.3770700e-01   9.7015400e-01
  -2.9793200e-01   1.1966600e+00
  -1.0274400e+00   9.2355200e-01
  -1.4514400e+00   2.6320300e-01
  -1.4054700e+00  -5.1846000e-01
  -9.1958200e-01  -1.1181800e+00
  -1.9483000e-01  -1.3182200e+00
   4.8568700e-01  -1.0656900e+00
   8.6968000e-01  -4.8234600e-01
   8.2790500e-01   1.9100800e-01
   3.9539400e-01   6.8873400e-01
  -2.4728500e-01   8.1762500e-01
  -8.4236000e-01   5.2540100e-01
  -1.1490500e+00  -8.0473000e-02
  -1.0331500e+00  -7.7007200e-01
  -5.2132100e-01  -1.2743800e+00
   2.0237200e-01  -1.3883300e+00
   8.6222400e-01  -1.0559700e+00
   1.1990300e+00  -4.0089300e-01
   1.0791300e+00   3.1659200e-01
   5.5647100e-01   8.0418100e-01
  -1.4413500e-01   8.6203000e-01
  -7.2022500e-01   4.7153900e-01
  -9.2211700e-01  -1.9413000e-01
  -6.6155900e-01  -8.4494800e-01
  -4.8389300e-02  -1.2007400e+00
   6.6086800e-01  -1.1113600e+00
   1.1768100e+00  -6.1633600e-01
   1.2998000e+00   7.9963000e-02
   9.9743000e-01   7.0115200e-01
   4.0733900e-01   1.0147500e+00
  -2.2844500e-01   9.2097500e-01
  -6.6402700e-01   4.8194600e-01
  -7.4244700e-01  -1.1270400e-01
  -4.4796100e-01  -6.2358100e-01
   9.5450600e-02  -8.5073500e-01
   6.7346600e-01  -7.0398200e-01
   1.0598000e+00  -2.3348400e-01
   1.0982600e+00   3.8788600e-01
   7.6223400e-01   9.2577700e-01
   1.6976400e-01   1.1711800e+00
  -4.5567300e-01   1.0235200e+00
  -8.6957100e-01   5.3700500e-01
  -9.0629500e-01  -9.3533700e-02
  -5.5283500e-01  -6.0791700e-01
   3.9239400e-02  -7.8942600e-01
   6.1417500e-01  -5.6016900e-01
   9.2145100e-01  -1.8055400e-02
   8.2544100e-01   6.0437300e-01
   3.6432100e-01   1.0418900e+00
  -2.6921800e-01   1.1122900e+00
  -8.1522400e-01   7.9240700e-01
  -1.0596100e+00   2.2151800e-01
  -9.2123500e-01  -3.6532200e-01
  -4.7686100e-01  -7.3960800e-01
   8.0770600e-02  -7.7054000e-01
   5.2717000e-01  -4.6873900e-01
   6.9410100e-01   2.8813500e-02
   5.2779100e-01   5.1908400e-01
   1.0076300e-01   8.1094500e-01
  -4.2062000e-01   7.9252200e-01
  -8.3800300e-01   4.6797200e-01
  -9.9163200e-01  -4.5348400e-02
  -8.1828100e-01  -5.5787500e-01
  -3.7764400e-01  -8.7566300e-01
   1.6473700e-01  -8.7426600e-01
   5.9694500e-01  -5.5178200e-01
   7.4430500e-01  -3.6875600e-02
   5.4461600e-01   4.5759900e-01
   8.0484100e-02   7.2127800e-01
  -4.5045600e-01   6.3771000e-01
  -8.1865700e-01   2.3832900e-01
  -8.6325500e-01  -3.0869100e-01
  -5.6336700e-01  -7.7193200e-01
  -4.6009400e-02  -9.5900400e-01
   4.7272700e-01  -7.9957300e-01
   7.8421100e-01  -3.7117000e-01
   7.7559500e-01   1.4126200e-01
   4.7087800e-01   5.2936800e-01
   1.0957900e-02   6.4825200e-01
  -4.1219000e-01   4.6894100e-01
  -6.3434300e-01   7.9372500e-02
  -5.7820000e-01  -3.5906300e-01
  -2.7411500e-01  -6.7647600e-01
   1.5861200e-01  -7.5518000e-01
   5.5808400e-01  -5.6752300e-01
   7.7688400e-01  -1.8244100e-01
   7.3315600e-01   2.5903800e-01
   4.4109300e-01   5.9250500e-01
   9.8215300e-03   6.8982900e-01
  -3.9298000e-01   5.1053100e-01
  -6.0422400e-01   1.2381000e-01
  -5.3322300e-01  -3.1267500e-01
  -2.0486800e-01  -6.1431400e-01
   2.4489700e-01  -6.4833700e-01
   6.2427000e-01  -3.9458700e-01
   7.6928600e-01   4.2194000e-02
   6.1742800e-01   4.7730500e-01
   2.3542500e-01   7.2853400e-01
  -2.1252400e-01   6.9695900e-01
  -5.4013700e-01   4.0772100e-01
  -6.2098500e-01  -6.9006900e-03
  -4.3866600e-01  -3.7076400e-01
  -8.5138300e-02  -5.4092000e-01
   2.8650600e-01  -4.6291700e-01
   5.2870600e-01  -1.8352600e-01
   5.5523400e-01   1.7784500e-01
   3.6633800e-01   4.8081100e-01
   3.9922500e-02   6.1571700e-01
  -3.0172000e-01   5.3834300e-01
  -5.3535800e-01   2.8047300e-01
  -5.7758800e-01  -6.3031200e-02
  -4.1305100e-01  -3.6597700e-01
  -1.0225500e-01  -5.1391200e-01
   2.3604800e-01  -4.4702700e-01
   4.6648900e-01  -1.8761600e-01
   4.9082700e-01   1.6218500e-01
   2.9251600e-01   4.5717900e-01
  -5.0195700e-02   5.6927600e-01
  -3.9343000e-01   4.4548500e-01
  -5.8963500e-01   1.3512800e-01
  -5.5446900e-01  -2.2973800e-01
  -3.0578100e-01  -4.9358600e-01
   4.5343300e-02  -5.4816600e-01
   3.4714900e-01  -3.8002900e-01
   4.7670700e-01  -7.2233900e-02
   3.9210300e-01   2.3824600e-01
   1.4395800e-01   4.2391700e-01
  -1.5488700e-01   4.1947700e-01
  -3.8243500e-01   2.4146100e-01
  -4.5665500e-01  -2.8525000e-02
  -3.6096100e-01  -2.8321800e-01
  -1.4118800e-01  -4.3149000e-01
   1.1797100e-01  -4.2698700e-01
   3.2432900e-01  -2.7801700e-01
   4.0720300e-01  -4.0819900e-02
   3.3850200e-01   1.9914700e-01
   1.4258500e-01   3.5388500e-01
  -1.0863500e-01   3.6274900e-01
  -3.1770100e-01   2.1746500e-01
  -3.9746600e-01  -2.8841200e-02
  -3.0885400e-01  -2.7720400e-01
  -8.2836200e-02  -4.2159300e-01
   1.8756700e-01  -3.9621600e-01
   3.8599400e-01  -2.0850800e-01
   4.2588600e-01   6.0935300e-02
   2.9178100e-01   2.9428800e-01
   4.6795300e-02   3.9158300e-01
  -1.9828300e-01   3.1703400e-01
  -3.3821000e-01   1.1302100e-01
  -3.2109200e-01  -1.2415300e-01
  -1.6726100e-01  -2.9214300e-01
   4.7329100e-02  -3.2829600e-01
   2.3076800e-01  -2.3143400e-01
   3.1557400e-01  -5.3172200e-02
   2.8120300e-01   1.3139200e-01
   1.5294900e-01   2.5595400e-01
  -1.5731000e-02   2.8407500e-01
  -1.6532600e-01   2.1478500e-01
  -2.4794500e-01   7.6936400e-02
  -2.3834700e-01  -8.1498300e-02
  -1.3986600e-01  -2.0613300e-01
   1.4529800e-02  -2.5108500e-01
   1.6891800e-01  -1.9527500e-01
   2.6159500e-01  -5.4716400e-02
   2.4994400e-01   1.1765000e-01
   1.3264800e-01   2.4982600e-01
  -4.4102700e-02   2.8196800e-01
  -2.0379300e-01   1.9654000e-01
  -2.7469300e-01   3.0203100e-02
  -2.2550500e-01  -1.4160800e-01
  -8.1728800e-02  -2.4119800e-01
   8.7265700e-02  -2.2703700e-01
   2.0380600e-01  -1.1303900e-01
   2.2036100e-01   4.1510400e-02
   1.3993500e-01   1.6451900e-01
   8.8855500e-03   2.0693300e-01
  -1.1099500e-01   1.6242200e-01
  -1.7345300e-01   6.2814600e-02
  -1.6502800e-01  -4.4000700e-02
  -1.0263000e-01  -1.1837800e-01
  -1.7952700e-02  -1.4229200e-01
   5.8964700e-02  -1.1846800e-01
   1.0816300e-01  -6.1502800e-02
   1.1984200e-01   1.0120600e-02
   9.1961200e-02   7.6908400e-02
   3.0672100e-02   1.1884400e-01
  -4.6913700e-02   1.1890000e-01
  -1.1322100e-01   7.1279900e-02
  -1.3881800e-01  -1.0564800e-02
  -1.0737300e-01  -9.4233500e-02
  -2.8103100e-02  -1.4109900e-01
   6.4337000e-02  -1.2655000e-01
   1.2565700e-01  -5.5687600e-02
   1.2580800e-01   3.6789000e-02
   6.6518400e-02   1.0446100e-01
  -1.9178500e-02   1.1496500e-01
  -8.5965100e-02   6.7867900e-02
  -1.0224300e-01  -6.6049500e-03
  -6.6882400e-02  -6.6931800e-02
  -6.6893900e-03  -8.5014000e-02
   4.2622200e-02  -6.0508400e-02
   5.8613400e-02  -1.6636700e-02
   4.3016400e-02   1.7964200e-02
   1.5629500e-02   2.7939600e-02
  -2.5144000e-03   1.8010100e-02
  -3.7441900e-03   4.8950200e-03
   3.8411400e-03   2.1637300e-03
   6.2360800e-03   1.0039700e-02
  -3.3302100e-03   1.7264200e-02
  -1.8613200e-02   1.2313400e-02
  -2.6021000e-02  -5.7836400e-03
  -1.6519000e-02  -2.5865800e-02
   6.2033200e-03  -3.3354700e-02
   2.7975600e-02  -2.1994100e-02
   3.4950900e-02   9.7568099e-04
   2.4213600e-02   2.0409200e-02
   5.6156800e-03   2.5093300e-02
  -6.6478900e-03   1.6234500e-02
  -5.8656000e-03   5.6381800e-03
   1.7377900e-03   4.9554300e-03
   2.7262700e-03   1.4803400e-02
  -1.0928200e-02   2.3083800e-02
  -3.2656800e-02   1.4737600e-02
  -4.3855900e-02  -1.4180200e-02
  -2.7619700e-02  -4.9495600e-02
   1.6092400e-02  -6.5860400e-02
   6.5849800e-02  -4.4187500e-02
   8.9846199e-02   1.2426600e-02
   6.6503700e-02   7.6434000e-02
   8.0778500e-04   1.1047500e-01
  -7.5459000e-02   9.0340699e-02
  -1.2094900e-01   2.1344800e-02
  -1.0900400e-01  -6.2995300e-02
  -4.3604000e-02  -1.1954900e-01
   4.2901100e-02  -1.1982100e-01
   1.0832900e-01  -6.4942300e-02
   1.2345600e-01   1.6939000e-02
   8.5400799e-02   8.7655599e-02
   1.5243800e-02   1.1883100e-01
  -5.6020100e-02   1.0294400e-01
  -1.0282900e-01   5.1582800e-02
  -1.1302800e-01  -1.4409200e-02
  -8.6995899e-02  -7.4504600e-02
  -3.2899600e-02  -1.1262300e-01
   3.6061400e-02  -1.1712600e-01
   1.0126400e-01  -8.1715600e-02
   1.3930800e-01  -1.0131300e-02
   1.2862200e-01   7.8413900e-02
   6.1776900e-02   1.5011600e-01
  -4.3750500e-02   1.6847000e-01
  -1.4613300e-01   1.1383600e-01
  -1.9548700e-01  -4.9139100e-04
  -1.5977900e-01  -1.2789000e-01
  -4.5809200e-02  -2.0782600e-01
   9.8832599e-02  -1.9666700e-01
   2.0672800e-01  -9.2803699e-02
   2.2448100e-01   5.9328800e-02
   1.4080800e-01   1.9002000e-01
  -7.0731500e-03   2.3896300e-01
  -1.5225800e-01   1.8480700e-01
  -2.3127700e-01   5.3940400e-02
  -2.1332200e-01  -9.4736899e-02
  -1.1116000e-01  -1.9898600e-01
   2.9175200e-02  -2.2018200e-01
   1.5138500e-01  -1.5576200e-01
   2.1160000e-01  -3.4779400e-02
   1.9149000e-01   9.7066399e-02
   1.0011000e-01   1.9401100e-01
  -3.1687600e-02   2.2287800e-01
  -1.6014000e-01   1.7110800e-01
  -2.3950900e-01   5.1250200e-02
  -2.3563400e-01  -9.9059099e-02
  -1.4048600e-01  -2.2503900e-01
   1.8390800e-02  -2.7266900e-01
   1.8163300e-01  -2.1253500e-01
   2.7874100e-01  -5.8701500e-02
   2.5973200e-01   1.2989600e-01
   1.2271600e-01   2.7106700e-01
  -7.8953499e-02   2.9669700e-01
  -2.5726300e-01   1.8764000e-01
  -3.2995000e-01  -1.3225000e-02
  -2.6067200e-01  -2.1862900e-01
  -7.7641199e-02  -3.3749900e-01
   1.3939100e-01  -3.1787100e-01
   2.9690600e-01  -1.7023600e-01
   3.3039900e-01   3.9572800e-02
   2.3106100e-01   2.2249000e-01
   4.5353500e-02   3.0584100e-01
  -1.4897900e-01   2.6158100e-01
  -2.7641800e-01   1.1271800e-01
  -2.9137500e-01  -8.0629999e-02
  -1.9102400e-01  -2.4600500e-01
  -1.2563600e-02  -3.2352600e-01
   1.8067900e-01  -2.8409100e-01
   3.1918500e-01  -1.3817300e-01
   3.4923300e-01   6.5783700e-02
   2.5268100e-01   2.5433400e-01
   5.8240200e-02   3.5284400e-01
  -1.6297000e-01   3.1486200e-01
  -3.2085600e-01   1.4590500e-01
  -3.4314300e-01  -9.1443599e-02
  -2.1040500e-01  -2.9836400e-01
   2.8990200e-02  -3.8126300e-01
   2.7504800e-01  -2.9588000e-01
   4.1911900e-01  -7.1639299e-02
   3.9419400e-01   1.9814700e-01
   2.0743000e-01   3.9746600e-01
  -6.2085500e-02   4.4063800e-01
  -2.9954800e-01   3.1106500e-01
  -4.0645900e-01   6.7101400e-02
  -3.4303800e-01  -1.8637200e-01
  -1.4201500e-01  -3.4516700e-01
   1.0976900e-01  -3.4887700e-01
   3.1025900e-01  -2.0168300e-01
   3.8272500e-01   3.4569200e-02
   3.0202200e-01   2.6793600e-01
   9.9688299e-02   4.1117900e-01
  -1.5005600e-01   4.1134900e-01
  -3.5646200e-01   2.6650200e-01
  -4.4263300e-01   2.6546300e-02
  -3.7254300e-01  -2.2186000e-01
  -1.6693200e-01  -3.8381000e-01
   9.9098999e-02  -3.9129100e-01
   3.2005200e-01  -2.3322400e-01
   4.0049000e-01   3.3485300e-02
   2.9723400e-01   3.0101400e-01
   4.3642900e-02   4.5314700e-01
  -2.5871300e-01   4.1671000e-01
  -4.8119900e-01   1.9782000e-01
  -5.2514100e-01  -1.1651600e-01
  -3.6782600e-01  -3.9483700e-01
  -7.4401799e-02  -5.1972800e-01
   2.3090200e-01  -4.4051600e-01
   4.2044200e-01  -1.9497200e-01
   4.1890000e-01   1.0946900e-01
   2.3341000e-01   3.4441700e-01
  -5.3678900e-02   4.1528300e-01
  -3.2292500e-01   2.9769200e-01
  -4.6745500e-01   4.2363400e-02
  -4.3291200e-01  -2.4951000e-01
  -2.3404600e-01  -4.6701000e-01
   5.4507000e-02  -5.2978700e-01
   3.2676400e-01  -4.1498100e-01
   4.8269700e-01  -1.6417300e-01
   4.6324300e-01   1.3049300e-01
   2.7297100e-01   3.5737600e-01
  -1.7703400e-02   4.2552300e-01
  -2.9450400e-01   3.0140400e-01
  -4.4128800e-01   2.7475700e-02
  -3.8813800e-01  -2.8851900e-01
  -1.4530500e-01  -5.1381500e-01
   1.9482800e-01  -5.4649500e-01
   4.9288000e-01  -3.6266700e-01
   6.2192400e-01  -3.1487400e-02
   5.2471800e-01   3.1184400e-01
   2.4113200e-01   5.2464500e-01
  -1.0839800e-01   5.2002400e-01
  -3.7611200e-01   3.0501400e-01
  -4.5171100e-01  -2.4024700e-02
  -3.0857200e-01  -3.2533600e-01
  -1.1573700e-02  -4.7330400e-01
   3.1421300e-01  -4.0940000e-01
   5.3723300e-01  -1.6187000e-01
   5.7126800e-01   1.7062500e-01
   4.0542000e-01   4.6079900e-01
   1.0389500e-01   6.0138700e-01
  -2.2062000e-01   5.4296500e-01
  -4.4848000e-01   3.0981600e-01
  -4.9559800e-01  -9.3389699e-03
  -3.4409700e-01  -2.9225900e-01
  -5.1277500e-02  -4.2680900e-01
   2.6790500e-01  -3.5394600e-01
   4.8187100e-01  -9.4492499e-02
   4.9435200e-01   2.5320800e-01
   2.8717700e-01   5.4817200e-01
  -6.6218299e-02   6.6359699e-01
  -4.2645600e-01   5.4266000e-01
  -6.4547399e-01   2.2731800e-01
  -6.3134099e-01  -1.5578100e-01
  -3.9058300e-01  -4.4854700e-01
  -2.7063900e-02  -5.3055900e-01
   3.0312300e-01  -3.7204600e-01
   4.5999500e-01  -4.6079600e-02
   3.7954100e-01   3.0495000e-01
   9.8450199e-02   5.3184100e-01
  -2.6529700e-01   5.4093400e-01
  -5.6446300e-01   3.2953600e-01
  -6.8270199e-01  -1.7967100e-02
  -5.7791800e-01  -3.6778300e-01
  -2.9406900e-01  -5.9002599e-01
   5.9310399e-02  -6.0652399e-01
   3.4937500e-01  -4.1724000e-01
   4.6830900e-01  -9.8542999e-02
   3.7212700e-01   2.2456800e-01
   9.7841399e-02   4.2329800e-01
  -2.4742000e-01   4.1303100e-01
  -5.2392100e-01   1.8812400e-01
  -6.1255099e-01  -1.7091800e-01
  -4.6465800e-01  -5.2434000e-01
  -1.2707900e-01  -7.2731299e-01
   2.7165700e-01  -6.9107099e-01
   5.7208400e-01  -4.2426700e-01
   6.5167199e-01  -3.3698200e-02
   4.7965700e-01   3.1894000e-01
   1.3259600e-01   4.8658200e-01
  -2.3794500e-01   4.0120700e-01
  -4.7138000e-01   1.0328700e-01
  -4.6741600e-01  -2.7705900e-01
  -2.2731300e-01  -5.7759499e-01
   1.5005300e-01  -6.7306599e-01
   5.1300700e-01  -5.2520000e-01
   7.2079599e-01  -1.9388500e-01
   6.9846899e-01   1.9163700e-01
   4.6217300e-01   4.8628800e-01
   1.0839800e-01   5.8458899e-01
  -2.2520700e-01   4.5791100e-01
  -4.1138400e-01   1.6245100e-01
  -3.7932500e-01  -1.8256400e-01
  -1.4063200e-01  -4.3829600e-01
   2.1329700e-01  -4.9733500e-01
   5.4291400e-01  -3.2553100e-01
   7.1230499e-01   2.1085100e-02
   6.4357999e-01   4.1338400e-01
   3.5224100e-01   6.9738199e-01
  -5.3670100e-02   7.5694799e-01
  -4.1427900e-01   5.6511799e-01
  -5.8405799e-01   1.9989600e-01
  -4.9537300e-01  -1.8556300e-01
  -1.9001800e-01  -4.2752200e-01
   1.9723000e-01  -4.2279000e-01
   4.9668700e-01  -1.7382000e-01
   5.7721399e-01   2.1300300e-01
   4.0161800e-01   5.7459599e-01
   3.9812700e-02   7.6151299e-01
  -3.6408300e-01   6.9951399e-01
  -6.5374599e-01   4.1652500e-01
  -7.2368999e-01   2.6416100e-02
  -5.5782299e-01  -3.2005100e-01
  -2.3091300e-01  -4.9485900e-01
   1.2385500e-01  -4.3970100e-01
   3.6642000e-01  -1.8478100e-01
   4.0134500e-01   1.6461700e-01
   2.1224200e-01   4.6746200e-01
  -1.3165900e-01   5.9872999e-01
  -4.9940800e-01   4.9658100e-01
  -7.4604999e-01   1.8840100e-01
  -7.6869199e-01  -2.1558100e-01
  -5.5005899e-01  -5.6197599e-01
  -1.7037300e-01  -7.1468999e-01
   2.2094200e-01  -6.1271399e-01
   4.6532600e-01  -2.9961100e-01
   4.6274500e-01   9.0968399e-02
   2.1676400e-01   3.9025200e-01
  -1.6481200e-01   4.6682800e-01
  -5.1558699e-01   2.8404600e-01
  -6.8245799e-01  -8.4146199e-02
  -5.9112799e-01  -4.8607900e-01
  -2.7597100e-01  -7.5831699e-01
   1.3767300e-01  -7.9440099e-01
   4.8866600e-01  -5.8642199e-01
   6.4685299e-01  -2.2364900e-01
   5.6305399e-01   1.4781900e-01
   2.8387500e-01   3.8480100e-01
  -7.0939899e-02   4.0142700e-01
  -3.5665700e-01   1.9869600e-01
  -4.5792700e-01  -1.3895600e-01
  -3.3051300e-01  -4.7646600e-01
  -1.7142800e-02  -6.7808599e-01
   3.6739400e-01  -6.5774799e-01
   6.7763499e-01  -4.1281700e-01
   7.9227399e-01  -2.8344900e-02
   6.6311199e-01   3.5231100e-01
   3.3824400e-01   5.8230499e-01
  -5.2781299e-02   5.7159399e-01
  -3.4934400e-01   3.2743400e-01
  -4.2673300e-01  -4.4571800e-02
  -2.5096700e-01  -3.8240500e-01
   1.0415000e-01  -5.3618399e-01
   4.8724100e-01  -4.3327300e-01
   7.3431899e-01  -1.1014300e-01
   7.3934199e-01   3.0380400e-01
   4.9851699e-01   6.4278799e-01
   1.0929600e-01   7.7540099e-01
  -2.7363500e-01   6.5796099e-01
  -5.0401199e-01   3.4857600e-01
  -5.0226899e-01  -2.1188800e-02
  -2.8333400e-01  -3.0199500e-01
   5.4153299e-02  -3.8534000e-01
   3.6939800e-01  -2.4266700e-01
   5.3377799e-01   6.7358999e-02
   4.7792799e-01   4.2321800e-01
   2.1621300e-01   6.8623899e-01
  -1.5866900e-01   7.5172799e-01
  -5.0908899e-01   5.8847099e-01
  -7.0340899e-01   2.5266000e-01
  -6.6723599e-01  -1.3045600e-01
  -4.1558200e-01  -4.1309400e-01
  -5.1136999e-02  -4.8381499e-01
   2.7404100e-01  -3.1543200e-01
   4.2038300e-01   1.9783600e-02
   3.2083500e-01   3.7711400e-01
   1.1952400e-02   5.9943199e-01
  -3.7964700e-01   5.8483799e-01
  -6.9094999e-01   3.3135300e-01
  -7.9271899e-01  -6.2108499e-02
  -6.4446199e-01  -4.3904000e-01
  -3.0976500e-01  -6.5284299e-01
   7.3518499e-02  -6.2789699e-01
   3.5311600e-01  -3.8794000e-01
   4.2484100e-01  -4.1754100e-02
   2.7163700e-01   2.6466400e-01
  -3.4480700e-02   4.0724900e-01
  -3.6480800e-01   3.3032700e-01
  -5.8519699e-01   6.4290099e-02
  -6.0607699e-01  -2.8909600e-01
  -4.1415600e-01  -5.9608199e-01
  -7.6290899e-02  -7.4040199e-01
   2.8496800e-01  -6.6620499e-01
   5.3622999e-01  -3.9999600e-01
   5.8380599e-01  -4.3031600e-02
   4.1186900e-01   2.6522000e-01
   9.2339599e-02   4.0110000e-01
  -2.4034700e-01   3.0808000e-01
  -4.4240300e-01   2.3437200e-02
  -4.2117800e-01  -3.3359300e-01
  -1.7664200e-01  -6.0995599e-01
   1.9608600e-01  -6.8381399e-01
   5.4616899e-01  -5.1773199e-01
   7.3174399e-01  -1.7540400e-01
   6.8080399e-01   2.0613700e-01
   4.2081300e-01   4.7606399e-01
   6.4493399e-02   5.3376899e-01
  -2.4023600e-01   3.6898200e-01
  -3.7258200e-01   6.1960699e-02
  -2.8628600e-01  -2.5353600e-01
  -2.3858600e-02  -4.4621199e-01
   3.0489500e-01  -4.3811299e-01
   5.6830699e-01  -2.3146300e-01
   6.6312099e-01   9.5983099e-02
   5.5147199e-01   4.2245500e-01
   2.7310100e-01   6.2779599e-01
  -6.9949799e-02   6.3739199e-01
  -3.5063600e-01   4.4997799e-01
  -4.6408399e-01   1.3963000e-01
  -3.6857900e-01  -1.7019300e-01
  -1.0461500e-01  -3.5316300e-01
   2.1760300e-01  -3.3089300e-01
   4.6025899e-01  -1.0753500e-01
   5.1451799e-01   2.2822500e-01
   3.4800600e-01   5.3750999e-01
   2.1196500e-02   6.8925399e-01
  -3.3652400e-01   6.1694899e-01
  -5.8188399e-01   3.4818800e-01
  -6.1946599e-01  -7.1048699e-03
  -4.4211999e-01  -3.0465700e-01
  -1.3209900e-01  -4.2796099e-01
   1.7644000e-01  -3.3642000e-01
   3.5532600e-01  -7.9058199e-02
   3.3449400e-01   2.2994500e-01
   1.2692400e-01   4.6068399e-01
  -1.8129400e-01   5.1955999e-01
  -4.6837699e-01   3.8320800e-01
  -6.2473899e-01   1.0344900e-01
  -5.9297299e-01  -2.1550100e-01
  -3.8689200e-01  -4.5703599e-01
  -8.4881999e-02  -5.3481599e-01
   1.9912400e-01  -4.2404799e-01
   3.5739700e-01  -1.7124700e-01
   3.2919000e-01   1.2154300e-01
   1.2595400e-01   3.3415500e-01
  -1.6996500e-01   3.7517900e-01
  -4.3536499e-01   2.2053700e-01
  -5.5537599e-01  -7.3245599e-02
  -4.7236099e-01  -3.8930300e-01
  -2.1274100e-01  -5.9809699e-01
   1.2193000e-01  -6.1286699e-01
   3.9748800e-01  -4.2795399e-01
   5.0495899e-01  -1.2183800e-01
   4.0745999e-01   1.7711000e-01
   1.5482100e-01   3.4650400e-01
  -1.3999900e-01   3.2181100e-01
  -3.5079000e-01   1.2126200e-01
  -3.9097800e-01  -1.6559800e-01
  -2.4668400e-01  -4.1823799e-01
   2.2096600e-02  -5.3504499e-01
   3.0951600e-01  -4.7175499e-01
   5.0703799e-01  -2.5473900e-01
   5.4403499e-01   3.2906000e-02
   4.1175599e-01   2.8456100e-01
   1.6422200e-01   4.0950599e-01
  -1.0256100e-01   3.6531600e-01
  -2.8562000e-01   1.7315700e-01
  -3.1300700e-01  -8.9097499e-02
  -1.7200400e-01  -3.1464700e-01
   8.3426599e-02  -4.0814199e-01
   3.5095300e-01  -3.2441000e-01
   5.1935599e-01  -8.9571099e-02
   5.1465099e-01   2.0635100e-01
   3.3319300e-01   4.4489999e-01
   4.5766399e-02   5.2911299e-01
  -2.3117300e-01   4.2605699e-01
  -3.8544800e-01   1.8201800e-01
  -3.5786800e-01  -9.7457499e-02
  -1.6727100e-01  -2.9385400e-01
   9.9341499e-02  -3.2689600e-01
   3.2612900e-01  -1.8737800e-01
   4.1829699e-01   6.2136999e-02
   3.4007200e-01   3.1699400e-01
   1.2553600e-01   4.7534199e-01
  -1.3950300e-01   4.7819299e-01
  -3.5417400e-01   3.2919100e-01
  -4.4148699e-01   8.8983899e-02
  -3.7512700e-01  -1.5060500e-01
  -1.8633800e-01  -3.0131200e-01
   4.9332299e-02  -3.0984100e-01
   2.3981900e-01  -1.7630800e-01
   3.0982400e-01   4.5654199e-02
   2.2905100e-01   2.6756500e-01
   2.5440900e-02   3.9845299e-01
  -2.2293400e-01   3.8042399e-01
  -4.1666099e-01   2.1384700e-01
  -4.7497499e-01  -3.9600199e-02
  -3.7083100e-01  -2.7986900e-01
  -1.4483600e-01  -4.0980099e-01
   1.1010700e-01  -3.7734299e-01
   2.8819300e-01  -1.9923700e-01
   3.1686500e-01   4.5683699e-02
   1.8836400e-01   2.5115800e-01
  -3.7996399e-02   3.3012900e-01
  -2.6335400e-01   2.5167500e-01
  -3.9301299e-01   5.1838599e-02
  -3.7588199e-01  -1.8500000e-01
  -2.2272700e-01  -3.6380400e-01
   2.5265900e-03  -4.1778099e-01
   2.1185500e-01  -3.3235000e-01
   3.2851700e-01  -1.4660000e-01
   3.1460300e-01   6.5260599e-02
   1.8206800e-01   2.2308200e-01
  -1.4220200e-02   2.6950000e-01
  -1.9728300e-01   1.8928500e-01
  -2.9550100e-01   1.4170700e-02
  -2.6841000e-01  -1.8806300e-01
  -1.2263700e-01  -3.3751600e-01
   8.8389999e-02  -3.7213599e-01
   2.8288800e-01  -2.7329700e-01
   3.8236299e-01  -7.6052099e-02
   3.4469300e-01   1.4238000e-01
   1.8405300e-01   2.9342100e-01
  -3.2818300e-02   3.1510200e-01
  -2.1425700e-01   2.0006500e-01
  -2.8363100e-01  -2.1623500e-04
  -2.1322600e-01  -1.9791200e-01
  -3.5949199e-02  -3.0784900e-01
   1.7051000e-01  -2.8467500e-01
   3.1897000e-01  -1.4096000e-01
   3.5039500e-01   6.1119899e-02
   2.5679800e-01   2.3894300e-01
   8.0702899e-02   3.2475800e-01
  -1.0601700e-01   2.9143100e-01
  -2.3255900e-01   1.5930100e-01
  -2.5561000e-01  -1.5757300e-02
  -1.7266000e-01  -1.6570200e-01
  -1.9764000e-02  -2.3522400e-01
   1.4316100e-01  -2.0009000e-01
   2.5369400e-01  -7.4383299e-02
   2.6853300e-01   9.4628799e-02
   1.7928500e-01   2.4258800e-01
   1.7111400e-02   3.1102700e-01
  -1.5685300e-01   2.7020500e-01
  -2.7389800e-01   1.3299600e-01
  -2.8566700e-01  -4.7470699e-02
  -1.8608100e-01  -1.9782100e-01
  -1.6329500e-02  -2.5523200e-01
   1.5126400e-01  -1.9561800e-01
   2.4454400e-01  -4.5487099e-02
   2.2379100e-01   1.2919400e-01
   9.9425199e-02   2.5254800e-01
  -7.3502399e-02   2.7270900e-01
  -2.2106500e-01   1.8389000e-01
  -2.8355700e-01   2.6648400e-02
  -2.4012400e-01  -1.3243600e-01
  -1.1445200e-01  -2.3067600e-01
   3.8956099e-02  -2.3449200e-01
   1.5946600e-01  -1.4973800e-01
   2.0411200e-01  -1.5186500e-02
   1.6141700e-01   1.1530800e-01
   5.2142499e-02   1.9335000e-01
  -8.0649199e-02   1.9193000e-01
  -1.8729800e-01   1.1295100e-01
  -2.2809100e-01  -1.4353800e-02
  -1.8661100e-01  -1.4312500e-01
  -7.6340099e-02  -2.2457100e-01
   6.2368699e-02  -2.2579900e-01
   1.7580600e-01  -1.4387100e-01
   2.1764100e-01  -9.5796099e-03
   1.6917100e-01   1.2279500e-01
   4.9521099e-02   1.9744500e-01
  -9.0589199e-02   1.8181300e-01
  -1.9035400e-01   8.2343699e-02
  -2.0628400e-01  -5.7377699e-02
  -1.3221600e-01  -1.7616000e-01
  -1.7916700e-03  -2.2321400e-01
   1.2784200e-01  -1.8083600e-01
   2.0266600e-01  -7.0809299e-02
   1.9539100e-01   5.7722099e-02
   1.1505100e-01   1.5173200e-01
  -4.1772099e-04   1.7704400e-01
  -1.0300800e-01   1.3011800e-01
  -1.5483000e-01   3.5495899e-02
  -1.4094700e-01  -6.7317899e-02
  -7.1441599e-02  -1.4004500e-01
   2.5354600e-02  -1.5832200e-01
   1.1395500e-01  -1.1782600e-01
   1.6311100e-01  -3.3987899e-02
   1.5517400e-01   6.3302799e-02
   9.1973799e-02   1.3881800e-01
  -4.4463899e-03   1.6357900e-01
  -9.7908998e-02   1.2616400e-01
  -1.5084200e-01   3.9275499e-02
  -1.3994900e-01  -6.2854599e-02
  -6.7952599e-02  -1.3728000e-01
   3.5354599e-02  -1.5105800e-01
   1.2504700e-01  -9.7178998e-02
   1.6138800e-01   9.3253599e-04
   1.2866500e-01   9.9670998e-02
   4.2671699e-02   1.5571900e-01
  -5.7292099e-02   1.4635500e-01
  -1.2766800e-01   7.9183799e-02
  -1.4092700e-01  -1.3281900e-02
  -9.6642598e-02  -9.0456199e-02
  -1.8738700e-02  -1.2251800e-01
   5.8004899e-02  -1.0183600e-01
   1.0406900e-01  -4.2722099e-02
   1.0597200e-01   2.8084400e-02
   6.8187599e-02   8.3796099e-02
   7.9079999e-03   1.0679300e-01
  -5.2884499e-02   9.2207399e-02
  -9.4317798e-02   4.6968999e-02
  -1.0331000e-01  -1.3322200e-02
  -7.6607599e-02  -6.8440399e-02
  -2.2452400e-02  -9.8722298e-02
   4.0323999e-02  -9.1563699e-02
   8.7447699e-02  -4.7538599e-02
   9.8446198e-02   1.7356900e-02
   6.6583299e-02   7.6352799e-02
   3.9967899e-03   1.0307400e-01
  -6.2116099e-02   8.4423899e-02
  -1.0173200e-01   2.8127900e-02
  -9.6815098e-02  -4.0060699e-02
  -5.0588599e-02  -8.8823299e-02
   1.4192800e-02  -9.6929598e-02
   6.7188499e-02  -6.3447699e-02
   8.5889199e-02  -6.9810499e-03
   6.5920399e-02   4.5131699e-02
   2.1039600e-02   7.1014399e-02
  -2.6048400e-02   6.3826999e-02
  -5.5837399e-02   3.2243199e-02
  -6.0130999e-02  -6.8101499e-03
  -4.2690699e-02  -3.7616699e-02
  -1.4046800e-02  -5.1734099e-02
   1.4880700e-02  -4.8513899e-02
   3.6401399e-02  -3.1989499e-02
   4.6199899e-02  -7.7470199e-03
   4.2189199e-02   1.8066800e-02
   2.4571300e-02   3.8353099e-02
  -2.5643000e-03   4.5681899e-02
  -3.0250699e-02   3.5282999e-02
  -4.6784099e-02   8.9942398e-03
  -4.3224499e-02  -2.3197800e-02
  -1.9281300e-02  -4.6550299e-02
   1.4749200e-02  -4.9040899e-02
   4.2362899e-02  -2.8648400e-02
   4.9707499e-02   4.5495099e-03
   3.3637799e-02   3.3503099e-02
   3.6821199e-03   4.3824299e-02
  -2.3626900e-02   3.1977699e-02
  -3.4582299e-02   6.8025099e-03
  -2.6022200e-02  -1.6527300e-02
  -6.1151999e-03  -2.6014700e-02
   1.1906900e-02  -1.9563800e-02
   1.8515900e-02  -4.7913799e-03
   1.3210500e-02   7.3387699e-03
   3.2071599e-03   1.0210700e-02
  -2.8949399e-03   5.2177499e-03
  -1.5114500e-03  -7.0258199e-04
   4.0348199e-03  -1.2289500e-03
   7.0466599e-03   4.3760299e-03
   3.2673299e-03   1.1100400e-02
  -5.6349699e-03   1.2572800e-02
  -1.3455400e-02   6.3290099e-03
  -1.4383000e-02  -4.1809799e-03
  -7.4833799e-03  -1.2259500e-02
   2.7243900e-03  -1.3035400e-02
   9.8718098e-03  -6.9066599e-03
   1.0518900e-02   1.2458000e-03
   6.2933999e-03   6.2302699e-03
   1.8204000e-03   6.5852899e-03
   3.3791999e-04   5.1707699e-03
   7.9180699e-04   5.8932699e-03
  -1.0084300e-03   9.4216498e-03
  -7.9917099e-03   1.1733000e-02
  -1.7884400e-02   7.1398399e-03
  -2.3404100e-02  -6.2779499e-03
  -1.7180500e-02  -2.3233600e-02
   1.8850300e-03  -3.3129999e-02
   2.5752000e-02  -2.6773100e-02
   4.0740899e-02  -3.5216299e-03
   3.5803699e-02   2.6407400e-02
   1.0278500e-02   4.6793599e-02
  -2.4289600e-02   4.4866799e-02
  -4.9978999e-02   1.9428300e-02
  -5.2629699e-02  -1.7697000e-02
  -3.0030399e-02  -4.7986399e-02
   6.8693599e-03  -5.6443299e-02
   4.0240199e-02  -3.9488299e-02
   5.5021199e-02  -6.0471599e-03
   4.6103399e-02   2.8138999e-02
   1.9367000e-02   4.8903199e-02
  -1.2909000e-02   4.9688699e-02
  -3.8532099e-02   3.2549399e-02
  -4.9838399e-02   5.0767699e-03
  -4.4604899e-02  -2.3622100e-02
  -2.4779200e-02  -4.5361399e-02
   4.6586799e-03  -5.3576799e-02
   3.5785499e-02  -4.3987799e-02
   5.8045999e-02  -1.6578500e-02
   6.0798699e-02   2.1910100e-02
   3.8437799e-02   5.7687399e-02
  -4.4417499e-03   7.4122399e-02
  -5.1929199e-02   5.9795099e-02
  -8.2288098e-02   1.6254300e-02
  -7.8500499e-02  -3.9849599e-02
  -3.8348799e-02  -8.3031598e-02
   2.2299500e-02  -9.1361398e-02
   7.5948799e-02  -5.8414099e-02
   9.6896698e-02   2.2508300e-03
   7.4420999e-02   6.3124199e-02
   1.8382200e-02   9.6270698e-02
  -4.5807499e-02   8.6979598e-02
  -8.9835098e-02   4.0286599e-02
  -9.5726098e-02  -2.2553800e-02
  -6.2956799e-02  -7.4902299e-02
  -6.7887999e-03  -9.6645798e-02
   4.9902699e-02  -8.1450498e-02
   8.6320198e-02  -3.7150699e-02
   9.0601098e-02   1.9093300e-02
   6.2254399e-02   6.7467799e-02
   1.1086600e-02   9.1381198e-02
  -4.5816999e-02   8.1742598e-02
  -8.8398098e-02   3.9821699e-02
  -9.9358398e-02  -2.1704300e-02
  -7.0819999e-02  -8.0952198e-02
  -9.5840898e-03  -1.1347800e-01
   6.2541599e-02  -1.0231300e-01
   1.1565200e-01  -4.7281499e-02
   1.2446100e-01   3.1877699e-02
   8.1220998e-02   1.0198700e-01
   1.7127400e-03   1.3090800e-01
  -8.0127898e-02   1.0333100e-01
  -1.2737700e-01   2.9462999e-02
  -1.1779100e-01  -5.8641799e-02
  -5.4807299e-02  -1.2179400e-01
   3.3971299e-02  -1.3205500e-01
   1.0990900e-01  -8.5421398e-02
   1.4115700e-01  -2.7440099e-03
   1.1624200e-01   8.0814598e-02
   4.7426099e-02   1.3175200e-01
  -3.6386099e-02   1.3175600e-01
  -1.0258100e-01   8.3338798e-02
  -1.2729500e-01   6.7389399e-03
  -1.0289000e-01  -6.8933199e-02
  -3.9127299e-02  -1.1608200e-01
   4.0859299e-02  -1.1732000e-01
   1.0794900e-01  -7.0843999e-02
   1.3618100e-01   8.3304298e-03
   1.1192900e-01   9.2003298e-02
   4.0450999e-02   1.4753900e-01
  -5.3474999e-02   1.5012500e-01
  -1.3304300e-01   9.4313498e-02
  -1.6380300e-01  -8.6487398e-04
  -1.2947700e-01  -9.7340698e-02
  -4.1442899e-02  -1.5337700e-01
   6.4012199e-02  -1.4261000e-01
   1.4082000e-01  -6.7452999e-02
   1.5408900e-01   4.0525199e-02
   9.6646898e-02   1.3427100e-01
  -7.2796599e-03   1.7263600e-01
  -1.1317300e-01   1.3899900e-01
  -1.7649900e-01   4.8140499e-02
  -1.7214200e-01  -6.1408799e-02
  -1.0405700e-01  -1.4502500e-01
  -1.7161800e-03  -1.7084100e-01
   9.3609798e-02  -1.3151000e-01
   1.4569900e-01  -4.5035699e-02
   1.3635900e-01   5.3943699e-02
   7.0567699e-02   1.2767700e-01
  -2.6528899e-02   1.4844200e-01
  -1.1868600e-01   1.0758200e-01
  -1.7073900e-01   1.8496000e-02
  -1.6078900e-01  -8.7130298e-02
  -8.9028698e-02  -1.6944100e-01
   2.0248000e-02  -1.9473200e-01
   1.2572200e-01  -1.4952000e-01
   1.8430900e-01  -4.8381899e-02
   1.6946900e-01   6.9301399e-02
   8.4502398e-02   1.5425900e-01
  -3.6395399e-02   1.6855600e-01
  -1.4144400e-01   1.0354500e-01
  -1.8385500e-01  -1.4616600e-02
  -1.4327100e-01  -1.3553300e-01
  -3.5534399e-02  -2.0683000e-01
   9.4227098e-02  -1.9760200e-01
   1.9186800e-01  -1.1186200e-01
   2.1803100e-01   1.4095000e-02
   1.6436600e-01   1.2846400e-01
   5.5420499e-02   1.8633900e-01
  -6.3351699e-02   1.6754000e-01
  -1.4494100e-01   8.2903798e-02
  -1.5885500e-01  -3.2029999e-02
  -1.0130600e-01  -1.3180800e-01
   4.9431499e-03  -1.7795300e-01
   1.1962400e-01  -1.5221000e-01
   1.9927000e-01  -6.2562499e-02
   2.1241000e-01   5.9289099e-02
   1.5129500e-01   1.6839700e-01
   3.6212199e-02   2.2242100e-01
  -9.0153398e-02   1.9815800e-01
  -1.7787100e-01   1.0250400e-01
  -1.8981800e-01  -2.7703799e-02
  -1.1860900e-01  -1.3881800e-01
   7.8639198e-03  -1.8241400e-01
   1.3635200e-01  -1.3702600e-01
   2.1057500e-01  -1.9198800e-02
   1.9623900e-01   1.2232800e-01
   9.6948598e-02   2.2750200e-01
  -4.6921699e-02   2.5147999e-01
  -1.7606200e-01   1.8433000e-01
  -2.3831299e-01   5.4801299e-02
  -2.1078900e-01  -8.3110698e-02
  -1.0830500e-01  -1.7388600e-01
   2.4624599e-02  -1.8340200e-01
   1.3338600e-01  -1.1139800e-01
   1.7524500e-01   1.0513200e-02
   1.3487700e-01   1.3282800e-01
   2.8503599e-02   2.0749000e-01
  -1.0339700e-01   2.0522100e-01
  -2.1123000e-01   1.2542100e-01
  -2.5397499e-01  -3.8465399e-03
  -2.1403800e-01  -1.3551300e-01
  -1.0454600e-01  -2.2006700e-01
   3.3923599e-02  -2.2413000e-01
   1.4735300e-01  -1.4458600e-01
   1.8907700e-01  -1.2088500e-02
   1.3973100e-01   1.1911700e-01
   1.7446300e-02   1.9255100e-01
  -1.2753500e-01   1.7379400e-01
  -2.3307399e-01   6.6785399e-02
  -2.5198999e-01  -8.6205398e-02
  -1.7337400e-01  -2.2202600e-01
  -2.8073099e-02  -2.8407599e-01
   1.2461000e-01  -2.4714399e-01
   2.2289500e-01  -1.2809700e-01
   2.2908699e-01   2.2221000e-02
   1.4474300e-01   1.4158800e-01
   8.3621498e-03   1.8273300e-01
  -1.2212800e-01   1.3183500e-01
  -1.9350800e-01   1.2175900e-02
  -1.7766200e-01  -1.2701700e-01
  -8.0855898e-02  -2.3065099e-01
   6.0247099e-02  -2.5845399e-01
   1.9304000e-01  -1.9907300e-01
   2.6825799e-01  -7.3554498e-02
   2.5772699e-01   7.2324998e-02
   1.6500800e-01   1.8432900e-01
   2.5198499e-02   2.1968000e-01
  -1.0692800e-01   1.6404200e-01
  -1.7736000e-01   3.8901799e-02
  -1.5484700e-01  -1.0479600e-01
  -4.5427399e-02  -2.0592100e-01
   1.0780100e-01  -2.1849100e-01
   2.4118699e-01  -1.3234200e-01
   2.9726599e-01   2.0772400e-02
   2.5010999e-01   1.7957000e-01
   1.1742000e-01   2.7934799e-01
  -4.6703899e-02   2.8018499e-01
  -1.7528600e-01   1.8421300e-01
  -2.1744099e-01   3.4136799e-02
  -1.5960100e-01  -1.0593200e-01
  -2.9891299e-02  -1.7807600e-01
   1.1525700e-01  -1.5415000e-01
   2.1528500e-01  -4.5668999e-02
   2.2964099e-01   1.0284900e-01
   1.5235400e-01   2.3282099e-01
   1.2552200e-02   2.9440499e-01
  -1.3780500e-01   2.6456199e-01
  -2.4358699e-01   1.5462500e-01
  -2.6653399e-01   5.6501799e-03
  -1.9923200e-01  -1.2649600e-01
  -6.8445498e-02  -1.9149400e-01
   7.3782198e-02  -1.6378700e-01
   1.6910300e-01  -5.3683599e-02
   1.7577100e-01   9.4721498e-02
   8.6716198e-02   2.1954399e-01
  -6.5433298e-02   2.6589899e-01
  -2.2000299e-01   2.0960200e-01
  -3.1300099e-01   6.9057498e-02
  -3.0470299e-01  -1.0105300e-01
  -1.9760500e-01  -2.3251599e-01
  -3.6029299e-02  -2.7300899e-01
   1.1289000e-01  -2.0884000e-01
   1.8828300e-01  -7.0563398e-02
   1.6141200e-01   8.0878898e-02
   4.6874299e-02   1.8072700e-01
  -1.0507900e-01   1.8746300e-01
  -2.3064699e-01   9.8740098e-02
  -2.7868999e-01  -4.9614199e-02
  -2.3010499e-01  -1.9961000e-01
  -1.0350900e-01  -2.9444699e-01
   5.3522899e-02  -2.9977999e-01
   1.8313300e-01  -2.1552799e-01
   2.3859999e-01  -7.4993998e-02
   2.0125800e-01   6.7672898e-02
   8.7503898e-02   1.5727800e-01
  -5.6565399e-02   1.5818800e-01
  -1.7169800e-01   6.8659198e-02
  -2.0808699e-01  -7.6875498e-02
  -1.4589500e-01  -2.1969199e-01
  -5.0963999e-03  -2.9953499e-01
   1.6070800e-01  -2.7976499e-01
   2.8539299e-01  -1.6409000e-01
   3.1815699e-01   3.3465399e-03
   2.4594599e-01   1.5572400e-01
   9.9900398e-02   2.3199599e-01
  -5.7678699e-02   2.0335600e-01
  -1.6024200e-01   8.5621298e-02
  -1.6555600e-01  -6.8098098e-02
  -7.3081198e-02  -1.9077200e-01
   7.7114898e-02  -2.2997899e-01
   2.2249199e-01  -1.6896200e-01
   3.0439699e-01  -3.1784799e-02
   2.9115299e-01   1.2826000e-01
   1.8897000e-01   2.5086299e-01
   3.7686399e-02   2.9199799e-01
  -1.0562100e-01   2.3963499e-01
  -1.8828700e-01   1.1703400e-01
  -1.8123600e-01  -2.6577899e-02
  -8.9474198e-02  -1.3425800e-01
   4.9458399e-02  -1.6238800e-01
   1.7884900e-01  -9.7460498e-02
   2.4396499e-01   3.7565599e-02
   2.1377399e-01   1.9061400e-01
   9.4734998e-02   3.0001699e-01
  -6.9878698e-02   3.1945499e-01
  -2.1628899e-01   2.3814899e-01
  -2.8641299e-01   8.7002598e-02
  -2.5297199e-01  -7.3169898e-02
  -1.3203700e-01  -1.7709800e-01
   2.3257099e-02  -1.8319100e-01
   1.4549400e-01  -9.1593598e-02
   1.8204400e-01   5.6139899e-02
   1.1727900e-01   1.9545800e-01
  -2.1793399e-02   2.6665999e-01
  -1.7825100e-01   2.3958099e-01
  -2.8982199e-01   1.2469800e-01
  -3.1414899e-01  -3.3031399e-02
  -2.4443499e-01  -1.7363900e-01
  -1.1018800e-01  -2.4604899e-01
   3.5738099e-02  -2.2694399e-01
   1.3782100e-01  -1.2823200e-01
   1.5838900e-01   8.4890498e-03
   9.1097298e-02   1.2775300e-01
  -3.6825899e-02   1.8070400e-01
  -1.7429100e-01   1.4341600e-01
  -2.6509499e-01   2.6689299e-02
  -2.6955999e-01  -1.2675400e-01
  -1.8110100e-01  -2.5774599e-01
  -3.0579899e-02  -3.1387599e-01
   1.2460300e-01  -2.7153799e-01
   2.2344699e-01  -1.4716900e-01
   2.2717799e-01   8.1996798e-03
   1.3656000e-01   1.2981300e-01
  -7.6343098e-03   1.6685000e-01
  -1.4183800e-01   1.0451700e-01
  -2.0709999e-01  -2.9586999e-02
  -1.7431600e-01  -1.7774900e-01
  -5.5973499e-02  -2.7728899e-01
   1.0032900e-01  -2.8700899e-01
   2.3291499e-01  -2.0340299e-01
   2.9172799e-01  -6.0343898e-02
   2.5766999e-01   8.6321998e-02
   1.4838000e-01   1.8177200e-01
   9.4979897e-03   1.9312699e-01
  -1.0388200e-01   1.2071400e-01
  -1.4801700e-01  -3.4391199e-03
  -1.0625200e-01  -1.2831100e-01
   5.2702799e-03  -2.0288599e-01
   1.4350800e-01  -1.9500399e-01
   2.5417499e-01  -1.0375600e-01
   2.9213599e-01   3.9178899e-02
   2.3943299e-01   1.8055700e-01
   1.1376300e-01   2.6583399e-01
  -3.6996899e-02   2.6138599e-01
  -1.5329700e-01   1.6948000e-01
  -1.8858299e-01   2.8814499e-02
  -1.2963600e-01  -1.0076400e-01
  -3.1083699e-03  -1.6348800e-01
   1.3535700e-01  -1.3183100e-01
   2.2500899e-01  -1.8567400e-02
   2.2617099e-01   1.2891900e-01
   1.3688000e-01   2.4940799e-01
  -7.2338898e-03   2.9408899e-01
  -1.4912900e-01   2.4649099e-01
  -2.3470199e-01   1.2783600e-01
  -2.3445399e-01  -1.3424700e-02
  -1.5378800e-01  -1.2227600e-01
  -2.8915899e-02  -1.5883200e-01
   8.8611698e-02  -1.1265500e-01
   1.5192200e-01  -5.1868699e-03
   1.3590800e-01   1.1941900e-01
   4.5854999e-02   2.1105599e-01
  -8.4806698e-02   2.3208199e-01
  -2.0667399e-01   1.7132500e-01
  -2.7258799e-01   4.8873499e-02
  -2.5582099e-01  -9.0551198e-02
  -1.6147700e-01  -1.9410399e-01
  -2.5955799e-02  -2.2169899e-01
   9.6513897e-02  -1.6310800e-01
   1.5578900e-01  -4.3578899e-02
   1.2727800e-01   8.5518698e-02
   2.3295699e-02   1.6793400e-01
  -1.1145100e-01   1.6673500e-01
  -2.1882899e-01   8.0530798e-02
  -2.5238999e-01  -5.5876398e-02
  -1.9722699e-01  -1.8679699e-01
  -7.5681598e-02  -2.5981199e-01
   6.3222498e-02  -2.4774499e-01
   1.6522100e-01  -1.5890900e-01
   1.9321299e-01  -3.1957599e-02
   1.4116600e-01   8.1300798e-02
   3.4616999e-02   1.3702900e-01
  -8.1050898e-02   1.1573700e-01
  -1.5885200e-01   2.8241699e-02
  -1.6768300e-01  -8.9842597e-02
  -1.0309700e-01  -1.9206899e-01
   1.1681400e-02  -2.3830499e-01
   1.3439400e-01  -2.0934699e-01
   2.1915199e-01  -1.1425600e-01
   2.3363099e-01   1.2307600e-02
   1.7206300e-01   1.2248500e-01
   5.8734498e-02   1.7356200e-01
  -6.0405998e-02   1.4555300e-01
  -1.3576700e-01   5.0573699e-02
  -1.3489200e-01  -7.0872698e-02
  -5.6975198e-02  -1.6617700e-01
   6.5881498e-02  -1.9299099e-01
   1.8198299e-01  -1.3778600e-01
   2.4231399e-01  -2.1945099e-02
   2.2172199e-01   1.0760600e-01
   1.2935100e-01   1.9894199e-01
   3.8326699e-03   2.1734999e-01
  -1.0405100e-01   1.5924400e-01
  -1.5294000e-01   5.2164299e-02
  -1.2716300e-01  -5.8157698e-02
  -4.1387999e-02  -1.2712700e-01
   6.7061498e-02  -1.2858600e-01
   1.5387800e-01  -6.3601998e-02
   1.8470899e-01   4.1546499e-02
   1.4724200e-01   1.4625100e-01
   5.4859298e-02   2.1079399e-01
  -5.8699398e-02   2.1065399e-01
  -1.5161800e-01   1.4539400e-01
  -1.8930799e-01   3.9209699e-02
  -1.5771400e-01  -6.7437198e-02
  -6.9640098e-02  -1.3284600e-01
   3.9042199e-02  -1.3067000e-01
   1.2291900e-01  -6.1491698e-02
   1.4558200e-01   4.6103199e-02
   9.5530797e-02   1.4648700e-01
  -7.9862298e-03   1.9604899e-01
  -1.2253200e-01   1.7218799e-01
  -2.0061899e-01   8.3464698e-02
  -2.1035199e-01  -3.4034199e-02
  -1.4908600e-01  -1.3258800e-01
  -4.3911299e-02  -1.7359699e-01
   6.0875798e-02  -1.4366600e-01
   1.2312100e-01  -5.9070398e-02
   1.2006200e-01   4.2599199e-02
   5.6298998e-02   1.1897900e-01
  -3.9910399e-02   1.4000700e-01
  -1.2922800e-01   9.8642497e-02
  -1.7680899e-01   1.1931300e-02
  -1.6482700e-01  -8.6779297e-02
  -9.8028797e-02  -1.6070700e-01
  -1.2305900e-03  -1.8288199e-01
   8.9868397e-02  -1.4560000e-01
   1.4153000e-01  -6.3273798e-02
   1.3446600e-01   3.2387999e-02
   7.1706198e-02   1.0375300e-01
  -2.1494099e-02   1.2171700e-01
  -1.0664400e-01   7.7904298e-02
  -1.4724300e-01  -1.0720100e-02
  -1.2433200e-01  -1.0774900e-01
  -4.5417699e-02  -1.7214099e-01
   5.7888098e-02  -1.7590199e-01
   1.4314200e-01  -1.1662900e-01
   1.7554899e-01  -1.8815099e-02
   1.4314200e-01   7.6931098e-02
   6.1598798e-02   1.3180300e-01
  -3.3338899e-02   1.2544500e-01
  -1.0192400e-01   6.3824898e-02
  -1.1726700e-01  -2.4702699e-02
  -7.5549098e-02  -1.0248700e-01
   4.1114799e-03  -1.3838500e-01
   8.8939197e-02  -1.1945100e-01
   1.4606900e-01  -5.4417598e-02
   1.5472000e-01   3.1202699e-02
   1.1285700e-01   1.0546700e-01
   3.6887299e-02   1.4164600e-01
  -4.4744099e-02   1.2739400e-01
  -1.0170600e-01   6.8903898e-02
  -1.1262000e-01  -1.1114500e-02
  -7.3217398e-02  -8.1284597e-02
   1.2130500e-03  -1.1312100e-01
   8.0743998e-02  -9.2463697e-02
   1.3213700e-01  -2.6143499e-02
   1.3260000e-01   5.9628898e-02
   8.0122298e-02   1.2946400e-01
  -4.7309699e-03   1.5379300e-01
  -8.7128197e-02   1.2205400e-01
  -1.3308000e-01   4.7712499e-02
  -1.2445700e-01  -3.7570899e-02
  -6.6812498e-02  -9.8064297e-02
   1.3633900e-02  -1.0968400e-01
   8.2144697e-02  -6.9958498e-02
   1.1072900e-01   2.0606199e-03
   8.9425197e-02   7.5180498e-02
   2.9004499e-02   1.1977300e-01
  -4.5090999e-02   1.1946000e-01
  -1.0393100e-01   7.6250898e-02
  -1.2625400e-01   8.0866797e-03
  -1.0548300e-01  -5.9065098e-02
  -5.0895298e-02  -1.0095200e-01
   1.6512799e-02  -1.0326500e-01
   7.1595998e-02  -6.6160098e-02
   9.3744297e-02  -4.1063399e-03
   7.4270398e-02   5.8932898e-02
   2.0142699e-02   9.7889297e-02
  -4.7726998e-02   9.6154897e-02
  -1.0188000e-01   5.2831098e-02
  -1.1924100e-01  -1.5774199e-02
  -9.1271197e-02  -8.1965097e-02
  -2.8520399e-02  -1.1808600e-01
   4.3181899e-02  -1.0876100e-01
   9.3791497e-02  -5.8126898e-02
   1.0244300e-01   1.1733000e-02
   6.6770098e-02   7.0700898e-02
   3.6274999e-03   9.4182697e-02
  -5.9015798e-02   7.3776398e-02
  -9.4829097e-02   2.0118699e-02
  -9.0300997e-02  -4.2926599e-02
  -4.9382398e-02  -8.9342297e-02
   9.7519697e-03  -1.0179200e-01
   6.3373498e-02  -7.7585598e-02
   9.1869197e-02  -2.8084999e-02
   8.6460297e-02   2.7037799e-02
   5.1119298e-02   6.7592498e-02
   4.8292098e-05   7.9727297e-02
  -4.7677898e-02   6.0042298e-02
  -7.4499898e-02   1.6336199e-02
  -7.0222098e-02  -3.4952999e-02
  -3.5840499e-02  -7.4122598e-02
   1.6077099e-02  -8.5224597e-02
   6.5311498e-02  -6.2575798e-02
   9.1568497e-02  -1.3994600e-02
   8.3099397e-02   4.1362299e-02
   4.2498699e-02   8.0522597e-02
  -1.3559600e-02   8.6731997e-02
  -6.1228998e-02   5.7332998e-02
  -8.0172897e-02   5.3754098e-03
  -6.2901098e-02  -4.6202498e-02
  -1.8068499e-02  -7.5134298e-02
   3.3905499e-02  -6.9902998e-02
   7.0552898e-02  -3.4401799e-02
   7.7423297e-02   1.4799800e-02
   5.3673798e-02   5.6702998e-02
   1.1041900e-02   7.5206298e-02
  -3.2447699e-02   6.5121498e-02
  -6.0415898e-02   3.2773699e-02
  -6.4047798e-02  -8.0195197e-03
  -4.4112699e-02  -4.1957199e-02
  -9.3556997e-03  -5.7570498e-02
   2.7214199e-02  -5.0360598e-02
   5.2596098e-02  -2.3563499e-02
   5.7684498e-02   1.3073100e-02
   4.0203999e-02   4.6173698e-02
   5.9810298e-03   6.2976998e-02
  -3.2334499e-02   5.6098398e-02
  -5.9477598e-02   2.7121899e-02
  -6.3714498e-02  -1.2993600e-02
  -4.2418099e-02  -4.7742998e-02
  -4.0968899e-03  -6.2096098e-02
   3.4776099e-02  -4.9592098e-02
   5.7126998e-02  -1.5794699e-02
   5.3341898e-02   2.4028299e-02
   2.5838799e-02   5.2098798e-02
  -1.2306600e-02   5.6556798e-02
  -4.3925499e-02   3.6756799e-02
  -5.5955298e-02   2.8378299e-03
  -4.5018398e-02  -2.9833999e-02
  -1.7847999e-02  -4.8086098e-02
   1.2989600e-02  -4.6345598e-02
   3.5267199e-02  -2.7761799e-02
   4.1904599e-02  -1.3671200e-03
   3.2574399e-02   2.2490399e-02
   1.2349600e-02   3.5988399e-02
  -1.1035400e-02   3.5683699e-02
  -2.9779899e-02   2.2585599e-02
  -3.7881199e-02   1.3314400e-03
  -3.2483999e-02  -2.0990999e-02
  -1.4918899e-02  -3.6505899e-02
   9.0045997e-03  -3.8956899e-02
   3.0289299e-02  -2.6430899e-02
   3.9952899e-02  -3.0599499e-03
   3.3159299e-02   2.1789999e-02
   1.2155200e-02   3.7234799e-02
  -1.4015400e-02   3.6053999e-02
  -3.3462299e-02   1.8601799e-02
  -3.7281199e-02  -6.9757298e-03
  -2.4110699e-02  -2.8672299e-02
  -7.7240797e-04  -3.6690799e-02
   2.1428299e-02  -2.8282299e-02
   3.2611999e-02  -8.6802597e-03
   2.9076099e-02   1.2201000e-02
   1.4365799e-02   2.5163599e-02
  -3.5189499e-03   2.6042799e-02
  -1.6719999e-02   1.6746499e-02
  -2.1107499e-02   3.0281099e-03
  -1.7125999e-02  -9.0970597e-03
  -8.1485397e-03  -1.5982999e-02
   1.9682499e-03  -1.6871599e-02
   1.0419000e-02  -1.2805400e-02
   1.5546999e-02  -5.3648298e-03
   1.6270599e-02   3.7191199e-03
   1.1968200e-02   1.2200400e-02
   3.2002999e-03   1.7198699e-02
  -7.4769797e-03   1.6134699e-02
  -1.5788899e-02   8.4434397e-03
  -1.7578799e-02  -3.2317099e-03
  -1.1329700e-02  -1.3658700e-02
   3.7467199e-04  -1.7574499e-02
   1.1772100e-02  -1.2786400e-02
   1.7003799e-02  -1.7514999e-03
   1.3542200e-02   9.6197497e-03
   3.7233599e-03   1.5373399e-02
  -6.7077998e-03   1.3010900e-02
  -1.2149800e-02   4.8079698e-03
  -1.0478500e-02  -3.8875699e-03
  -4.0031499e-03  -8.1872797e-03
   2.4713399e-03  -6.6297898e-03
   5.0183998e-03  -1.6579899e-03
   3.0372299e-03   2.5336299e-03
  -8.1864997e-04   3.1059599e-03
  -2.9719899e-03   4.0342799e-04
  -1.6778599e-03  -2.6823299e-03
   1.8104299e-03  -3.1612999e-03
   4.4026298e-03  -2.8767799e-04
   3.6530699e-03   3.9271399e-03
  -3.5699099e-04   6.3078298e-03
  -5.1054898e-03   4.9182398e-03
  -7.5176597e-03   4.4745498e-04
  -6.1580398e-03  -4.3890598e-03
  -2.0904399e-03  -6.8636798e-03
   2.1275599e-03  -6.0717698e-03
   4.4013498e-03  -3.2389399e-03
   4.4297798e-03  -4.2159698e-04
   3.4363799e-03   1.2122700e-03
   2.6824499e-03   2.0723699e-03
   2.1446299e-03   3.2833599e-03
   5.7715698e-04   5.1015598e-03
  -3.0232299e-03   6.1113298e-03
  -7.8067797e-03   4.1095598e-03
  -1.0858900e-02  -1.8351899e-03
  -8.9258597e-03  -9.7898896e-03
  -1.0373200e-03  -1.5353399e-02
   9.9409296e-03  -1.4182099e-02
   1.8269099e-02  -5.1158698e-03
   1.8554299e-02   8.3145597e-03
   9.2845097e-03   1.9317599e-02
  -5.7036498e-03   2.1590999e-02
  -1.8980199e-02   1.3130100e-02
  -2.3580199e-02  -2.3359599e-03
  -1.6917699e-02  -1.7251499e-02
  -2.1876799e-03  -2.4338199e-02
   1.3502099e-02  -2.0414199e-02
   2.2996499e-02  -7.7455197e-03
   2.2594599e-02   7.5982997e-03
   1.3312500e-02   1.9084599e-02
  -3.7484899e-04   2.2669299e-02
  -1.3083500e-02   1.7910599e-02
  -2.0697699e-02   7.2203797e-03
  -2.1252899e-02  -5.6748098e-03
  -1.4766399e-02  -1.6936999e-02
  -2.8661699e-03  -2.3170299e-02
   1.1283200e-02  -2.1842799e-02
   2.3100899e-02  -1.2157100e-02
   2.7549999e-02   3.7993599e-03
   2.1235499e-02   2.0642799e-02
   4.7971498e-03   3.1083699e-02
  -1.6067499e-02   2.9140099e-02
  -3.2267299e-02   1.3709099e-02
  -3.5446599e-02  -9.7529696e-03
  -2.2580799e-02  -3.0979699e-02
   1.6840899e-03  -3.9659698e-02
   2.6663599e-02  -3.0820199e-02
   4.0698798e-02  -7.7709497e-03
   3.7014599e-02   1.9213699e-02
   1.7159399e-02   3.7886899e-02
  -9.8344196e-03   3.9995698e-02
  -3.1990899e-02   2.5044699e-02
  -4.0066598e-02   5.8903598e-05
  -3.1417099e-02  -2.4154199e-02
  -1.0423000e-02  -3.7984799e-02
   1.4145399e-02  -3.6731199e-02
   3.3034699e-02  -2.1681199e-02
   3.9781098e-02   1.2011600e-03
   3.2368899e-02   2.3786099e-02
   1.3358599e-02   3.8331699e-02
  -1.0987100e-02   3.9573898e-02
  -3.2282099e-02   2.6306599e-02
  -4.2338498e-02   2.2749799e-03
  -3.6091699e-02  -2.4220499e-02
  -1.4272399e-02  -4.2637698e-02
   1.5668499e-02  -4.4250898e-02
   4.1613398e-02  -2.6481799e-02
   5.1661198e-02   4.8057498e-03
   3.9871798e-02   3.6854099e-02
   9.8801696e-03   5.5342098e-02
  -2.5937099e-02   5.1186298e-02
  -5.1819898e-02   2.5314999e-02
  -5.6032298e-02  -1.1293700e-02
  -3.6540299e-02  -4.2572398e-02
  -1.9992799e-03  -5.4868898e-02
   3.2409699e-02  -4.3181098e-02
   5.2046398e-02  -1.3085799e-02
   4.9189998e-02   2.2288799e-02
   2.5811299e-02   4.8373498e-02
  -8.0704597e-03   5.5227398e-02
  -3.9077798e-02   4.0966098e-02
  -5.5774998e-02   1.1641100e-02
  -5.2489898e-02  -2.1656899e-02
  -3.0730899e-02  -4.6900198e-02
   1.6692899e-03  -5.5020198e-02
   3.3091199e-02  -4.2747798e-02
   5.1749798e-02  -1.3903299e-02
   4.9727698e-02   2.1309499e-02
   2.6356799e-02   4.9300198e-02
  -1.0510400e-02   5.7984598e-02
  -4.6554898e-02   4.2049198e-02
  -6.6337297e-02   6.2027998e-03
  -6.0089398e-02  -3.5676999e-02
  -2.8804199e-02  -6.5895497e-02
   1.5250499e-02  -7.0783897e-02
   5.3435198e-02  -4.7339198e-02
   6.9071497e-02  -5.1658698e-03
   5.5214398e-02   3.7560899e-02
   1.7962899e-02   6.2309098e-02
  -2.6361799e-02   5.8575998e-02
  -5.8703898e-02   2.8386499e-02
  -6.5685997e-02  -1.5064899e-02
  -4.5003398e-02  -5.3613698e-02
  -5.6557798e-03  -7.1955497e-02
   3.6492999e-02  -6.3548397e-02
   6.5371997e-02  -3.2428199e-02
   7.0662597e-02   9.1307596e-03
   5.1051098e-02   4.5575098e-02
   1.4180099e-02   6.3606197e-02
  -2.6200299e-02   5.6601198e-02
  -5.4865798e-02   2.6868899e-02
  -6.0333698e-02  -1.4817499e-02
  -3.9262998e-02  -5.2526798e-02
   1.5294199e-03  -7.0733897e-02
   4.6708598e-02  -6.0538998e-02
   7.7848897e-02  -2.4086899e-02
   8.1007997e-02   2.5182699e-02
   5.3286998e-02   6.7346497e-02
   5.0532898e-03   8.4354297e-02
  -4.3821798e-02   6.8303297e-02
  -7.2466697e-02   2.5557999e-02
  -6.8432097e-02  -2.5610899e-02
  -3.3481099e-02  -6.3029697e-02
   1.7137899e-02  -7.0529497e-02
   6.1581297e-02  -4.5032298e-02
   8.1089497e-02   2.4409699e-03
   6.7878597e-02   5.2023098e-02
   2.7833399e-02   8.3738797e-02
  -2.2707599e-02   8.5626096e-02
  -6.4092697e-02   5.7917598e-02
  -8.1092097e-02   1.2106600e-02
  -6.8236097e-02  -3.4049599e-02
  -3.1226399e-02  -6.3264197e-02
   1.5518499e-02  -6.4780497e-02
   5.4040998e-02  -3.8007298e-02
   6.9115197e-02   7.1786497e-03
   5.3813298e-02   5.3597998e-02
   1.2576299e-02   8.2710197e-02
  -3.9621898e-02   8.1665597e-02
  -8.2361497e-02   4.8950998e-02
  -9.7752096e-02  -3.9696898e-03
  -7.8265097e-02  -5.6421998e-02
  -3.0810799e-02  -8.6784996e-02
   2.5341599e-02  -8.1954097e-02
   6.6460997e-02  -4.3625498e-02
   7.4763397e-02   1.1866000e-02
   4.6498498e-02   6.0451597e-02
  -6.2204797e-03   8.0923497e-02
