   2.0041300e+01  -3.0808700e-16
   3.4773400e+01   1.8063900e+01
   2.1239000e+01   3.0346700e+01
   4.2129500e+00   3.3674500e+01
  -1.0876700e+01   2.8056300e+01
  -1.9809800e+01   1.6448000e+01
  -2.0939400e+01   3.4419900e+00
  -1.5482100e+01  -6.6067200e+00
  -6.6700100e+00  -1.1077600e+01
   1.6947300e+00  -9.7876500e+00
   6.7595500e+00  -4.6047500e+00
   7.4786400e+00   1.5971400e+00
   4.6503200e+00   6.2361500e+00
   2.0824700e-01   7.9446400e+00
  -3.7886000e+00   6.8264100e+00
  -6.0149200e+00   4.0668700e+00
  -6.2470200e+00   1.1635000e+00
  -5.1708700e+00  -7.9880300e-01
  -3.8236800e+00  -1.5357300e+00
  -2.9946200e+00  -1.4891000e+00
  -2.8661100e+00  -1.4035400e+00
  -3.0376300e+00  -1.8262400e+00
  -2.8758500e+00  -2.7874200e+00
  -1.9520700e+00  -3.8125400e+00
  -3.4387900e-01  -4.2344300e+00
   1.3768400e+00  -3.6143500e+00
   2.4425900e+00  -2.0420400e+00
   2.3144500e+00  -1.3543200e-01
   9.9842600e-01   1.2437700e+00
  -9.1979700e-01   1.4270900e+00
  -2.5449200e+00   2.7803300e-01
  -3.1034100e+00  -1.7306800e+00
  -2.3043500e+00  -3.7529200e+00
  -4.5573000e-01  -4.9784200e+00
   1.7291300e+00  -5.0055900e+00
   3.5062000e+00  -3.9714300e+00
   4.4495200e+00  -2.4069600e+00
   4.5908000e+00  -8.9872400e-01
   4.2922000e+00   2.2014700e-01
   3.9506700e+00   9.9178200e-01
   3.7225800e+00   1.7044100e+00
   3.4391400e+00   2.6166200e+00
   2.7547400e+00   3.7121300e+00
   1.4258500e+00   4.6407000e+00
  -4.4514600e-01   4.9007800e+00
  -2.3719600e+00   4.1380100e+00
  -3.6748000e+00   2.4094400e+00
  -3.8230900e+00   2.3636100e-01
  -2.7201400e+00  -1.5893300e+00
  -8.1105700e-01  -2.3547200e+00
   1.0872400e+00  -1.7683300e+00
   2.1328000e+00  -1.1754700e-01
   1.8349000e+00   1.8360100e+00
   2.8317600e-01   3.1797000e+00
  -1.8817900e+00   3.2429700e+00
  -3.7275500e+00   1.8934600e+00
  -4.4352400e+00  -3.9644600e-01
  -3.6430900e+00  -2.7439100e+00
  -1.6043400e+00  -4.2251800e+00
   9.1662800e-01  -4.2619700e+00
   2.9625800e+00  -2.8618700e+00
   3.7922000e+00  -6.1088400e-01
   3.1820500e+00   1.5933600e+00
   1.5027100e+00   2.9268100e+00
  -4.7508800e-01   2.9935700e+00
  -1.9404000e+00   1.9652800e+00
  -2.4113500e+00   4.5544200e-01
  -1.9202000e+00  -8.0781200e-01
  -9.3975800e-01  -1.3404700e+00
  -9.5833200e-02  -1.1166700e+00
   1.8299000e-01  -5.2574400e-01
  -1.1936900e-01  -1.1224700e-01
  -6.2931100e-01  -2.4204900e-01
  -8.3041900e-01  -8.8589000e-01
  -3.8829000e-01  -1.6381600e+00
   6.3279300e-01  -1.9553400e+00
   1.7808700e+00  -1.4797700e+00
   2.4531600e+00  -2.6918300e-01
   2.2215300e+00   1.2044800e+00
   1.0821000e+00   2.2799100e+00
  -5.2516600e-01   2.4356800e+00
  -1.9114600e+00   1.5578600e+00
  -2.4678700e+00   2.3630700e-03
  -1.9492000e+00  -1.5653200e+00
  -5.8150400e-01  -2.4781200e+00
   1.0437600e+00  -2.3607500e+00
   2.2437100e+00  -1.2861200e+00
   2.5331000e+00   2.7401500e-01
   1.8223100e+00   1.6631900e+00
   4.3815300e-01   2.3186700e+00
  -1.0331000e+00   1.9989800e+00
  -1.9912500e+00   8.6758000e-01
  -2.0651400e+00  -5.9512600e-01
  -1.2537500e+00  -1.7961700e+00
   9.6232300e-02  -2.2755500e+00
   1.4485600e+00  -1.8828500e+00
   2.3059200e+00  -8.1757300e-01
   2.4125500e+00   4.8129800e-01
   1.8327400e+00   1.5416300e+00
   8.8716800e-01   2.0623200e+00
  -2.7360200e-02   2.0225400e+00
  -6.3678600e-01   1.6390000e+00
  -9.0028800e-01   1.2111700e+00
  -9.8406100e-01   9.3890700e-01
  -1.1145900e+00   8.1324000e-01
  -1.4083400e+00   6.5311300e-01
  -1.7740100e+00   2.4606400e-01
  -1.9596400e+00  -4.7562300e-01
  -1.7094100e+00  -1.3523400e+00
  -9.4028300e-01  -2.0488700e+00
   1.6597300e-01  -2.2284700e+00
   1.2213800e+00  -1.7439600e+00
   1.8142100e+00  -7.4015600e-01
   1.7117900e+00   3.9507000e-01
   9.8245300e-01   1.2122900e+00
  -4.0672000e-02   1.4046800e+00
  -9.1227300e-01   9.4810100e-01
  -1.2852100e+00   9.5723100e-02
  -1.0526900e+00  -7.5553200e-01
  -3.7507200e-01  -1.2494800e+00
   4.2231600e-01  -1.2203500e+00
   1.0020300e+00  -7.3511900e-01
   1.1596800e+00  -4.1407100e-02
   8.8584000e-01   5.6369700e-01
   3.4640200e-01   8.5813300e-01
  -2.1089700e-01   7.7374400e-01
  -5.6540400e-01   4.0323900e-01
  -6.0934300e-01  -5.6976000e-02
  -3.8061800e-01  -4.0004700e-01
  -3.2103100e-02  -4.9890500e-01
   2.4603100e-01  -3.5813300e-01
   3.2122300e-01  -1.0575700e-01
   1.8629800e-01   7.6166900e-02
  -3.3172900e-02   5.1434400e-02
  -1.4389000e-01  -1.8703200e-01
   5.9818000e-03  -4.9786100e-01
   4.2778100e-01  -6.5546000e-01
   9.6096800e-01  -4.7053900e-01
   1.3360100e+00   9.2097800e-02
   1.3095700e+00   8.6953600e-01
   7.9517500e-01   1.5593700e+00
  -7.2611100e-02   1.8594100e+00
  -9.8882000e-01   1.6189100e+00
  -1.6168000e+00   9.1330800e-01
  -1.7462200e+00   9.6294100e-03
  -1.3790100e+00  -7.6038600e-01
  -7.1471800e-01  -1.1542000e+00
  -4.1180900e-02  -1.1114200e+00
   4.0584100e-01  -7.5686700e-01
   5.3298200e-01  -3.0709000e-01
   3.9715000e-01   3.9750800e-02
   1.4258600e-01   1.8480700e-01
  -8.6525200e-02   1.4007400e-01
  -2.0567800e-01  -1.4555300e-02
  -2.0043600e-01  -1.9002400e-01
  -9.9192800e-02  -3.2571100e-01
   6.0278100e-02  -3.9346600e-01
   2.4594800e-01  -3.8102500e-01
   4.2704800e-01  -2.7952600e-01
   5.6301500e-01  -8.7282800e-02
   6.0578400e-01   1.7633800e-01
   5.1646000e-01   4.6190100e-01
   2.8724800e-01   6.9811900e-01
  -4.8642300e-02   8.1566300e-01
  -4.2530500e-01   7.7122300e-01
  -7.6515900e-01   5.5809000e-01
  -9.9712500e-01   2.0407400e-01
  -1.0672900e+00  -2.3882700e-01
  -9.4200000e-01  -6.9978400e-01
  -6.1477900e-01  -1.0912800e+00
  -1.2117400e-01  -1.3200500e+00
   4.5231600e-01  -1.3061100e+00
   9.7482100e-01  -1.0240800e+00
   1.3082000e+00  -5.2625600e-01
   1.3629700e+00   5.6906100e-02
   1.1458300e+00   5.6218200e-01
   7.5656400e-01   8.6400600e-01
   3.4759300e-01   9.2901700e-01
   4.5934700e-02   8.2549400e-01
  -1.0647900e-01   6.7628500e-01
  -1.6236400e-01   5.8341100e-01
  -2.2110500e-01   5.6929300e-01
  -3.5450700e-01   5.7188200e-01
  -5.5434500e-01   4.9659900e-01
  -7.3510400e-01   2.8858400e-01
  -7.9080600e-01  -2.0661700e-02
  -6.6729200e-01  -3.2500200e-01
  -4.0293100e-01  -5.0446600e-01
  -1.1103500e-01  -4.9781400e-01
   8.3950900e-02  -3.3768400e-01
   1.1506500e-01  -1.3049000e-01
   5.7115300e-03   5.3454100e-03
  -1.5194200e-01   4.0876900e-03
  -2.5337100e-01  -1.2014000e-01
  -2.3749400e-01  -2.9242700e-01
  -1.0898900e-01  -4.2548800e-01
   7.7728200e-02  -4.6400500e-01
   2.5612200e-01  -4.0144100e-01
   3.7881800e-01  -2.6751500e-01
   4.2806300e-01  -1.0297100e-01
   4.0701200e-01   5.7996900e-02
   3.2730900e-01   1.9128300e-01
   2.0459600e-01   2.7767400e-01
   6.1656500e-02   3.0276900e-01
  -7.0699700e-02   2.6314600e-01
  -1.6226500e-01   1.7457700e-01
  -1.9845300e-01   6.8655200e-02
  -1.8996800e-01  -2.3321000e-02
  -1.6350700e-01  -9.0624200e-02
  -1.3924200e-01  -1.4887000e-01
  -1.0895700e-01  -2.2357600e-01
  -3.7095400e-02  -3.2009800e-01
   1.1224300e-01  -4.0283700e-01
   3.3672800e-01  -4.0406900e-01
   5.7519200e-01  -2.6444100e-01
   7.2622300e-01   1.9490300e-02
   6.9979900e-01   3.7398300e-01
   4.7500000e-01   6.7300600e-01
   1.2252000e-01   8.0097400e-01
  -2.2427400e-01   7.1638100e-01
  -4.3797800e-01   4.7679300e-01
  -4.6440700e-01   2.0760500e-01
  -3.4731100e-01   3.2132700e-02
  -1.9743300e-01   5.4749100e-03
  -1.2468000e-01   9.1221400e-02
  -1.7621000e-01   1.9208200e-01
  -3.1790000e-01   2.1339800e-01
  -4.6371800e-01   1.1634600e-01
  -5.3210500e-01  -6.7486900e-02
  -4.9023000e-01  -2.6561700e-01
  -3.6159700e-01  -4.1105800e-01
  -1.9960600e-01  -4.7631200e-01
  -5.0337200e-02  -4.7456800e-01
   6.8698500e-02  -4.3528300e-01
   1.6366600e-01  -3.7836600e-01
   2.4266500e-01  -3.0469300e-01
   3.0003700e-01  -2.0781100e-01
   3.1798000e-01  -9.2444700e-02
   2.8436300e-01   1.8440300e-02
   2.0684800e-01   9.4656400e-02
   1.1369600e-01   1.1777900e-01
   3.7364900e-02   9.3546000e-02
  -4.7521500e-03   4.5416600e-02
  -1.6180700e-02  -3.3853600e-03
  -1.0727900e-02  -4.4965500e-02
   5.5048200e-03  -8.5357900e-02
   4.1730900e-02  -1.2840900e-01
   1.1192400e-01  -1.6048300e-01
   2.1327500e-01  -1.5112100e-01
   3.1385300e-01  -7.4928600e-02
   3.6342400e-01   6.2844500e-02
   3.2451300e-01   2.1678800e-01
   2.0283300e-01   3.2145600e-01
   5.3005100e-02   3.3175200e-01
  -5.0990900e-02   2.5548900e-01
  -6.2360200e-02   1.5464200e-01
   4.5573200e-03   1.0797800e-01
   7.8515100e-02   1.5941400e-01
   7.5616200e-02   2.8451000e-01
  -4.4883900e-02   4.0054000e-01
  -2.4946200e-01   4.1660100e-01
  -4.4544900e-01   2.9146800e-01
  -5.3507800e-01   6.2245000e-02
  -4.7401800e-01  -1.7483900e-01
  -2.9660900e-01  -3.2026700e-01
  -9.4268400e-02  -3.2784400e-01
   3.9863300e-02  -2.2633100e-01
   6.2489300e-02  -9.6129100e-02
  -2.2564100e-03  -1.7833500e-02
  -8.6064100e-02  -2.7403700e-02
  -1.2241900e-01  -1.0267400e-01
  -8.3888100e-02  -1.8612200e-01
   9.5170500e-03  -2.2354000e-01
   1.1057500e-01  -1.9246200e-01
   1.7488500e-01  -1.0709300e-01
   1.8059000e-01  -1.7544700e-03
   1.3004000e-01   8.9061500e-02
   3.9503000e-02   1.4107000e-01
  -6.9179100e-02   1.4047600e-01
  -1.7026700e-01   8.0461200e-02
  -2.3255500e-01  -3.4194300e-02
  -2.2469600e-01  -1.8004500e-01
  -1.3082600e-01  -3.1198100e-01
   3.1857600e-02  -3.7672500e-01
   2.1089600e-01  -3.3922500e-01
   3.3788300e-01  -2.0777400e-01
   3.6490600e-01  -3.6369200e-02
   2.9331600e-01   1.0051300e-01
   1.7626400e-01   1.5070200e-01
   8.7225700e-02   1.1545000e-01
   7.3721100e-02   4.8089200e-02
   1.2793700e-01   1.8310800e-02
   1.9187200e-01   6.4463000e-02
   1.9919200e-01   1.6652200e-01
   1.2204400e-01   2.5905500e-01
  -5.8677700e-03   2.7683100e-01
  -1.1022100e-01   2.0227000e-01
  -1.2606900e-01   8.1900100e-02
  -4.4537400e-02  -9.0002100e-04
   7.6201100e-02   1.9691600e-02
   1.4403200e-01   1.4655100e-01
   8.9709300e-02   3.1285900e-01
  -8.9021100e-02   4.1875500e-01
  -3.2331300e-01   3.8893900e-01
  -5.1040000e-01   2.1405900e-01
  -5.6873200e-01  -4.5126700e-02
  -4.7579100e-01  -2.9307100e-01
  -2.7325900e-01  -4.4687500e-01
  -3.7552100e-02  -4.7067000e-01
   1.5797000e-01  -3.8020500e-01
   2.6943300e-01  -2.2276800e-01
   2.8726300e-01  -5.1601200e-02
   2.2642400e-01   9.0795600e-02
   1.1369100e-01   1.7657400e-01
  -1.7691000e-02   1.9197500e-01
  -1.3085600e-01   1.3833500e-01
  -1.9183300e-01   3.6551700e-02
  -1.8351300e-01  -7.3874600e-02
  -1.1757000e-01  -1.4864100e-01
  -3.4252300e-02  -1.6134400e-01
   1.7738500e-02  -1.2224700e-01
   1.1847000e-02  -7.5462700e-02
  -3.5349000e-02  -7.2656000e-02
  -7.0000900e-02  -1.3646000e-01
  -3.4660900e-02  -2.3855500e-01
   9.0106400e-02  -3.1087800e-01
   2.6435600e-01  -2.8640200e-01
   4.0576300e-01  -1.4515700e-01
   4.3632000e-01   6.5919400e-02
   3.3225700e-01   2.5416700e-01
   1.4239000e-01   3.3408000e-01
  -3.7285800e-02   2.7791800e-01
  -1.1891200e-01   1.3324700e-01
  -7.3620500e-02  -6.1722900e-03
   5.3970900e-02  -5.5013700e-02
   1.7473800e-01   1.4875800e-02
   2.0847500e-01   1.6236500e-01
   1.2776500e-01   3.0567100e-01
  -3.2665500e-02   3.7131700e-01
  -2.0279400e-01   3.3126200e-01
  -3.1851400e-01   2.0980700e-01
  -3.5240800e-01   5.9648100e-02
  -3.1545100e-01  -7.0628200e-02
  -2.3884700e-01  -1.5705900e-01
  -1.5067100e-01  -1.9944600e-01
  -6.6116300e-02  -2.0698300e-01
   8.0280100e-03  -1.8623500e-01
   6.3694300e-02  -1.4080300e-01
   8.9428300e-02  -7.9315100e-02
   7.8750500e-02  -2.0763300e-02
   4.0669100e-02   1.2203700e-02
   2.3032700e-04   8.3613600e-03
  -1.5454100e-02  -2.0918200e-02
   3.2151100e-03  -4.6302700e-02
   3.8708800e-02  -4.0655000e-02
   5.6863900e-02  -8.6991700e-04
   3.2270000e-02   4.6075700e-02
  -2.9410600e-02   5.9871900e-02
  -9.0121700e-02   1.6912900e-02
  -1.0294800e-01  -6.8279800e-02
  -4.5526400e-02  -1.4722400e-01
   6.0157000e-02  -1.6710000e-01
   1.5762300e-01  -1.0659000e-01
   1.9039300e-01   7.0345200e-03
   1.3869200e-01   1.1285800e-01
   3.2969600e-02   1.5418400e-01
  -6.5416100e-02   1.1418500e-01
  -1.0363100e-01   2.5080700e-02
  -6.9948700e-02  -5.4994000e-02
   2.2663600e-03  -8.0984200e-02
   6.0808700e-02  -4.8735100e-02
   7.1686400e-02   7.0939200e-03
   4.0501000e-02   4.1843000e-02
   3.9662400e-03   3.4610100e-02
  -9.8308700e-04   2.4929600e-03
   3.2917400e-02  -1.4423300e-02
   7.6346600e-02   1.4350600e-02
   8.4457800e-02   8.3993300e-02
   3.0343400e-02   1.5403200e-01
  -7.2932500e-02   1.7409700e-01
  -1.7736600e-01   1.1740600e-01
  -2.2811800e-01  -5.7783900e-04
  -1.9580800e-01  -1.3028300e-01
  -9.2086300e-02  -2.1622700e-01
   3.9754000e-02  -2.2553000e-01
   1.4885800e-01  -1.6074700e-01
   2.0094900e-01  -5.2147400e-02
   1.8671600e-01   6.1394400e-02
   1.1685600e-01   1.4693300e-01
   1.2967400e-02   1.8280800e-01
  -9.7925300e-02   1.5669900e-01
  -1.8248600e-01   6.7466700e-02
  -2.0361800e-01  -6.7875200e-02
  -1.3343800e-01  -2.0698600e-01
   2.6013000e-02  -2.8796000e-01
   2.2789300e-01  -2.5362000e-01
   3.8861900e-01  -8.5808500e-02
   4.2199500e-01   1.7177400e-01
   2.8503500e-01   4.2122600e-01
   9.4639400e-03   5.5180300e-01
  -3.0441600e-01   4.9470300e-01
  -5.3121400e-01   2.6213000e-01
  -5.8188400e-01  -5.6018300e-02
  -4.4572800e-01  -3.3490000e-01
  -1.9233800e-01  -4.7601900e-01
   6.9080800e-02  -4.5006400e-01
   2.4498400e-01  -3.0172500e-01
   2.9728700e-01  -1.1459500e-01
   2.4854800e-01   3.5764100e-02
   1.5336300e-01   1.1407000e-01
   6.2184200e-02   1.2843200e-01
  -1.8310000e-03   1.0794900e-01
  -4.1034900e-02   7.6892100e-02
  -6.5909400e-02   4.2761500e-02
  -7.9345000e-02   2.6686200e-03
  -7.4692500e-02  -4.2767500e-02
  -4.6372500e-02  -8.2420700e-02
  -6.1142700e-04  -1.0085700e-01
   4.4819600e-02  -9.1579000e-02
   7.2680400e-02  -6.4060100e-02
   7.9851800e-02  -3.7328200e-02
   7.9803700e-02  -2.4147400e-02
   9.0473800e-02  -1.9270200e-02
   1.1636400e-01  -2.6487600e-03
   1.4036600e-01   4.2989500e-02
   1.3341100e-01   1.1352000e-01
   7.6975200e-02   1.7948300e-01
  -1.8302900e-02   2.0237500e-01
  -1.1334500e-01   1.6113200e-01
  -1.6251700e-01   6.9987700e-02
  -1.4302100e-01  -2.6674300e-02
  -7.0804900e-02  -8.0637200e-02
   8.6320700e-03  -7.0030600e-02
   4.9443400e-02  -1.2389500e-02
   3.4336200e-02   4.8672000e-02
  -1.6661700e-02   7.3750400e-02
  -6.3358100e-02   5.3470900e-02
  -7.5628600e-02   1.1764300e-02
  -5.4623600e-02  -1.5104000e-02
  -2.9664500e-02  -7.8453500e-03
  -3.3551400e-02   2.0370200e-02
  -7.4967100e-02   3.3425100e-02
  -1.2861400e-01   3.3018500e-04
  -1.5102400e-01  -7.9120600e-02
  -1.1090800e-01  -1.6992300e-01
  -1.2683500e-02  -2.2243300e-01
   1.0371900e-01  -2.0393900e-01
   1.8642400e-01  -1.1931000e-01
   2.0231800e-01  -7.3757400e-03
   1.5422200e-01   8.3633100e-02
   7.4474100e-02   1.2370000e-01
   1.6147700e-03   1.1354600e-01
  -4.2005500e-02   7.6089800e-02
  -5.7205400e-02   3.5942800e-02
  -5.7200800e-02   3.7236700e-03
  -5.1071900e-02  -2.4118200e-02
  -3.5873000e-02  -5.2829600e-02
  -3.2653600e-03  -7.6988100e-02
   4.6278200e-02  -8.0600300e-02
   9.5614100e-02  -5.0120200e-02
   1.1827300e-01   1.0217700e-02
   9.6769000e-02   7.4934800e-02
   3.8211600e-02   1.1089800e-01
  -2.6775800e-02   9.9465100e-02
  -6.2616500e-02   5.0740300e-02
  -5.2813600e-02  -1.7735500e-03
  -1.1602500e-02  -2.3720100e-02
   2.5976700e-02  -3.8412000e-03
   2.9317300e-02   3.8185400e-02
  -5.3334000e-03   6.6371300e-02
  -5.2013300e-02   5.5382400e-02
  -7.4198400e-02   1.0038700e-02
  -5.2482600e-02  -3.7202300e-02
  -4.9237400e-04  -4.9643300e-02
   4.3273200e-02  -1.3953300e-02
   4.2260500e-02   4.8166500e-02
  -1.1482100e-02   9.3180500e-02
  -8.9882800e-02   8.4910400e-02
  -1.4633800e-01   1.9443300e-02
  -1.4573100e-01  -7.1793000e-02
  -8.6538100e-02  -1.4223900e-01
  -6.2831500e-05  -1.5961500e-01
   7.1388400e-02  -1.2401400e-01
   1.0127400e-01  -6.3470200e-02
   9.1916600e-02  -1.2127400e-02
   6.6648600e-02   1.2488100e-02
   4.8884000e-02   1.6585700e-02
   4.4936700e-02   1.9054100e-02
   4.3138700e-02   3.2210700e-02
   2.8050200e-02   5.0863900e-02
  -2.9037100e-03   5.7738800e-02
  -3.4732900e-02   4.0010400e-02
  -4.5862100e-02   2.9581100e-03
  -2.6284500e-02  -3.1224200e-02
   1.2379100e-02  -3.9210500e-02
   4.3562800e-02  -1.4763900e-02
   4.4837200e-02   2.5204500e-02
   1.4923700e-02   5.2176100e-02
  -2.4782900e-02   4.6972900e-02
  -4.5894800e-02   1.4206000e-02
  -3.4421800e-02  -2.1093100e-02
  -1.4708200e-03  -3.2558200e-02
   2.5209100e-02  -1.2958100e-02
   2.2859900e-02   1.9735000e-02
  -7.8129500e-03   3.5825400e-02
  -4.1845500e-02   1.7253800e-02
  -4.8150800e-02  -2.6945000e-02
  -1.3614300e-02  -6.5078800e-02
   4.4851100e-02  -6.5084700e-02
   9.0025500e-02  -1.8440600e-02
   8.9531400e-02   5.1713500e-02
   3.8700400e-02   1.0469200e-01
  -3.5367400e-02   1.0922100e-01
  -9.1555000e-02   6.4012200e-02
  -1.0178400e-01  -2.2861800e-03
  -6.8327100e-02  -5.1281300e-02
  -1.9697200e-02  -6.0610800e-02
   1.1097300e-02  -3.6903700e-02
   9.4407300e-03  -7.7101600e-03
  -1.2802800e-02   6.6807100e-04
  -2.9234400e-02  -1.7607900e-02
  -2.0519100e-02  -4.5397100e-02
   1.0891100e-02  -5.7617100e-02
   4.3582800e-02  -4.1498600e-02
   5.4577900e-02  -6.3911600e-03
   3.7334500e-02   2.3975100e-02
   6.3747500e-03   3.0178300e-02
  -1.4532500e-02   1.1845400e-02
  -1.1157500e-02  -1.2767000e-02
   1.0470700e-02  -2.1998500e-02
   2.9695500e-02  -8.2030100e-03
   2.8531700e-02   1.6244500e-02
   6.8454200e-03   2.9356800e-02
  -1.6968400e-02   1.8102200e-02
  -2.0689900e-02  -9.7563000e-03
   2.8694400e-03  -3.0368500e-02
   3.8053700e-02  -2.2329100e-02
   5.6456100e-02   1.5354900e-02
   3.8114800e-02   5.9717500e-02
  -1.1900200e-02   7.8775800e-02
  -6.4519500e-02   5.4571700e-02
  -8.5705900e-02  -2.5027500e-03
  -6.0010000e-02  -5.9218300e-02
  -1.9954500e-03  -8.1393200e-02
   5.3269400e-02  -5.6842700e-02
   7.3795200e-02  -3.1647900e-03
   5.1660300e-02   4.5142900e-02
   6.6571700e-03   6.0714900e-02
  -2.9402100e-02   4.0994500e-02
  -3.5752400e-02   7.4945300e-03
  -1.6218600e-02  -1.2085800e-02
   6.1956400e-03  -4.9041000e-03
   8.6190400e-03   1.8451600e-02
  -1.3497300e-02   3.3756400e-02
  -4.3207100e-02   2.3199700e-02
  -5.5729700e-02  -1.0028900e-02
  -3.8396200e-02  -4.3790200e-02
  -1.1343800e-03  -5.3946500e-02
   3.0486900e-02  -3.3137000e-02
   3.4409900e-02   3.0923200e-03
   8.8317500e-03   2.7583800e-02
  -2.6212200e-02   2.1736300e-02
  -4.3656800e-02  -1.0647700e-02
  -2.9413100e-02  -4.6296900e-02
   7.4646600e-03  -5.9862900e-02
   4.2018900e-02  -4.2544200e-02
   5.2290900e-02  -7.9696000e-03
   3.5485100e-02   1.8917800e-02
   9.1447600e-03   2.1238400e-02
  -3.3269400e-03   2.8858000e-03
   8.5901700e-03  -1.5147300e-02
   3.3914200e-02  -1.1921200e-02
   4.8580200e-02   1.6144100e-02
   3.4594700e-02   5.1298900e-02
  -5.0800900e-03   6.7220700e-02
  -4.7206700e-02   4.9066400e-02
  -6.4570800e-02   5.3744900e-03
  -4.5896500e-02  -3.7039500e-02
  -4.3406900e-03  -5.2057900e-02
   3.1896700e-02  -3.2885500e-02
   3.9967600e-02   3.4914200e-03
   1.8629300e-02   2.9351200e-02
  -1.1704900e-02   2.6968400e-02
  -2.5084300e-02   1.5430000e-03
  -1.0053600e-02  -2.3344400e-02
   2.1451900e-02  -2.4218400e-02
   4.3094200e-02   3.8091400e-03
   3.4257200e-02   4.2597800e-02
  -3.8652900e-03   6.3961000e-02
  -4.8277900e-02   5.0448200e-02
  -7.0435700e-02   8.4622300e-03
  -5.6615100e-02  -3.6074800e-02
  -1.7536200e-02  -5.6216400e-02
   2.0030500e-02  -4.2882300e-02
   3.2770100e-02  -1.0343900e-02
   1.7222800e-02   1.5443300e-02
  -9.1598300e-03   1.6525000e-02
  -2.2502200e-02  -4.2129000e-03
  -1.1232500e-02  -2.6490700e-02
   1.5254900e-02  -2.9286200e-02
   3.4413900e-02  -7.7120800e-03
   2.8577000e-02   2.2858600e-02
  -7.4060700e-04   3.8531600e-02
  -3.3332400e-02   2.5420800e-02
  -4.5243800e-02  -9.2508200e-03
  -2.6799500e-02  -4.2040600e-02
   9.9923600e-03  -5.0478100e-02
   4.0283600e-02  -2.9561800e-02
   4.4768500e-02   4.8747900e-03
   2.3656100e-02   2.8445300e-02
  -4.2974900e-03   2.6639700e-02
  -1.6787600e-02   5.3703700e-03
  -5.4151800e-03  -1.4364700e-02
   1.7881500e-02  -1.3524500e-02
   3.0406100e-02   9.4428400e-03
   1.7001500e-02   3.6667800e-02
  -1.7035800e-02   4.4288700e-02
  -4.8606100e-02   2.1224800e-02
  -5.3459300e-02  -2.1098400e-02
  -2.4535500e-02  -5.5737900e-02
   2.1838700e-02  -5.9184500e-02
   5.6778500e-02  -2.8367200e-02
   5.9014400e-02   1.6894400e-02
   2.9629100e-02   4.7910900e-02
  -9.3729000e-03   4.7305200e-02
  -3.1442800e-02   2.0652200e-02
  -2.4600500e-02  -8.8248200e-03
   7.6550000e-04  -1.8185900e-02
   2.0873500e-02  -1.8150000e-03
   1.7249000e-02   2.5056300e-02
  -9.1482200e-03   3.8687900e-02
  -3.8813000e-02   2.5381900e-02
  -4.8773600e-02  -7.8139400e-03
  -3.0206300e-02  -3.8302100e-02
   4.7173300e-03  -4.4932200e-02
   3.1904900e-02  -2.3836700e-02
   3.3288700e-02   8.8058600e-03
   1.0089300e-02   2.9081300e-02
  -1.8566000e-02   2.3238500e-02
  -3.0454200e-02  -2.3612300e-03
  -1.7057000e-02  -2.6651000e-02
   1.0313500e-02  -3.0305000e-02
   2.9671500e-02  -1.0570000e-02
   2.5565700e-02   1.6834600e-02
   1.1257500e-03   3.0101600e-02
  -2.4342900e-02   1.8423400e-02
  -3.0343300e-02  -9.3845100e-03
  -1.1248300e-02  -3.1441300e-02
   1.8910900e-02  -2.9588000e-02
   3.6787300e-02  -3.6276500e-03
   2.7428700e-02   2.7974800e-02
  -4.0664800e-03   4.1618600e-02
  -3.5906700e-02   2.6241200e-02
  -4.5580500e-02  -8.2157200e-03
  -2.6513100e-02  -3.8022300e-02
   7.1319700e-03  -4.3205500e-02
   3.1167100e-02  -2.2254400e-02
   2.9548500e-02   7.0469600e-03
   6.3373000e-03   2.1336900e-02
  -1.7581400e-02   9.5724100e-03
  -2.0577500e-02  -1.8427600e-02
   2.9447300e-03  -3.9203800e-02
   3.7763800e-02  -3.3417100e-02
   5.8690000e-02  -7.2704700e-04
   4.9106600e-02   3.9301600e-02
   1.3324900e-02   6.1063800e-02
  -2.6317700e-02   5.1255800e-02
  -4.5495800e-02   1.8191700e-02
  -3.5077200e-02  -1.4701200e-02
  -6.8951100e-03  -2.6114900e-02
   1.5934300e-02  -1.1978700e-02
   1.6529700e-02   1.2684100e-02
  -3.5836300e-03   2.6092100e-02
  -2.6593500e-02   1.6599600e-02
  -3.2816500e-02  -8.6710800e-03
  -1.6140700e-02  -2.9837600e-02
   1.1268700e-02  -3.0023300e-02
   2.8519800e-02  -8.6328600e-03
   2.2291300e-02   1.8049300e-02
  -2.7015100e-03   2.9362700e-02
  -2.7131600e-02   1.6238300e-02
  -3.1800300e-02  -1.1653100e-02
  -1.2383100e-02  -3.3099400e-02
   1.7067800e-02  -3.1440700e-02
   3.4662500e-02  -7.3266700e-03
   2.7229700e-02   2.1652300e-02
   3.3013900e-04   3.4211700e-02
  -2.5937200e-02   2.1471800e-02
  -3.2190900e-02  -6.3447300e-03
  -1.4499200e-02  -2.7746000e-02
   1.2637200e-02  -2.6427700e-02
   2.7402000e-02  -3.8437500e-03
   1.7481200e-02   2.1750400e-02
  -1.0189700e-02   2.9153300e-02
  -3.4290900e-02   1.0613300e-02
  -3.5106100e-02  -2.1772600e-02
  -9.6294700e-03  -4.4580600e-02
   2.5590000e-02  -4.0365200e-02
   4.6210400e-02  -1.0815500e-02
   3.7848900e-02   2.4079300e-02
   6.6648300e-03   4.0382800e-02
  -2.5062400e-02   2.7503500e-02
  -3.5099400e-02  -4.3045800e-03
  -1.7193400e-02  -3.1653500e-02
   1.4846800e-02  -3.5144200e-02
   3.7728500e-02  -1.3141300e-02
   3.5832800e-02   1.7740200e-02
   1.2160400e-02   3.5521000e-02
  -1.4823200e-02   2.9143900e-02
  -2.5611500e-02   6.0363600e-03
  -1.4299800e-02  -1.4448700e-02
   7.6096800e-03  -1.6306900e-02
   2.0809600e-02   9.0740500e-04
   1.3518200e-02   2.2167100e-02
  -9.3391100e-03   2.9084200e-02
  -3.0035800e-02   1.4472600e-02
  -3.1957000e-02  -1.1868800e-02
  -1.2666400e-02  -3.0630400e-02
   1.4006500e-02  -2.7909900e-02
   2.8500400e-02  -6.0407200e-03
   2.0594300e-02   1.8089900e-02
  -2.6283600e-03   2.6031600e-02
  -2.2167700e-02   1.2125100e-02
  -2.1857200e-02  -1.1880800e-02
  -1.2039400e-03  -2.5706400e-02
   2.3651100e-02  -1.6293300e-02
   3.1872500e-02   1.1523800e-02
   1.3965400e-02   3.7784300e-02
  -2.0256000e-02   4.1861500e-02
  -4.8012700e-02   1.7979000e-02
  -4.9776400e-02  -1.9870200e-02
  -2.3507600e-02  -4.7436600e-02
   1.3640300e-02  -4.7362600e-02
   3.7517800e-02  -2.1382800e-02
   3.4042700e-02   1.1253700e-02
   8.8021600e-03   2.7941900e-02
  -1.7801300e-02   1.8884900e-02
  -2.5920700e-02  -6.5390100e-03
  -1.0650000e-02  -2.7594500e-02
   1.5111100e-02  -2.8056100e-02
   3.1121900e-02  -8.1210300e-03
   2.5382800e-02   1.6391300e-02
   3.0170500e-03   2.6603000e-02
  -1.8079400e-02   1.5139200e-02
  -2.1273100e-02  -8.3951500e-03
  -4.0123400e-03  -2.5030400e-02
   2.0285300e-02  -2.1155800e-02
   3.2633500e-02   9.9258399e-04
   2.3095600e-02   2.5060700e-02
  -1.5871800e-03   3.3133300e-02
  -2.3176400e-02   1.9452200e-02
  -2.5916900e-02  -5.2154800e-03
  -8.5840100e-03  -2.1874700e-02
   1.4629000e-02  -1.7931500e-02
   2.5085500e-02   3.1255800e-03
   1.4140100e-02   2.4371700e-02
  -1.0044100e-02   2.8519700e-02
  -2.8598900e-02   1.1402400e-02
  -2.6426900e-02  -1.4464000e-02
  -4.0548400e-03  -2.9123400e-02
   2.2245400e-02  -2.0336100e-02
   3.2350300e-02   6.7902400e-03
   1.7359800e-02   3.3095500e-02
  -1.3470100e-02   3.9276300e-02
  -3.9223300e-02   2.0095100e-02
  -4.2479800e-02  -1.1733100e-02
  -2.1890000e-02  -3.4848700e-02
   7.1652400e-03  -3.4825300e-02
   2.4219100e-02  -1.4409900e-02
   1.8873500e-02   9.1183399e-03
  -1.8770400e-03   1.7340400e-02
  -1.9527600e-02   4.6509700e-03
  -1.8551300e-02  -1.7763000e-02
   1.5513600e-03  -3.0775000e-02
   2.5768100e-02  -2.2256300e-02
   3.5011300e-02   3.3004500e-03
   2.0822900e-02   2.7791700e-02
  -7.8090000e-03   3.2942200e-02
  -3.0719300e-02   1.4088800e-02
  -3.1280700e-02  -1.6050000e-02
  -8.6081699e-03  -3.6453300e-02
   2.1791700e-02  -3.2971300e-02
   3.9343000e-02  -8.3503499e-03
   3.3141400e-02   2.0200200e-02
   9.2987199e-03   3.3840500e-02
  -1.4377200e-02   2.5624800e-02
  -2.2030200e-02   4.6986800e-03
  -1.1215400e-02  -1.1594200e-02
   6.2611200e-03  -1.1387100e-02
   1.4418300e-02   2.9482900e-03
   6.0499800e-03   1.7392900e-02
  -1.1628500e-02   1.8067500e-02
  -2.3003800e-02   2.7813000e-03
  -1.6888100e-02  -1.6784200e-02
   3.8479500e-03  -2.4129100e-02
   2.3677200e-02  -1.1258100e-02
   2.6038600e-02   1.4119200e-02
   6.4744900e-03   3.3454100e-02
  -2.2941800e-02   3.0945600e-02
  -4.1605400e-02   5.8058000e-03
  -3.5275000e-02  -2.6229300e-02
  -6.7696600e-03  -4.3647500e-02
   2.5468100e-02  -3.4454900e-02
   4.0211900e-02  -4.8815700e-03
   2.8422700e-02   2.4992000e-02
  -6.0557100e-04   3.5471200e-02
  -2.6259500e-02   2.1048700e-02
  -3.1522600e-02  -6.3350300e-03
  -1.4815100e-02  -2.6598700e-02
   9.7610799e-03  -2.6325100e-02
   2.3601800e-02  -8.0689999e-03
   1.7561100e-02   1.2471200e-02
  -1.7086300e-03   1.8969000e-02
  -1.7584200e-02   6.9337500e-03
  -1.6636000e-02  -1.3254700e-02
   9.4979399e-04  -2.4752300e-02
   2.1688100e-02  -1.7518400e-02
   2.9370100e-02   3.8542300e-03
   1.7688500e-02   2.3680600e-02
  -4.8212300e-03   2.7307800e-02
  -2.1320100e-02   1.2453700e-02
  -1.9632600e-02  -8.9797599e-03
  -1.6874900e-03  -2.0026200e-02
   1.7857500e-02  -1.1756700e-02
   2.2822700e-02   9.6901999e-03
   8.0041799e-03   2.7603600e-02
  -1.6547100e-02   2.7342500e-02
  -3.2885400e-02   7.6331499e-03
  -2.8622200e-02  -1.8186800e-02
  -6.3495900e-03  -3.1944500e-02
   1.8138000e-02  -2.4158400e-02
   2.7537100e-02  -1.1067300e-03
   1.5881600e-02   1.9887700e-02
  -7.1271300e-03   2.3435800e-02
  -2.3548700e-02   7.5508399e-03
  -2.0779300e-02  -1.5017800e-02
  -1.0358500e-03  -2.6561600e-02
   2.0407300e-02  -1.7903700e-02
   2.6872400e-02   4.5953600e-03
   1.3019000e-02   2.3818200e-02
  -1.0969400e-02   2.4857600e-02
  -2.6934600e-02   6.3940400e-03
  -2.2388200e-02  -1.8106600e-02
   1.3504300e-05  -3.0315200e-02
   2.4262900e-02  -2.0668800e-02
   3.2756100e-02   4.4791900e-03
   1.9218300e-02   2.7506200e-02
  -6.8078200e-03   3.2447500e-02
  -2.7145000e-02   1.6541600e-02
  -2.8369800e-02  -8.1262399e-03
  -1.1375700e-02  -2.3933400e-02
   9.9135999e-03  -2.0837200e-02
   1.9465900e-02  -3.4315300e-03
   1.1280500e-02   1.3202100e-02
  -6.4399100e-03   1.5460600e-02
  -1.8091600e-02   1.7566900e-03
  -1.3082300e-02  -1.6395200e-02
   5.7432000e-03  -2.3500400e-02
   2.4138700e-02  -1.2317700e-02
   2.7393200e-02   1.0216700e-02
   1.1778800e-02   2.7970000e-02
  -1.2274900e-02   2.7768200e-02
  -2.7796700e-02   9.4696299e-03
  -2.3951200e-02  -1.3755800e-02
  -4.1851400e-03  -2.5201100e-02
   1.6367500e-02  -1.7118200e-02
   2.2294300e-02   3.5250100e-03
   9.5118299e-03   2.0397300e-02
  -1.1703000e-02   2.0230000e-02
  -2.4563400e-02   2.9177300e-03
  -1.8587600e-02  -1.8356700e-02
   2.3283700e-03  -2.7099300e-02
   2.2712700e-02  -1.6067500e-02
   2.7119500e-02   7.0866099e-03
   1.1825300e-02   2.5382800e-02
  -1.2218100e-02   2.5162800e-02
  -2.7409600e-02   6.3268400e-03
  -2.2530200e-02  -1.7498500e-02
  -1.0385100e-03  -2.9014200e-02
   2.1540700e-02  -1.9983600e-02
   2.9134800e-02   2.8325300e-03
   1.6895900e-02   2.2897000e-02
  -5.5223700e-03   2.6253200e-02
  -2.1496800e-02   1.1719100e-02
  -1.9986700e-02  -8.6602199e-03
  -3.6082100e-03  -1.9062500e-02
   1.3750900e-02  -1.1980700e-02
   1.7829400e-02   6.2215600e-03
   5.0104600e-03   2.0419700e-02
  -1.4898700e-02   1.8505700e-02
  -2.6219100e-02   8.1239999e-04
  -1.9453300e-02  -1.9994000e-02
   1.3277500e-03  -2.8465400e-02
   2.1411900e-02  -1.8090600e-02
   2.6461700e-02   3.7154400e-03
   1.3265400e-02   2.1146800e-02
  -7.9113399e-03   2.1860200e-02
  -2.1136100e-02   6.1723300e-03
  -1.6839900e-02  -1.3345800e-02
   1.0467400e-03  -2.1528200e-02
   1.8244600e-02  -1.2166900e-02
   2.1128300e-02   7.3067399e-03
   7.1995999e-03   2.1568700e-02
  -1.2945000e-02   1.9187100e-02
  -2.3665300e-02   1.4724400e-03
  -1.6243000e-02  -1.8353200e-02
   4.3235500e-03  -2.5100700e-02
   2.2893200e-02  -1.3151400e-02
   2.5494100e-02   9.1296799e-03
   9.8495599e-03   2.5505600e-02
  -1.2803500e-02   2.3943500e-02
  -2.6015200e-02   5.5975000e-03
  -2.0335600e-02  -1.6051800e-02
  -2.7217400e-04  -2.5237500e-02
   1.9168600e-02  -1.5599700e-02
   2.3743300e-02   5.2167600e-03
   1.0542200e-02   2.1457100e-02
  -1.0024000e-02   2.1140300e-02
  -2.2233500e-02   4.9715700e-03
  -1.6958300e-02  -1.4371400e-02
   1.5246800e-03  -2.1950800e-02
   1.8889900e-02  -1.1896900e-02
   2.1678500e-02   8.2043699e-03
   7.4791599e-03   2.3111200e-02
  -1.3293000e-02   2.1463500e-02
  -2.5299700e-02   4.3164400e-03
  -1.9830200e-02  -1.5744300e-02
  -1.2534500e-03  -2.4158100e-02
   1.6447000e-02  -1.5330600e-02
   2.0343900e-02   3.3259900e-03
   8.3132999e-03   1.7228000e-02
  -9.5497199e-03   1.5842800e-02
  -1.8832400e-02   7.0200799e-04
  -1.1969400e-02  -1.5873700e-02
   5.8773999e-03  -2.0339800e-02
   2.0736200e-02  -8.4615499e-03
   2.0550500e-02   1.1244300e-02
   4.5563700e-03   2.3842300e-02
  -1.5869100e-02   1.9315000e-02
  -2.5607700e-02   3.1620000e-04
  -1.7162300e-02  -1.9588600e-02
   3.6113700e-03  -2.5928300e-02
   2.1739500e-02  -1.4109500e-02
   2.4213200e-02   7.1515399e-03
   9.6105699e-03   2.2312000e-02
  -1.0950500e-02   2.0553700e-02
  -2.2189100e-02   3.7352000e-03
  -1.6069000e-02  -1.5171900e-02
   2.3257700e-03  -2.1931000e-02
   1.8809200e-02  -1.1712600e-02
   2.0891600e-02   7.4153999e-03
   7.1821899e-03   2.0745100e-02
  -1.1675200e-02   1.8133400e-02
  -2.1172400e-02   1.6645700e-03
  -1.3979600e-02  -1.5995200e-02
   4.5029600e-03  -2.1250800e-02
   2.0259500e-02  -9.8995399e-03
   2.1282300e-02   9.6883799e-03
   6.6486799e-03   2.2908300e-02
  -1.2806300e-02   1.9952200e-02
  -2.2695600e-02   3.1775400e-03
  -1.5931800e-02  -1.4734900e-02
   1.9880600e-03  -2.0408600e-02
   1.7220500e-02  -9.8633299e-03
   1.8109600e-02   8.5390499e-03
   4.0010500e-03   2.0508600e-02
  -1.4310000e-02   1.6698300e-02
  -2.2808200e-02  -2.1259600e-04
  -1.4904500e-02  -1.7569400e-02
   3.5708600e-03  -2.2351100e-02
   1.8796100e-02  -1.1039900e-02
   1.9434400e-02   7.7267299e-03
   5.2129400e-03   1.9712200e-02
  -1.2888300e-02   1.5871300e-02
  -2.0970200e-02  -8.0284999e-04
  -1.2752200e-02  -1.7554600e-02
   5.6644199e-03  -2.1529900e-02
   2.0401000e-02  -9.5142699e-03
   2.0290200e-02   9.6197999e-03
   5.3112599e-03   2.1597500e-02
  -1.3391700e-02   1.7500400e-02
  -2.1913800e-02   4.6826900e-04
  -1.4051800e-02  -1.6701900e-02
   4.0697100e-03  -2.1228400e-02
   1.8683700e-02  -9.9666499e-03
   1.8813300e-02   8.2757499e-03
   4.5583600e-03   1.9459700e-02
  -1.3014700e-02   1.4968900e-02
  -2.0274500e-02  -1.8597200e-03
  -1.1356300e-02  -1.8249400e-02
   7.3802999e-03  -2.1624200e-02
   2.2121800e-02  -9.0984399e-03
   2.1966300e-02   1.0358100e-02
   7.0837299e-03   2.2659000e-02
  -1.1487200e-02   1.9157200e-02
  -2.0191500e-02   3.0458000e-03
  -1.3135900e-02  -1.3182000e-02
   3.6017100e-03  -1.7256800e-02
   1.6707900e-02  -6.3827899e-03
   1.5819400e-02   1.0731700e-02
   1.3927200e-03   2.0587300e-02
  -1.5663100e-02   1.5200400e-02
  -2.2295200e-02  -1.7954100e-03
  -1.3230500e-02  -1.7873200e-02
   4.9952099e-03  -2.1076100e-02
   1.8943600e-02  -9.0461299e-03
   1.8384900e-02   9.2029299e-03
   3.9622700e-03   2.0088300e-02
  -1.3359100e-02   1.5670000e-02
  -2.0614400e-02  -4.4406500e-04
  -1.2605600e-02  -1.5937400e-02
   4.2688300e-03  -1.9173900e-02
   1.6982900e-02  -7.9998799e-03
   1.5847600e-02   8.6997399e-03
   1.8897000e-03   1.7845600e-02
  -1.3949200e-02   1.2187200e-02
  -1.9170600e-02  -4.1219400e-03
  -9.2950899e-03  -1.8619100e-02
   8.6311599e-03  -1.9985000e-02
   2.1268800e-02  -6.6790099e-03
   1.9019500e-02   1.1783900e-02
   3.2927000e-03   2.1898000e-02
  -1.4489900e-02   1.6266400e-02
  -2.1405600e-02  -8.7402099e-04
  -1.2655600e-02  -1.6849400e-02
   4.9307699e-03  -2.0045600e-02
   1.8118200e-02  -8.5496399e-03
   1.7243900e-02   8.5498399e-03
   3.4239100e-03   1.8133200e-02
  -1.2415800e-02   1.2994800e-02
  -1.7902200e-02  -2.7519700e-03
  -8.6193399e-03  -1.6858900e-02
   8.5504099e-03  -1.8265800e-02
   2.0644000e-02  -5.4949699e-03
   1.8418100e-02   1.2217400e-02
   3.3191400e-03   2.1881600e-02
  -1.3627700e-02   1.6517400e-02
  -2.0131300e-02   3.5198200e-04
  -1.1848700e-02  -1.4447700e-02
   4.4544000e-03  -1.6988000e-02
   1.6136400e-02  -5.8226199e-03
   1.4301400e-02   1.0077000e-02
   5.0387099e-04   1.8242600e-02
  -1.4516900e-02   1.2231200e-02
  -1.9079500e-02  -3.4823900e-03
  -9.4905099e-03  -1.6933900e-02
   7.1139799e-03  -1.7799600e-02
   1.8169800e-02  -5.2834899e-03
   1.5225900e-02   1.1226900e-02
   3.8384700e-04   1.9235500e-02
  -1.5241600e-02   1.2588400e-02
  -1.9889700e-02  -3.8569800e-03
  -1.0011600e-02  -1.7872100e-02
   7.0604799e-03  -1.9058200e-02
   1.8652300e-02  -6.6549699e-03
   1.6293000e-02   9.9338299e-03
   2.0586400e-03   1.8273000e-02
  -1.3062600e-02   1.2286300e-02
  -1.7529600e-02  -3.1943300e-03
  -7.9938599e-03  -1.6142800e-02
   8.1791599e-03  -1.6488200e-02
   1.8502600e-02  -3.7731500e-03
   1.4846200e-02   1.2467300e-02
  -3.7460400e-04   1.9888200e-02
  -1.5964100e-02   1.2652400e-02
  -2.0332900e-02  -4.1465100e-03
  -1.0177700e-02  -1.8278700e-02
   7.0696399e-03  -1.9515400e-02
   1.8842200e-02  -7.2259399e-03
   1.6838700e-02   9.2591299e-03
   3.1393900e-03   1.7745700e-02
  -1.1527800e-02   1.2336800e-02
  -1.5997900e-02  -2.2499900e-03
  -7.1156799e-03  -1.4417900e-02
   7.9691099e-03  -1.4593200e-02
   1.7342300e-02  -2.5175100e-03
   1.3458700e-02   1.2579300e-02
  -1.0751700e-03   1.9034400e-02
  -1.5445900e-02   1.1651000e-02
  -1.8821900e-02  -4.3068299e-03
  -8.5637399e-03  -1.7051200e-02
   7.7547399e-03  -1.7147400e-02
   1.8041000e-02  -4.6153499e-03
   1.4774000e-02   1.1112300e-02
   6.2049699e-04   1.8319800e-02
  -1.3648800e-02   1.1823100e-02
  -1.7341900e-02  -3.1930800e-03
  -7.9105599e-03  -1.5190100e-02
   7.1926899e-03  -1.5069300e-02
   1.6247000e-02  -3.0705400e-03
   1.2216000e-02   1.1448700e-02
  -1.8817000e-03   1.7168700e-02
  -1.5252400e-02   9.4538699e-03
  -1.7531400e-02  -6.0685699e-03
  -6.6869299e-03  -1.7723100e-02
   9.3667499e-03  -1.6610400e-02
   1.8685300e-02  -3.3690200e-03
   1.4280300e-02   1.2245700e-02
  -6.0384799e-04   1.8655700e-02
  -1.4904500e-02   1.1140400e-02
  -1.8026900e-02  -4.6361399e-03
  -7.7631199e-03  -1.6895700e-02
   8.1041899e-03  -1.6583700e-02
   1.7696300e-02  -4.1197599e-03
   1.3965000e-02   1.0997100e-02
  -6.6510599e-05   1.7393600e-02
  -1.3668900e-02   1.0379900e-02
  -1.6542900e-02  -4.5850199e-03
  -6.5704799e-03  -1.6087800e-02
   8.6547399e-03  -1.5407900e-02
   1.7624100e-02  -3.0691700e-03
   1.3617200e-02   1.1625600e-02
  -2.7304300e-04   1.7674500e-02
  -1.3553400e-02   1.0681900e-02
  -1.6314100e-02  -3.8890000e-03
  -6.6991299e-03  -1.4935700e-02
   7.7693399e-03  -1.4168100e-02
   1.5980900e-02  -2.3606000e-03
   1.1704400e-02   1.1312900e-02
  -1.6996800e-03   1.6324400e-02
  -1.3894600e-02   8.8301599e-03
  -1.5486500e-02  -5.4055599e-03
  -5.2195899e-03  -1.5425200e-02
   9.0396699e-03  -1.3459700e-02
   1.6279800e-02  -9.0416899e-04
   1.0754400e-02   1.2675000e-02
  -3.5676600e-03   1.6771000e-02
  -1.5910600e-02   7.9370999e-03
  -1.6794300e-02  -7.5060799e-03
  -5.2144599e-03  -1.8133600e-02
   1.0517100e-02  -1.5959900e-02
   1.8933300e-02  -2.4370700e-03
   1.3950800e-02   1.2604400e-02
  -6.2549999e-04   1.8281700e-02
  -1.3992300e-02   1.0740000e-02
  -1.6447000e-02  -4.0624499e-03
  -6.5901599e-03  -1.4923100e-02
   7.7554499e-03  -1.3839600e-02
   1.5549300e-02  -1.9636600e-03
   1.0891600e-02   1.1387800e-02
  -2.5701700e-03   1.5863900e-02
  -1.4479000e-02   7.9316099e-03
  -1.5657900e-02  -6.4814799e-03
  -5.0579099e-03  -1.6508500e-02
   9.4703499e-03  -1.4577900e-02
   1.7131700e-02  -2.1159800e-03
   1.2333000e-02   1.1572500e-02
  -1.1434300e-03   1.6359000e-02
  -1.3071800e-02   8.9246999e-03
  -1.4553600e-02  -4.8087699e-03
  -4.7328999e-03  -1.4251800e-02
   8.6353999e-03  -1.2219600e-02
   1.5147900e-02  -3.7350500e-04
   9.7046399e-03   1.2088700e-02
  -3.6040700e-03   1.5476700e-02
  -1.4610700e-02   7.0187199e-03
  -1.4823400e-02  -6.9928199e-03
  -3.9180299e-03  -1.5954000e-02
   9.9599399e-03  -1.2999500e-02
   1.6326600e-02  -2.4804500e-04
   1.0290600e-02   1.2743200e-02
  -3.7158899e-03   1.6157100e-02
  -1.5233600e-02   7.3148099e-03
  -1.5619100e-02  -7.2903199e-03
  -4.5241799e-03  -1.6856000e-02
   9.8615999e-03  -1.4362000e-02
   1.6980400e-02  -1.7927800e-03
   1.1811400e-02   1.1421000e-02
  -1.4311900e-03   1.5541900e-02
  -1.2574800e-02   7.8355799e-03
  -1.3225800e-02  -5.4516499e-03
  -3.1035000e-03  -1.3913800e-02
   9.8003199e-03  -1.0926300e-02
   1.5344100e-02   1.3145700e-03
   8.9751599e-03   1.3458000e-02
  -4.7706899e-03   1.6099300e-02
  -1.5659100e-02   6.9354399e-03
  -1.5469000e-02  -7.4404799e-03
  -4.2064399e-03  -1.6453500e-02
   9.8726399e-03  -1.3471800e-02
   1.6427300e-02  -7.6438499e-04
   1.0751300e-02   1.2221000e-02
  -2.7698800e-03   1.5940500e-02
  -1.4017800e-02   7.8558699e-03
  -1.4759600e-02  -5.7757099e-03
  -4.7547999e-03  -1.4715100e-02
   8.2065699e-03  -1.2474900e-02
   1.4307800e-02  -1.1241400e-03
   9.1495899e-03   1.0425100e-02
  -2.9965900e-03   1.3291600e-02
  -1.2560200e-02   5.3935699e-03
  -1.2047900e-02  -7.0198799e-03
  -1.7933800e-03  -1.4207500e-02
   1.0304500e-02  -1.0440100e-02
   1.4834700e-02   1.5714500e-03
   8.1090099e-03   1.2700300e-02
  -4.9469699e-03   1.4350400e-02
  -1.4468100e-02   5.0498799e-03
  -1.3120600e-02  -8.3371099e-03
  -1.7140400e-03  -1.5732600e-02
   1.1319200e-02  -1.1447600e-02
   1.6220100e-02   1.4760300e-03
   9.2368099e-03   1.3482900e-02
  -4.5196799e-03   1.5635100e-02
  -1.4865300e-02   6.3077199e-03
  -1.4139800e-02  -7.5900999e-03
  -2.9122300e-03  -1.5770200e-02
   1.0478100e-02  -1.2233100e-02
   1.6170800e-02   3.1044200e-04
   1.0119300e-02   1.2540200e-02
  -2.9845300e-03   1.5537400e-02
  -1.3341700e-02   7.4105899e-03
  -1.3447300e-02  -5.4269499e-03
  -3.6611199e-03  -1.3215800e-02
   8.2095699e-03  -1.0258000e-02
   1.2947400e-02   8.4593399e-04
   6.9464699e-03   1.1290800e-02
  -5.0913499e-03   1.2849800e-02
  -1.3801700e-02   4.1680999e-03
  -1.2343600e-02  -8.2122299e-03
  -1.6412200e-03  -1.4851000e-02
   1.0295000e-02  -1.0619000e-02
   1.4446700e-02   1.3697200e-03
   7.6441899e-03   1.2086600e-02
  -5.0014799e-03   1.3414900e-02
  -1.3939300e-02   4.2973199e-03
  -1.2383100e-02  -8.4479199e-03
  -1.4310300e-03  -1.5263200e-02
   1.0769200e-02  -1.1049600e-02
   1.5169300e-02   1.0103300e-03
   8.6300599e-03   1.1884500e-02
  -3.7530099e-03   1.3526200e-02
  -1.2547100e-02   4.9329999e-03
  -1.1141300e-02  -7.1424999e-03
  -7.4009499e-04  -1.3353600e-02
   1.0578500e-02  -8.8698199e-03
   1.4018000e-02   2.9509200e-03
   6.7611599e-03   1.3104200e-02
  -5.8611599e-03   1.3770300e-02
  -1.4374300e-02   4.2607299e-03
  -1.2313100e-02  -8.4168599e-03
  -1.1203100e-03  -1.4808200e-02
   1.0907400e-02  -1.0118300e-02
   1.4831800e-02   2.1823600e-03
   7.7629099e-03   1.2960700e-02
  -5.0027099e-03   1.4263900e-02
  -1.3986500e-02   5.2470699e-03
  -1.2637000e-02  -7.2578999e-03
  -2.1917800e-03  -1.3928500e-02
   9.3453799e-03  -9.9559398e-03
   1.3294500e-02   1.4093900e-03
   6.8337199e-03   1.1408000e-02
  -4.9462299e-03   1.2445900e-02
  -1.2981000e-02   3.8237899e-03
  -1.1142400e-02  -7.7986199e-03
  -8.7097199e-04  -1.3516500e-02
   9.9600398e-03  -8.9658499e-03
   1.3060700e-02   2.3698900e-03
   6.0357199e-03   1.1824900e-02
  -5.7943099e-03   1.2147300e-02
  -1.3434400e-02   3.0119000e-03
  -1.1040800e-02  -8.7274599e-03
  -3.5248199e-04  -1.4229800e-02
   1.0626500e-02  -9.3615399e-03
   1.3688000e-02   2.1816300e-03
   6.6290099e-03   1.1683400e-02
  -5.0953099e-03   1.2013200e-02
  -1.2518300e-02   3.0232200e-03
  -9.9653598e-03  -8.3484199e-03
   6.4007199e-04  -1.3344000e-02
   1.1226000e-02  -8.0317899e-03
   1.3680400e-02   3.6967099e-03
   5.9974999e-03   1.3047600e-02
  -6.1807099e-03   1.2955700e-02
  -1.3797000e-02   3.4199899e-03
  -1.1186400e-02  -8.4827999e-03
  -3.2936799e-04  -1.3909700e-02
   1.0648600e-02  -8.8835499e-03
   1.3587500e-02   2.7510800e-03
   6.4006099e-03   1.2255400e-02
  -5.4119299e-03   1.2579600e-02
  -1.2956300e-02   3.6320899e-03
  -1.0657100e-02  -7.7204799e-03
  -4.1802899e-04  -1.2889700e-02
   9.8849398e-03  -8.0561499e-03
   1.2406200e-02   2.9860200e-03
   5.2680199e-03   1.1758400e-02
  -6.0516699e-03   1.1551000e-02
  -1.2906500e-02   2.5063900e-03
  -1.0053000e-02  -8.5091899e-03
   3.7749199e-04  -1.3126200e-02
   1.0501400e-02  -7.8179699e-03
   1.2656100e-02   3.4319899e-03
   5.1936599e-03   1.2149400e-02
  -6.2850399e-03   1.1774600e-02
  -1.3174500e-02   2.6046400e-03
  -1.0361600e-02  -8.4596599e-03
  -5.8930699e-05  -1.3149100e-02
   9.9105598e-03  -8.0696399e-03
   1.2060200e-02   2.7679500e-03
   4.9023299e-03   1.1032600e-02
  -5.9565699e-03   1.0416200e-02
  -1.2102800e-02   1.4197900e-03
  -8.7253499e-03  -9.0355998e-03
   1.7186200e-03  -1.2874000e-02
   1.1349300e-02  -7.0069699e-03
   1.2829400e-02   4.2987699e-03
   4.9268699e-03   1.2622900e-02
  -6.5339599e-03   1.1739200e-02
  -1.3045800e-02   2.3120900e-03
  -9.8191798e-03  -8.6023299e-03
   6.2777599e-04  -1.2872000e-02
   1.0388900e-02  -7.4011499e-03
   1.2139000e-02   3.5678899e-03
   4.6436199e-03   1.1687300e-02
  -6.3436399e-03   1.0816500e-02
  -1.2455200e-02   1.6439500e-03
  -9.0375498e-03  -8.8590998e-03
   1.3462200e-03  -1.2723700e-02
   1.0870500e-02  -7.0017699e-03
   1.2364500e-02   4.0224999e-03
   4.7140899e-03   1.2082000e-02
  -6.3194099e-03   1.1165600e-02
  -1.2465500e-02   2.0303200e-03
  -9.1761998e-03  -8.4041799e-03
   9.7774498e-04  -1.2299300e-02
   1.0293800e-02  -6.7973999e-03
   1.1774700e-02   3.8680199e-03
   4.3919799e-03   1.1624700e-02
  -6.1945599e-03   1.0683900e-02
  -1.1975500e-02   1.8913200e-03
  -8.6753998e-03  -7.9726999e-03
   1.0314000e-03  -1.1385900e-02
   9.5988598e-03  -5.8125599e-03
   1.0380200e-02   4.3805899e-03
   2.7067600e-03   1.1264200e-02
  -7.5870299e-03   9.3974998e-03
  -1.2587300e-02  -4.0208899e-06
  -8.3159199e-03  -9.9495698e-03
   2.2182200e-03  -1.2943600e-02
   1.1252000e-02  -6.6538599e-03
   1.2101300e-02   4.3052999e-03
   4.1866299e-03   1.1827700e-02
  -6.5332299e-03   1.0399600e-02
  -1.2050700e-02   1.2253700e-03
  -8.3229798e-03  -8.7100698e-03
   1.7183100e-03  -1.1920900e-02
   1.0419400e-02  -6.0512399e-03
   1.1199700e-02   4.3861899e-03
   3.5071499e-03   1.1455800e-02
  -6.7975599e-03   9.8088498e-03
  -1.1898300e-02   7.1249499e-04
  -7.9377799e-03  -8.9335998e-03
   2.0815700e-03  -1.1829700e-02
   1.0586700e-02  -5.7913299e-03
   1.1166100e-02   4.6182399e-03
   3.4035799e-03   1.1554000e-02
  -6.8311899e-03   9.8188998e-03
  -1.1836000e-02   7.7078399e-04
  -7.8925899e-03  -8.7343898e-03
   1.9512000e-03  -1.1543000e-02
   1.0220500e-02  -5.6034299e-03
   1.0684500e-02   4.5140399e-03
   3.0600899e-03   1.1109500e-02
  -6.8028699e-03   9.1964798e-03
  -1.1378200e-02   2.6871799e-04
  -7.1735499e-03  -8.8508398e-03
   2.6283900e-03  -1.1193300e-02
   1.0589100e-02  -4.9260999e-03
   1.0649000e-02   5.2609099e-03
   2.7110699e-03   1.1707000e-02
  -7.2925499e-03   9.5697598e-03
  -1.1888400e-02   4.7468699e-04
  -7.7017799e-03  -8.7310298e-03
   2.0132000e-03  -1.1162300e-02
   9.8614798e-03  -5.0924199e-03
   9.9111298e-03   4.7665099e-03
   2.1749600e-03   1.0853900e-02
  -7.4162199e-03   8.4944398e-03
  -1.1519200e-02  -5.6399199e-04
  -6.9421199e-03  -9.4796498e-03
   2.9388599e-03  -1.1495800e-02
   1.0732000e-02  -5.0490199e-03
   1.0611500e-02   5.0529399e-03
   2.7059299e-03   1.1265000e-02
  -7.0132299e-03   8.9943498e-03
  -1.1251400e-02   4.7613599e-05
  -6.8914299e-03  -8.7600998e-03
   2.6779199e-03  -1.0768300e-02
   1.0150800e-02  -4.4963699e-03
   9.8400598e-03   5.2603699e-03
   1.9699100e-03   1.1078000e-02
  -7.5114099e-03   8.5236598e-03
  -1.1441100e-02  -5.0251499e-04
  -6.8539499e-03  -9.2185798e-03
   2.7920299e-03  -1.1093100e-02
   1.0247000e-02  -4.7700599e-03
   9.9521098e-03   4.9300499e-03
   2.2247100e-03   1.0676200e-02
  -7.0104999e-03   8.1726798e-03
  -1.0723900e-02  -6.1007299e-04
  -6.1012299e-03  -8.9511798e-03
   3.3415599e-03  -1.0480300e-02
   1.0434500e-02  -3.9973099e-03
   9.7846398e-03   5.6296899e-03
   1.8493200e-03   1.1154900e-02
  -7.4211699e-03   8.4305398e-03
  -1.1086500e-02  -4.7298699e-04
  -6.4509999e-03  -8.8501498e-03
   2.9255699e-03  -1.0434400e-02
   9.9454898e-03  -4.1182099e-03
   9.3483898e-03   5.2440599e-03
   1.6711600e-03   1.0539800e-02
  -7.1934999e-03   7.7906898e-03
  -1.0488700e-02  -8.5068698e-04
  -5.7221499e-03  -8.7587298e-03
   3.4518799e-03  -9.8776098e-03
   1.0015700e-02  -3.3222199e-03
   8.9180898e-03   5.9468999e-03
   9.1273298e-04   1.0880100e-02
  -8.0001898e-03   7.6791998e-03
  -1.1103200e-02  -1.3205700e-03
  -6.0346199e-03  -9.4036198e-03
   3.4279399e-03  -1.0534700e-02
   1.0216100e-02  -3.9014299e-03
   9.2939398e-03   5.4864599e-03
   1.4361600e-03   1.0585300e-02
  -7.3828898e-03   7.6238298e-03
  -1.0514000e-02  -1.0773700e-03
  -5.6460199e-03  -8.8890098e-03
   3.4745299e-03  -9.8969698e-03
   9.9017998e-03  -3.3639999e-03
   8.7513398e-03   5.7340399e-03
   8.8405898e-04   1.0487100e-02
  -7.7597198e-03   7.2760099e-03
  -1.0658000e-02  -1.5049200e-03
  -5.6256899e-03  -9.2716598e-03
   3.5561399e-03  -1.0226500e-02
   1.0017500e-02  -3.7178699e-03
   8.9895798e-03   5.3024099e-03
   1.3804700e-03   1.0049600e-02
  -6.9550199e-03   7.0368199e-03
  -9.6768098e-03  -1.3162500e-03
  -4.7630899e-03  -8.5566598e-03
   3.9798699e-03  -9.1150598e-03
   9.8307298e-03  -2.5332799e-03
   8.2676898e-03   6.1968599e-03
   4.0473999e-04   1.0428600e-02
  -7.8490998e-03   6.9065099e-03
  -1.0264900e-02  -1.7603500e-03
  -5.0088899e-03  -9.0671998e-03
   3.9693699e-03  -9.5283798e-03
   9.9212598e-03  -2.8176799e-03
   8.3936498e-03   5.9936799e-03
   5.8041299e-04   1.0274900e-02
  -7.5972698e-03   6.8406599e-03
  -9.9762498e-03  -1.6590500e-03
  -4.8056199e-03  -8.7624598e-03
   3.9454399e-03  -9.0931198e-03
   9.6067698e-03  -2.4234899e-03
   7.8607098e-03   6.1635599e-03
   7.6080298e-06   1.0128000e-02
  -8.0203198e-03   6.4220099e-03
  -1.0143300e-02  -2.2060800e-03
  -4.7241999e-03  -9.2862098e-03
   4.1994599e-03  -9.5053598e-03
   9.9622898e-03  -2.7043999e-03
   8.2878398e-03   6.0171299e-03
   4.8810699e-04   1.0153800e-02
  -7.5563798e-03   6.6847299e-03
  -9.8465998e-03  -1.6856200e-03
  -4.7749699e-03  -8.6117998e-03
   3.7064499e-03  -8.9193798e-03
   9.1200098e-03  -2.4994199e-03
   7.3849398e-03   5.6510899e-03
  -1.0278000e-04   9.2527198e-03
  -7.5545098e-03   5.5209499e-03
  -9.1998398e-03  -2.7216299e-03
  -3.6753799e-03  -9.1897398e-03
   4.9313399e-03  -8.9029998e-03
   1.0166800e-02  -1.9628200e-03
   8.0840798e-03   6.5153299e-03
   2.1730600e-04   1.0256200e-02
  -7.5831898e-03   6.5458999e-03
  -9.5650698e-03  -1.7466000e-03
  -4.3931199e-03  -8.3619198e-03
   3.8828399e-03  -8.3865098e-03
   8.9291198e-03  -1.9439800e-03
   6.9348898e-03   5.9402299e-03
  -5.1578999e-04   9.1822998e-03
  -7.6727698e-03   5.2686299e-03
  -9.0048498e-03  -2.8386799e-03
  -3.4118599e-03  -8.9555798e-03
   4.9292199e-03  -8.3750098e-03
   9.7201998e-03  -1.4475300e-03
   7.3094498e-03   6.6664599e-03
  -5.3799999e-04   9.8859798e-03
  -7.9624798e-03   5.7972999e-03
  -9.4224598e-03  -2.5254299e-03
  -3.8644799e-03  -8.8391698e-03
   4.4953499e-03  -8.4345098e-03
   9.3599898e-03  -1.6718800e-03
   7.0976098e-03   6.3114899e-03
  -5.3769099e-04   9.4910098e-03
  -7.7534798e-03   5.4968499e-03
  -9.1042898e-03  -2.6172099e-03
  -3.5969399e-03  -8.7009998e-03
   4.5779999e-03  -8.1604498e-03
   9.2268098e-03  -1.4180500e-03
   6.8307298e-03   6.4228299e-03
  -8.1113298e-04   9.4404198e-03
  -7.9573298e-03   5.3566499e-03
  -9.2616998e-03  -2.7671299e-03
  -3.7883799e-03  -8.8636698e-03
   4.3192399e-03  -8.4412198e-03
   9.0000898e-03  -1.9434900e-03
   6.8556498e-03   5.6356099e-03
  -3.1644799e-04   8.5690598e-03
  -6.9377898e-03   4.7357999e-03
  -7.9179398e-03  -2.8035399e-03
  -2.5253999e-03  -8.1728698e-03
   5.0722899e-03  -7.1767698e-03
   8.9986998e-03  -5.0505399e-04
   6.1588699e-03   6.7856198e-03
  -1.3851200e-03   9.1176498e-03
  -7.9578298e-03   4.6428999e-03
  -8.5663098e-03  -3.3266199e-03
  -2.6939899e-03  -8.8003298e-03
   5.2826099e-03  -7.6280998e-03
   9.3760598e-03  -6.4246298e-04
   6.4930498e-03   6.9527398e-03
  -1.2359800e-03   9.4892698e-03
  -8.0589998e-03   5.0885999e-03
  -8.9248298e-03  -2.9386099e-03
  -3.2657499e-03  -8.5974198e-03
   4.6035599e-03  -7.7191698e-03
   8.7589198e-03  -1.0770700e-03
   6.1309799e-03   6.2326699e-03
  -1.2046700e-03   8.6592298e-03
  -7.6273698e-03   4.3866199e-03
  -8.2351798e-03  -3.3156099e-03
  -2.5459099e-03  -8.5851498e-03
   5.1535799e-03  -7.4046998e-03
   9.0571998e-03  -6.2917299e-04
   6.2210999e-03   6.6741398e-03
  -1.2320700e-03   9.0568498e-03
  -7.7379298e-03   4.7868999e-03
  -8.4957898e-03  -2.8783699e-03
  -3.0695999e-03  -8.1865798e-03
   4.3307899e-03  -7.2462498e-03
   8.0776998e-03  -9.4288998e-04
   5.4008099e-03   5.7812999e-03
  -1.5318200e-03   7.7168798e-03
  -7.2938998e-03   3.3590199e-03
  -7.3531098e-03  -3.9505099e-03
  -1.5365500e-03  -8.5728498e-03
   5.8199399e-03  -6.8698498e-03
   9.1523398e-03   1.1783000e-05
   5.8890799e-03   6.9827898e-03
  -1.5848500e-03   8.8461098e-03
  -7.7099298e-03   4.2210899e-03
  -7.9344198e-03  -3.4089499e-03
  -2.1378999e-03  -8.3171998e-03
   5.2872699e-03  -6.8410898e-03
   8.7516798e-03  -1.2638600e-04
   5.6746199e-03   6.7570298e-03
  -1.5929200e-03   8.6496098e-03
  -7.5689498e-03   4.1856399e-03
  -7.7918098e-03  -3.2025099e-03
  -2.1805499e-03  -7.9063298e-03
   4.9292899e-03  -6.3920298e-03
   8.0893598e-03   1.3303600e-04
   4.8716699e-03   6.6517398e-03
  -2.2936199e-03   8.1490298e-03
  -7.9634598e-03   3.4167999e-03
  -7.8032498e-03  -4.0264799e-03
  -1.8701800e-03  -8.5912098e-03
   5.4230099e-03  -6.8357098e-03
   8.6320798e-03  -6.2014298e-05
   5.3762199e-03   6.6660798e-03
  -1.8799000e-03   8.3341898e-03
  -7.6948398e-03   3.7390799e-03
  -7.7469698e-03  -3.6314899e-03
  -2.0661399e-03  -8.2483098e-03
   5.0258599e-03  -6.7055398e-03
   8.2021098e-03  -2.5867199e-04
   5.1461699e-03   6.1674198e-03
  -1.7339400e-03   7.7244198e-03
  -7.1692998e-03   3.2982799e-03
  -7.0394298e-03  -3.6832499e-03
  -1.4817700e-03  -7.8854298e-03
   5.2448199e-03  -6.1254698e-03
   8.0212698e-03   2.2472999e-04
   4.7651799e-03   6.3062898e-03
  -1.9957599e-03   7.4870098e-03
  -7.0615298e-03   2.8921799e-03
  -6.5300298e-03  -3.9286999e-03
  -7.8042898e-04  -7.7059698e-03
   5.8011099e-03  -5.4682699e-03
   8.1440798e-03   1.1759800e-03
   4.3545299e-03   7.2297598e-03
  -2.8203799e-03   8.0797798e-03
  -8.0350798e-03   2.9958999e-03
  -7.3666998e-03  -4.2876399e-03
  -1.2775100e-03  -8.3581898e-03
   5.7151099e-03  -6.1822498e-03
   8.4138798e-03   6.1911498e-04
   4.8262299e-03   6.9851398e-03
  -2.3592099e-03   8.2035998e-03
  -7.8078398e-03   3.4202199e-03
  -7.5350898e-03  -3.7595999e-03
  -1.8615400e-03  -8.0092098e-03
   4.8860399e-03  -6.2791798e-03
   7.6717298e-03  -4.3385499e-05
   4.5411399e-03   5.8779298e-03
  -1.9533899e-03   7.0031098e-03
  -6.7463198e-03   2.5756999e-03
  -6.1361798e-03  -3.9019899e-03
  -5.9917098e-04  -7.3708298e-03
   5.5907899e-03  -5.0877799e-03
   7.6297898e-03   1.2764800e-03
   3.8537399e-03   6.9001698e-03
  -2.9785399e-03   7.4723198e-03
  -7.7578698e-03   2.4709999e-03
  -6.8833198e-03  -4.4244099e-03
  -9.8315997e-04  -8.0983698e-03
   5.5576499e-03  -5.8475598e-03
   7.9000698e-03   5.9498398e-04
   4.3852999e-03   6.3842298e-03
  -2.2427799e-03   7.2247498e-03
  -6.9405198e-03   2.5977499e-03
  -6.1894798e-03  -3.8817799e-03
  -6.4618698e-04  -7.2340098e-03
   5.3833899e-03  -4.9027199e-03
   7.2352098e-03   1.3093300e-03
   3.4427399e-03   6.6209498e-03
  -3.1405599e-03   6.9137398e-03
  -7.4982798e-03   1.8751699e-03
  -6.2589498e-03  -4.7429999e-03
  -2.6524399e-04  -7.9477998e-03
   6.0375998e-03  -5.2763699e-03
   7.9375098e-03   1.3322800e-03
   3.9985999e-03   6.9811998e-03
  -2.8583499e-03   7.4854198e-03
  -7.5490898e-03   2.5032999e-03
  -6.6359198e-03  -4.2247799e-03
  -8.8537998e-04  -7.6991998e-03
   5.3422199e-03  -5.4110999e-03
   7.3954898e-03   8.0466698e-04
   3.8259299e-03   6.1942998e-03
  -2.5564399e-03   6.6930098e-03
  -6.8446398e-03   1.9850099e-03
  -5.7613298e-03  -4.2890399e-03
  -1.2966600e-04  -7.3139698e-03
   5.7708898e-03  -4.7537599e-03
   7.4589898e-03   1.4892300e-03
   3.6431299e-03   6.7285498e-03
  -2.8140199e-03   7.0464998e-03
  -7.0764598e-03   2.2497199e-03
  -5.9970798e-03  -4.0049299e-03
  -4.8457999e-04  -6.9969998e-03
   5.2101899e-03  -4.5194299e-03
   6.7356098e-03   1.4645900e-03
   2.9429299e-03   6.3333498e-03
  -3.2509299e-03   6.3300398e-03
  -7.0904798e-03   1.4223700e-03
  -5.6035598e-03  -4.6708799e-03
   1.3043500e-04  -7.3039198e-03
   5.7876198e-03  -4.4355099e-03
   7.0698298e-03   1.8085899e-03
   2.9639899e-03   6.7278498e-03
  -3.4770999e-03   6.5922898e-03
  -7.4249798e-03   1.4610900e-03
  -5.9084198e-03  -4.8534699e-03
  -4.7516599e-05  -7.6500098e-03
   5.7923998e-03  -4.8678199e-03
   7.2851798e-03   1.3767700e-03
   3.3867199e-03   6.3982598e-03
  -2.9033199e-03   6.4733798e-03
  -6.8248698e-03   1.6293500e-03
  -5.4503398e-03  -4.4066899e-03
   1.2407800e-04  -7.0434398e-03
   5.6341198e-03  -4.2956399e-03
   6.8881198e-03   1.7320000e-03
   2.9359399e-03   6.4569598e-03
  -3.2257399e-03   6.2949898e-03
  -6.9333298e-03   1.3671300e-03
  -5.3864998e-03  -4.6034999e-03
   2.4251299e-04  -7.1156098e-03
   5.7080598e-03  -4.2904999e-03
   6.9073098e-03   1.7210900e-03
   2.9752299e-03   6.3804098e-03
  -3.0789899e-03   6.1981198e-03
  -6.6647698e-03   1.3637000e-03
  -5.0867599e-03  -4.4171399e-03
   4.2582399e-04  -6.7412298e-03
   5.6665498e-03  -3.8428299e-03
   6.6467798e-03   2.0798399e-03
   2.6150399e-03   6.5421398e-03
  -3.3842699e-03   6.1755798e-03
  -6.8266398e-03   1.2746000e-03
  -5.1376699e-03  -4.4358699e-03
   3.6170299e-04  -6.6303598e-03
   5.4635198e-03  -3.6618299e-03
   6.2659798e-03   2.1936599e-03
   2.1306699e-03   6.4636198e-03
  -3.8329399e-03   5.8674698e-03
  -7.1195698e-03   8.0025498e-04
  -5.2333598e-03  -4.9645599e-03
   4.2848099e-04  -7.1249898e-03
   5.6342098e-03  -4.0952899e-03
   6.5138998e-03   1.8054299e-03
   2.4750999e-03   6.1144598e-03
  -3.3632999e-03   5.5994598e-03
  -6.5395398e-03   6.9470298e-04
  -4.6260199e-03  -4.8387499e-03
   9.3870697e-04  -6.7649898e-03
   5.9418498e-03  -3.5781499e-03
   6.5816798e-03   2.3589699e-03
   2.3385199e-03   6.5986298e-03
  -3.6347999e-03   5.9605598e-03
  -6.8887898e-03   9.2268297e-04
  -5.0227899e-03  -4.7483399e-03
   5.2457798e-04  -6.8380298e-03
   5.5796398e-03  -3.8462899e-03
   6.3859398e-03   1.9101699e-03
   2.4205599e-03   6.0738698e-03
  -3.2466899e-03   5.5434798e-03
  -6.3026998e-03   7.9730498e-04
  -4.4601199e-03  -4.5033299e-03
   8.3043098e-04  -6.3129998e-03
   5.5091298e-03  -3.2717799e-03
   6.0055498e-03   2.2789299e-03
   1.9514399e-03   6.0933398e-03
  -3.5479699e-03   5.2586498e-03
  -6.2833098e-03   4.1134399e-04
  -4.1457199e-03  -4.7458999e-03
   1.2632100e-03  -6.2571398e-03
   5.8394198e-03  -2.9207199e-03
   6.0830398e-03   2.7885899e-03
   1.7530399e-03   6.5826098e-03
  -3.9411999e-03   5.5968898e-03
  -6.7560898e-03   5.5525198e-04
  -4.6110299e-03  -4.7745199e-03
   8.4799197e-04  -6.4203798e-03
   5.4963098e-03  -3.1953299e-03
   5.8432598e-03   2.4188599e-03
   1.6583999e-03   6.1552698e-03
  -3.8683899e-03   5.1844398e-03
  -6.5454498e-03   2.4240899e-04
  -4.3451699e-03  -4.9376098e-03
   1.0739800e-03  -6.4514798e-03
   5.6303198e-03  -3.1694899e-03
   5.9046398e-03   2.4211699e-03
   1.7149399e-03   6.1044398e-03
  -3.7598899e-03   5.1190798e-03
  -6.3903698e-03   2.3179999e-04
  -4.2119399e-03  -4.8585699e-03
   1.1073500e-03  -6.3245698e-03
   5.5462298e-03  -3.0956799e-03
   5.7780498e-03   2.3517999e-03
   1.6774599e-03   5.8865998e-03
  -3.6041199e-03   4.8540398e-03
  -6.0406398e-03   7.6582098e-05
  -3.7839399e-03  -4.7859299e-03
   1.4441800e-03  -6.0192798e-03
   5.6664098e-03  -2.6707499e-03
   5.6689798e-03   2.7340199e-03
   1.4352400e-03   6.1089598e-03
  -3.8449899e-03   4.9023098e-03
  -6.1915598e-03   2.4649299e-05
  -3.8425699e-03  -4.8444998e-03
   1.4204100e-03  -6.0409198e-03
   5.6274998e-03  -2.6807299e-03
   5.6241498e-03   2.6831799e-03
   1.4488300e-03   6.0029398e-03
  -3.7105199e-03   4.8004698e-03
  -5.9410698e-03   3.4966599e-05
  -3.5709099e-03  -4.6358499e-03
   1.5692700e-03  -5.6349198e-03
   5.5378498e-03  -2.1793499e-03
   5.2713398e-03   3.1248599e-03
   9.0704297e-04   6.2523498e-03
  -4.3150899e-03   4.8014498e-03
  -6.4941098e-03  -1.9099399e-04
  -4.0058699e-03  -5.0304598e-03
   1.2806900e-03  -6.1464798e-03
   5.4201598e-03  -2.7731199e-03
   5.3649698e-03   2.4930299e-03
   1.2488000e-03   5.6682898e-03
  -3.7396999e-03   4.3921099e-03
  -5.7858398e-03  -3.0577799e-04
  -3.3371799e-03  -4.8056098e-03
   1.7323099e-03  -5.6527198e-03
   5.5543398e-03  -2.1761399e-03
   5.2031298e-03   3.0077899e-03
   9.1151397e-04   5.9803198e-03
  -4.1065199e-03   4.4865599e-03
  -6.0866598e-03  -3.6203099e-04
  -3.5555299e-03  -4.9314898e-03
   1.5647299e-03  -5.8113598e-03
   5.4173098e-03  -2.3837999e-03
   5.1263298e-03   2.7233599e-03
   9.6099997e-04   5.6342898e-03
  -3.8825599e-03   4.1567799e-03
  -5.7084798e-03  -5.6875798e-04
  -3.1164099e-03  -4.9434398e-03
   1.9471399e-03  -5.6375798e-03
   5.6688198e-03  -2.1054199e-03
   5.2527498e-03   3.0113399e-03
   1.0257700e-03   5.8879298e-03
  -3.8233999e-03   4.4053899e-03
  -5.6638698e-03  -2.6101799e-04
  -3.1647399e-03  -4.5488699e-03
   1.7139899e-03  -5.2145098e-03
   5.2237098e-03  -1.7854099e-03
   4.6765398e-03   3.0955099e-03
   4.8104198e-04   5.6863698e-03
  -4.1747199e-03   3.9900899e-03
  -5.7467198e-03  -7.3011898e-04
  -3.0258799e-03  -4.9089598e-03
   1.9423099e-03  -5.3820598e-03
   5.4039398e-03  -1.7848699e-03
   4.7364598e-03   3.1670299e-03
   4.3388999e-04   5.7280498e-03
  -4.2636699e-03   3.9510999e-03
  -5.8134798e-03  -8.4227397e-04
  -3.0407199e-03  -5.0588998e-03
   1.9798699e-03  -5.5419698e-03
   5.4917998e-03  -1.9449399e-03
   4.8869098e-03   3.0171399e-03
   6.6108698e-04   5.6219898e-03
  -3.9746199e-03   3.9440699e-03
  -5.5251598e-03  -7.0689498e-04
  -2.8443199e-03  -4.7909698e-03
   2.0151799e-03  -5.2178198e-03
   5.3668898e-03  -1.6736699e-03
   4.6789098e-03   3.1570799e-03
   4.7657098e-04   5.6319198e-03
  -4.0706999e-03   3.9014099e-03
  -5.5544698e-03  -7.0785298e-04
  -2.8982199e-03  -4.7144298e-03
   1.8474799e-03  -5.1237398e-03
   5.0769798e-03  -1.6855099e-03
   4.3674199e-03   2.9368899e-03
   3.0684599e-04   5.2032398e-03
  -3.9676799e-03   3.3876099e-03
  -5.1628498e-03  -1.1163200e-03
  -2.3336199e-03  -4.8601098e-03
   2.3984099e-03  -4.9629598e-03
   5.4539198e-03  -1.3004200e-03
   4.5091898e-03   3.3974099e-03
   2.5717699e-04   5.6106898e-03
  -4.1153499e-03   3.6917899e-03
  -5.3375398e-03  -8.9108197e-04
  -2.5250099e-03  -4.6671598e-03
   2.1563099e-03  -4.7891698e-03
   5.1331598e-03  -1.1845000e-03
   4.1297599e-03   3.3936799e-03
  -1.1134700e-04   5.4514098e-03
  -4.3905398e-03   3.3969399e-03
  -5.4687498e-03  -1.2549600e-03
  -2.5124499e-03  -5.0250598e-03
   2.2777699e-03  -5.0923098e-03
   5.3265498e-03  -1.4163800e-03
   4.3743998e-03   3.2381499e-03
   1.6995299e-04   5.3885498e-03
  -4.1071499e-03   3.4521199e-03
  -5.2487098e-03  -1.0770000e-03
  -2.4281399e-03  -4.7721998e-03
   2.1966999e-03  -4.8653398e-03
   5.1317998e-03  -1.3245100e-03
   4.1906699e-03   3.1448099e-03
   1.3338400e-04   5.1638198e-03
  -3.9305699e-03   3.2388599e-03
  -4.9126298e-03  -1.1203500e-03
  -2.0867799e-03  -4.5621298e-03
   2.3676999e-03  -4.4448098e-03
   5.0280198e-03  -8.4246597e-04
   3.8282199e-03   3.5116799e-03
  -3.7103399e-04   5.2965498e-03
  -4.4298898e-03   3.1182399e-03
  -5.2992598e-03  -1.4348599e-03
  -2.3185299e-03  -4.9899098e-03
   2.2935599e-03  -4.9302098e-03
   5.1195398e-03  -1.3567800e-03
   4.1185799e-03   3.0075599e-03
   1.4913199e-04   4.8895298e-03
  -3.7062999e-03   2.9391699e-03
  -4.4933198e-03  -1.2659800e-03
  -1.6276499e-03  -4.4389098e-03
   2.6696399e-03  -4.0925599e-03
   5.0685298e-03  -4.3586898e-04
   3.6674499e-03   3.7808499e-03
  -5.5310598e-04   5.3505298e-03
  -4.4619898e-03   3.0436399e-03
  -5.1405198e-03  -1.4518999e-03
  -2.0875199e-03  -4.7971098e-03
   2.3998399e-03  -4.5169298e-03
   4.9568398e-03  -8.6324997e-04
   3.6864299e-03   3.3806099e-03
  -4.1717898e-04   5.0030198e-03
  -4.2271398e-03   2.7859199e-03
  -4.8491898e-03  -1.5826599e-03
  -1.8055199e-03  -4.7896798e-03
   2.6084799e-03  -4.4013498e-03
   5.0597898e-03  -6.9892097e-04
   3.6919899e-03   3.5354499e-03
  -4.7814098e-04   5.1162698e-03
  -4.3295598e-03   2.8501299e-03
  -4.9848098e-03  -1.5742299e-03
  -1.9644899e-03  -4.8639598e-03
   2.4704199e-03  -4.5958198e-03
   5.0330998e-03  -1.0190600e-03
   3.8793499e-03   3.1619999e-03
  -3.3253699e-05   4.8452998e-03
  -3.7066099e-03   2.8631499e-03
  -4.3913898e-03  -1.1711100e-03
  -1.6602899e-03  -4.1262798e-03
   2.3005599e-03  -3.7519699e-03
   4.3882098e-03  -3.8588099e-04
   2.9666899e-03   3.3237599e-03
  -8.7985897e-04   4.4581698e-03
  -4.1758998e-03   2.0736399e-03
  -4.3310398e-03  -2.0607099e-03
  -1.1328000e-03  -4.7966998e-03
   3.0661099e-03  -4.0003699e-03
   5.1116698e-03  -1.9004599e-04
   3.4338099e-03   3.8308099e-03
  -7.5430397e-04   5.0728098e-03
  -4.3544598e-03   2.6113699e-03
  -4.7049398e-03  -1.7133999e-03
  -1.5774399e-03  -4.6762198e-03
   2.6563699e-03  -4.0874698e-03
   4.8135698e-03  -4.3218398e-04
   3.2930399e-03   3.5060099e-03
  -7.2785097e-04   4.7481198e-03
  -4.1912898e-03   2.3628499e-03
  -4.4690098e-03  -1.8392899e-03
  -1.3412499e-03  -4.6778898e-03
   2.8435799e-03  -4.0009198e-03
   4.9414998e-03  -3.0109199e-04
   3.3763699e-03   3.6619499e-03
  -6.8485997e-04   4.9399898e-03
  -4.2225698e-03   2.6036199e-03
  -4.6363198e-03  -1.5804899e-03
  -1.6830499e-03  -4.4984898e-03
   2.3738799e-03  -4.0354198e-03
   4.4982498e-03  -6.4269198e-04
   3.1748199e-03   3.0451399e-03
  -4.7381098e-04   4.2341398e-03
  -3.5799699e-03   2.0926399e-03
  -3.7391599e-03  -1.6398299e-03
  -8.4886897e-04  -4.0066298e-03
   2.8197699e-03  -3.1120799e-03
   4.3657498e-03   4.1568198e-04
   2.4878499e-03   3.8902599e-03
  -1.4992299e-03   4.6072798e-03
  -4.6380798e-03   1.9118499e-03
  -4.5566798e-03  -2.2799599e-03
  -1.2671000e-03  -4.9051298e-03
   2.8301999e-03  -4.0504598e-03
   4.7416198e-03  -3.8801199e-04
   3.1209699e-03   3.3346599e-03
  -7.3288097e-04   4.3620298e-03
  -3.8709699e-03   1.9962899e-03
  -3.9258798e-03  -1.8963499e-03
  -8.9277097e-04  -4.3145598e-03
   2.8826499e-03  -3.4006199e-03
   4.4931198e-03   1.5499999e-04
   2.6792799e-03   3.6420599e-03
  -1.2123600e-03   4.3880498e-03
  -4.2452098e-03   1.7864699e-03
  -4.1119598e-03  -2.2377099e-03
  -8.7952497e-04  -4.6752598e-03
   3.0573599e-03  -3.6987299e-03
   4.7765198e-03  -3.7037599e-05
   3.0238899e-03   3.5766599e-03
  -8.5183397e-04   4.4624498e-03
  -3.9236198e-03   2.0041999e-03
  -3.8925998e-03  -1.8998099e-03
  -8.1114197e-04  -4.2785898e-03
   2.9710299e-03  -3.3282199e-03
   4.5876198e-03   2.3861399e-04
   2.8140399e-03   3.7440599e-03
  -1.0234100e-03   4.5696798e-03
  -4.0618198e-03   2.1232499e-03
  -4.0638298e-03  -1.7353999e-03
  -1.0897600e-03  -4.1138698e-03
   2.5747399e-03  -3.2698799e-03
   4.1644498e-03   9.5040996e-05
   2.5223099e-03   3.3986599e-03
  -1.0525300e-03   4.1543398e-03
  -3.8256098e-03   1.8518499e-03
  -3.7274599e-03  -1.6841199e-03
  -9.2654096e-04  -3.7163599e-03
   2.3188499e-03  -2.7098299e-03
   3.4134099e-03   4.8706798e-04
   1.4398299e-03   3.2901099e-03
  -2.1079299e-03   3.3716799e-03
  -4.4401198e-03   4.7551998e-04
  -3.6013999e-03  -3.3351599e-03
   6.0411898e-06  -5.2010598e-03
   3.8660898e-03  -3.6227599e-03
   5.1969698e-03   3.7918298e-04
   3.0240599e-03   3.9822698e-03
  -1.0816000e-03   4.6355298e-03
  -4.1531098e-03   1.9391299e-03
  -4.0135298e-03  -2.0733899e-03
  -8.6363497e-04  -4.4535198e-03
   2.9057899e-03  -3.5186899e-03
   4.5194898e-03  -6.4605997e-05
   2.8792599e-03   3.2810099e-03
  -6.6129197e-04   4.0585198e-03
  -3.3705899e-03   1.8121199e-03
  -3.2290899e-03  -1.6135499e-03
  -4.4693398e-04  -3.5192399e-03
   2.7317699e-03  -2.4232199e-03
   3.7684698e-03   8.1146297e-04
   1.7857199e-03   3.6509299e-03
  -1.7523299e-03   3.8361898e-03
  -4.1499798e-03   1.1229400e-03
  -3.5317499e-03  -2.5123399e-03
  -2.7879799e-04  -4.3546398e-03
   3.2401699e-03  -2.9985299e-03
   4.4403898e-03   5.8828298e-04
   2.4551999e-03   3.7882798e-03
  -1.2259399e-03   4.2951498e-03
  -3.8919398e-03   1.8293199e-03
  -3.6516898e-03  -1.6816099e-03
  -8.3787397e-04  -3.5872499e-03
   2.2812799e-03  -2.5246799e-03
   3.2554799e-03   5.6369298e-04
   1.3296899e-03   3.1755399e-03
  -1.9816599e-03   3.1812599e-03
  -4.0584898e-03   4.6899398e-04
  -3.1878599e-03  -2.9492899e-03
   1.0232100e-04  -4.4613398e-03
   3.4137199e-03  -2.8478799e-03
   4.2746598e-03   7.6576897e-04
   2.0131499e-03   3.7264398e-03
  -1.7153699e-03   3.8344198e-03
  -4.1487198e-03   9.9664196e-04
  -3.4756599e-03  -2.6931299e-03
  -1.8575399e-04  -4.5114298e-03
   3.3010999e-03  -3.1308799e-03
   4.4436198e-03   4.0344798e-04
   2.4683899e-03   3.4724399e-03
