   5.1053000e+00   8.3163800e-02
   4.5333400e+00   2.1791400e+00
   3.0584900e+00   3.7358900e+00
   1.0724200e+00   4.3988000e+00
  -9.2679800e-01   4.0649500e+00
  -2.4810000e+00   2.8837500e+00
  -3.2806700e+00   1.1840900e+00
  -3.2102100e+00  -6.2828200e-01
  -2.3391300e+00  -2.1621700e+00
  -8.8650400e-01  -3.1046000e+00
   8.2137700e-01  -3.2642500e+00
   2.4007900e+00  -2.6066500e+00
   3.4794900e+00  -1.2780500e+00
   3.7867000e+00   4.0331800e-01
   3.2411700e+00   2.0104300e+00
   1.9961100e+00   3.1231900e+00
   4.0709900e-01   3.4610300e+00
  -1.0775000e+00   2.9766600e+00
  -2.0634500e+00   1.8666700e+00
  -2.3331200e+00   4.9331900e-01
  -1.8946500e+00  -7.4512800e-01
  -9.4745300e-01  -1.5373600e+00
   2.0597300e-01  -1.7294900e+00
   1.2552000e+00  -1.3322100e+00
   1.9496400e+00  -4.8571600e-01
   2.1330800e+00   5.8661200e-01
   1.7599000e+00   1.6195100e+00
   9.0653000e-01   2.3469300e+00
  -2.2593000e-01   2.5557400e+00
  -1.3379700e+00   2.1511900e+00
  -2.1019700e+00   1.2100800e+00
  -2.2662900e+00  -1.4241200e-02
  -1.7535700e+00  -1.1562000e+00
  -7.0420700e-01  -1.8577000e+00
   5.6342400e-01  -1.8952100e+00
   1.6630000e+00  -1.2573800e+00
   2.2720500e+00  -1.3998700e-01
   2.2286400e+00   1.1328800e+00
   1.5597600e+00   2.2191000e+00
   4.4618700e-01   2.8514700e+00
  -8.4411100e-01   2.8867500e+00
  -2.0203700e+00   2.3143300e+00
  -2.8176100e+00   1.2453900e+00
  -3.0367000e+00  -1.0282800e-01
  -2.5874900e+00  -1.4317800e+00
  -1.5310800e+00  -2.4114600e+00
  -9.7140700e-02  -2.7622400e+00
   1.3515300e+00  -2.3496600e+00
   2.4146100e+00  -1.2509700e+00
   2.7825100e+00   2.4704200e-01
   2.3443300e+00   1.7303900e+00
   1.2262600e+00   2.7913200e+00
  -2.5646900e-01   3.1567400e+00
  -1.7090300e+00   2.7597600e+00
  -2.7770200e+00   1.7344300e+00
  -3.2309000e+00   3.5202300e-01
  -2.9971100e+00  -1.0622700e+00
  -2.1480600e+00  -2.1996900e+00
  -8.7494600e-01  -2.8162100e+00
   5.4316100e-01  -2.7687800e+00
   1.7795300e+00  -2.0489700e+00
   2.5218700e+00  -8.0705100e-01
   2.5558000e+00   6.5684500e-01
   1.8447900e+00   1.9545200e+00
   5.6602800e-01   2.7197100e+00
  -9.2735600e-01   2.7292900e+00
  -2.2141800e+00   1.9830600e+00
  -2.9421000e+00   7.0381400e-01
  -2.9359700e+00  -7.4308400e-01
  -2.2357600e+00  -1.9725500e+00
  -1.0586500e+00  -2.6916000e+00
   2.8449600e-01  -2.7612900e+00
   1.4763700e+00  -2.2023400e+00
   2.2563400e+00  -1.1651400e+00
   2.4569300e+00   1.1036200e-01
   2.0268600e+00   1.3338400e+00
   1.0491700e+00   2.2101400e+00
  -2.5474500e-01   2.5012900e+00
  -1.5558700e+00   2.0990300e+00
  -2.4953400e+00   1.0799600e+00
  -2.7940900e+00  -2.9217600e-01
  -2.3527600e+00  -1.6346500e+00
  -1.2942900e+00  -2.5669300e+00
   7.5209600e-02  -2.8361700e+00
   1.3718400e+00  -2.3937400e+00
   2.2585800e+00  -1.3938900e+00
   2.5375900e+00  -1.2495000e-01
   2.1818700e+00   1.0876600e+00
   1.3125100e+00   1.9646300e+00
   1.4921600e-01   2.3214600e+00
  -1.0397300e+00   2.0873700e+00
  -1.9805200e+00   1.3109500e+00
  -2.4386900e+00   1.6005200e-01
  -2.2735100e+00  -1.0939300e+00
  -1.4920700e+00  -2.1245300e+00
  -2.7529700e-01  -2.6352200e+00
   1.0523400e+00  -2.4584000e+00
   2.1141100e+00  -1.6254100e+00
   2.6041300e+00  -3.6911800e-01
   2.3907400e+00   9.4991500e-01
   1.5550600e+00   1.9643000e+00
   3.5096100e-01   2.4154800e+00
  -8.8853200e-01   2.2185900e+00
  -1.8532600e+00   1.4611800e+00
  -2.3277700e+00   3.5361200e-01
  -2.2206800e+00  -8.3551600e-01
  -1.5638000e+00  -1.8345800e+00
  -4.9977800e-01  -2.4109900e+00
   7.3545800e-01  -2.4104200e+00
   1.8452500e+00  -1.7986200e+00
   2.5325500e+00  -6.9339500e-01
   2.5844100e+00   6.3876700e-01
   1.9524900e+00   1.8408300e+00
   7.8944900e-01   2.5705600e+00
  -5.8619100e-01   2.6153100e+00
  -1.7904200e+00   1.9663100e+00
  -2.4990900e+00   8.1816000e-01
  -2.5453800e+00  -5.0395600e-01
  -1.9532700e+00  -1.6532600e+00
  -9.0513600e-01  -2.3588900e+00
   3.2826400e-01  -2.4800000e+00
   1.4600300e+00  -2.0138900e+00
   2.2406300e+00  -1.0766800e+00
   2.4937800e+00   1.2358000e-01
   2.1462500e+00   1.3169400e+00
   1.2549400e+00   2.2145800e+00
   1.7488700e-02   2.5732200e+00
  -1.2557900e+00   2.2711200e+00
  -2.2184900e+00   1.3652400e+00
  -2.5957300e+00   9.4539400e-02
  -2.2803200e+00  -1.1853900e+00
  -1.3729100e+00  -2.1166400e+00
  -1.4562300e-01  -2.4554900e+00
   1.0541600e+00  -2.1422100e+00
   1.9154300e+00  -1.3002800e+00
   2.2452600e+00  -1.7703100e-01
   1.9981500e+00   9.3894000e-01
   1.2604800e+00   1.7882200e+00
   2.1431400e-01   2.1841600e+00
  -9.0025100e-01   2.0358200e+00
  -1.8217500e+00   1.3633600e+00
  -2.3130900e+00   3.0748300e-01
  -2.2209400e+00  -8.8077800e-01
  -1.5346900e+00  -1.8873800e+00
  -4.1497700e-01  -2.4207400e+00
   8.3519500e-01  -2.3099800e+00
   1.8587600e+00  -1.5731100e+00
   2.3618100e+00  -4.1955600e-01
   2.2104000e+00   8.1904400e-01
   1.4662000e+00   1.8000000e+00
   3.5113800e-01   2.2744600e+00
  -8.3473900e-01   2.1463300e+00
  -1.8018200e+00   1.4739400e+00
  -2.3340600e+00   4.3167600e-01
  -2.3188400e+00  -7.4054300e-01
  -1.7550200e+00  -1.7822200e+00
  -7.5297300e-01  -2.4522600e+00
   4.7318400e-01  -2.5734100e+00
   1.6341700e+00  -2.0825400e+00
   2.4270300e+00  -1.0697500e+00
   2.6224300e+00   2.2109100e-01
   2.1473500e+00   1.4480400e+00
   1.1232400e+00   2.2733500e+00
  -1.6530400e-01   2.4740300e+00
  -1.3629600e+00   2.0133100e+00
  -2.1584700e+00   1.0428600e+00
  -2.3735300e+00  -1.5995700e-01
  -1.9952400e+00  -1.2860400e+00
  -1.1525700e+00  -2.0783400e+00
  -6.2222900e-02  -2.3799500e+00
   1.0272000e+00  -2.1469200e+00
   1.8785800e+00  -1.4417800e+00
   2.3014600e+00  -4.2168800e-01
   2.1886000e+00   6.8033200e-01
   1.5526800e+00   1.5933500e+00
   5.4530300e-01   2.0727900e+00
  -5.6494200e-01   1.9781300e+00
  -1.4637300e+00   1.3318700e+00
  -1.8922800e+00   3.2606300e-01
  -1.7373000e+00  -7.3612000e-01
  -1.0683400e+00  -1.5432200e+00
  -1.0577700e-01  -1.8786600e+00
   8.6277600e-01  -1.6809800e+00
   1.5773700e+00  -1.0424500e+00
   1.8731000e+00  -1.5900700e-01
   1.7034200e+00   7.3649100e-01
   1.1287700e+00   1.4296100e+00
   2.9113800e-01   1.7589600e+00
  -6.1175500e-01   1.6382600e+00
  -1.3550700e+00   1.0759900e+00
  -1.7290600e+00   1.9037100e-01
  -1.5973000e+00  -7.9711600e-01
  -9.5410200e-01  -1.6063100e+00
   4.9168000e-02  -1.9798200e+00
   1.1337300e+00  -1.7744800e+00
   1.9777900e+00  -1.0217200e+00
   2.3246900e+00   7.4920100e-02
   2.0685000e+00   1.2072000e+00
   1.2816100e+00   2.0647300e+00
   1.7864800e-01   2.4282000e+00
  -9.5900000e-01   2.2193000e+00
  -1.8617500e+00   1.5004300e+00
  -2.3274500e+00   4.4104600e-01
  -2.2496500e+00  -7.2554900e-01
  -1.6294100e+00  -1.7423500e+00
  -5.8023800e-01  -2.3687300e+00
   6.7754900e-01  -2.4286400e+00
   1.8475000e+00  -1.8642500e+00
   2.6225100e+00  -7.7508100e-01
   2.7744300e+00   5.8467300e-01
   2.2355100e+00   1.8656700e+00
   1.1328600e+00   2.7265800e+00
  -2.4531800e-01   2.9421600e+00
  -1.5409800e+00   2.4710600e+00
  -2.4364600e+00   1.4573500e+00
  -2.7394400e+00   1.7194300e-01
  -2.4159600e+00  -1.0742100e+00
  -1.5737500e+00  -2.0082700e+00
  -4.1814700e-01  -2.4443600e+00
   7.9575800e-01  -2.3042300e+00
   1.8055200e+00  -1.6227200e+00
   2.3832700e+00  -5.4592700e-01
   2.3834400e+00   6.8388300e-01
   1.7898800e+00   1.7696800e+00
   7.4044200e-01   2.4314800e+00
  -4.9403100e-01   2.4916600e+00
  -1.5827700e+00   1.9393500e+00
  -2.2382100e+00   9.4089000e-01
  -2.3078100e+00  -2.1428300e-01
  -1.8153900e+00  -1.2109200e+00
  -9.3748500e-01  -1.8065900e+00
   6.8076900e-02  -1.8923800e+00
   9.4525200e-01  -1.4999600e+00
   1.5014000e+00  -7.6698700e-01
   1.6350400e+00   1.1237600e-01
   1.3384100e+00   9.3068000e-01
   6.9025300e-01   1.4996400e+00
  -1.5417100e-01   1.6800900e+00
  -9.8337600e-01   1.4156400e+00
  -1.5716400e+00   7.6194500e-01
  -1.7425600e+00  -1.0874700e-01
  -1.4340500e+00  -9.4500800e-01
  -7.3299000e-01  -1.4931900e+00
   1.4466000e-01  -1.5862700e+00
   9.2644200e-01  -1.2049100e+00
   1.3788700e+00  -4.8157600e-01
   1.3836900e+00   3.5295700e-01
   9.6451900e-01   1.0534300e+00
   2.6060500e-01   1.4355100e+00
  -5.2998300e-01   1.4158800e+00
  -1.2078500e+00   1.0137000e+00
  -1.6117800e+00   3.2950200e-01
  -1.6405000e+00  -4.8032400e-01
  -1.2674800e+00  -1.2270700e+00
  -5.5487400e-01  -1.7185100e+00
   3.4138800e-01  -1.8015100e+00
   1.1922300e+00  -1.4139500e+00
   1.7511000e+00  -6.2446500e-01
   1.8335400e+00   3.6688300e-01
   1.3887700e+00   1.2802500e+00
   5.2807400e-01   1.8458900e+00
  -5.0762700e-01   1.8959000e+00
  -1.4285200e+00   1.4177200e+00
  -1.9891300e+00   5.4924600e-01
  -2.0556000e+00  -4.7599200e-01
  -1.6268800e+00  -1.4032100e+00
  -8.1514200e-01  -2.0194400e+00
   1.9326000e-01  -2.1900800e+00
   1.1773500e+00  -1.8733100e+00
   1.9163800e+00  -1.1241000e+00
   2.2266100e+00  -9.2905200e-02
   2.0050900e+00   9.8927600e-01
   1.2716000e+00   1.8521500e+00
   1.8678900e-01   2.2555000e+00
  -9.7476500e-01   2.0678700e+00
  -1.8991000e+00   1.3210400e+00
  -2.3314000e+00   2.1063600e-01
  -2.1583900e+00  -9.6299000e-01
  -1.4397500e+00  -1.8907000e+00
  -3.7855500e-01  -2.3469100e+00
   7.5059600e-01  -2.2434300e+00
   1.6814600e+00  -1.6330700e+00
   2.2151700e+00  -6.7572300e-01
   2.2488600e+00   4.0900100e-01
   1.7822400e+00   1.3851200e+00
   9.1428200e-01   2.0373800e+00
  -1.6703200e-01   2.2089100e+00
  -1.2107100e+00   1.8416100e+00
  -1.9539200e+00   1.0073100e+00
  -2.1938700e+00  -9.1280500e-02
  -1.8572300e+00  -1.1653200e+00
  -1.0344500e+00  -1.9236400e+00
   4.2594800e-02  -2.1659800e+00
   1.0752900e+00  -1.8462700e+00
   1.7945700e+00  -1.0792600e+00
   2.0387200e+00  -9.1382500e-02
   1.7850500e+00   8.5757300e-01
   1.1333300e+00   1.5471500e+00
   2.6079900e-01   1.8398700e+00
  -6.2634300e-01   1.6937300e+00
  -1.3311000e+00   1.1564900e+00
  -1.6951800e+00   3.5406900e-01
  -1.6278000e+00  -5.2569200e-01
  -1.1345000e+00  -1.2631800e+00
  -3.3303900e-01  -1.6575700e+00
   5.6212900e-01  -1.5892000e+00
   1.2952200e+00  -1.0691000e+00
   1.6506700e+00  -2.4765000e-01
   1.5284000e+00   6.2957500e-01
   9.7814900e-01   1.3045500e+00
   1.7718500e-01   1.5929200e+00
  -6.3672500e-01   1.4371600e+00
  -1.2445600e+00   9.0893200e-01
  -1.5045600e+00   1.6940400e-01
  -1.3741400e+00  -5.8682000e-01
  -9.0121200e-01  -1.1795200e+00
  -2.0212000e-01  -1.4728000e+00
   5.6102500e-01  -1.3927900e+00
   1.2037900e+00  -9.4231000e-01
   1.5522100e+00  -2.1243700e-01
   1.4883300e+00   6.2124300e-01
   9.9692900e-01   1.3317700e+00
   1.8956800e-01   1.7043100e+00
  -7.1497200e-01   1.6103500e+00
  -1.4555800e+00   1.0598300e+00
  -1.8158000e+00   2.0409600e-01
  -1.6958800e+00  -7.1460700e-01
  -1.1393800e+00  -1.4448900e+00
  -3.0761000e-01  -1.8031400e+00
   5.8016100e-01  -1.7166700e+00
   1.3106900e+00  -1.2252300e+00
   1.7224200e+00  -4.5413900e-01
   1.7276900e+00   4.2106800e-01
   1.3203800e+00   1.2062300e+00
   5.7853400e-01   1.7180100e+00
  -3.3923800e-01   1.8186000e+00
  -1.2144400e+00   1.4556900e+00
  -1.8157200e+00   6.9403300e-01
  -1.9662900e+00  -2.8323500e-01
  -1.6078600e+00  -1.2168600e+00
  -8.3015700e-01  -1.8494700e+00
   1.5244100e-01  -2.0099100e+00
   1.0708400e+00  -1.6676800e+00
   1.6878400e+00  -9.3507100e-01
   1.8654400e+00  -2.0552200e-02
   1.5898700e+00   8.4134900e-01
   9.5530700e-01   1.4527500e+00
   1.2481200e-01   1.6893100e+00
  -7.1048400e-01   1.5118300e+00
  -1.3643100e+00   9.6407700e-01
  -1.6838500e+00   1.6615000e-01
  -1.5806400e+00  -6.9906600e-01
  -1.0614800e+00  -1.4161500e+00
  -2.4447800e-01  -1.7889400e+00
   6.5802300e-01  -1.7028000e+00
   1.3956000e+00  -1.1718700e+00
   1.7594800e+00  -3.4494100e-01
   1.6535400e+00   5.3926100e-01
   1.1247800e+00   1.2315600e+00
   3.4069600e-01   1.5526100e+00
  -4.7337500e-01   1.4412100e+00
  -1.1063600e+00   9.5636200e-01
  -1.4143000e+00   2.4266900e-01
  -1.3416400e+00  -5.1791800e-01
  -9.1751300e-01  -1.1476300e+00
  -2.4133700e-01  -1.5015700e+00
   5.3356700e-01  -1.4893600e+00
   1.2215800e+00  -1.0962000e+00
   1.6399200e+00  -3.9960300e-01
   1.6581300e+00   4.3253200e-01
   1.2476200e+00   1.1757200e+00
   5.0648800e-01   1.6133500e+00
  -3.5981100e-01   1.6102900e+00
  -1.1014800e+00   1.1635900e+00
  -1.5072200e+00   4.0539300e-01
  -1.4717900e+00  -4.4401400e-01
  -1.0211300e+00  -1.1508600e+00
  -2.9055700e-01  -1.5374900e+00
   5.2654600e-01  -1.5218100e+00
   1.2335900e+00  -1.1215100e+00
   1.6708700e+00  -4.3503800e-01
   1.7385200e+00   3.8435600e-01
   1.4101000e+00   1.1539900e+00
   7.4278000e-01   1.6901900e+00
  -1.2079800e-01   1.8461400e+00
  -9.7141600e-01   1.5564500e+00
  -1.5809800e+00   8.7168500e-01
  -1.7708000e+00  -3.9034000e-02
  -1.4751700e+00  -9.2929200e-01
  -7.7043100e-01  -1.5509300e+00
   1.4698300e-01  -1.7344700e+00
   1.0256300e+00  -1.4405300e+00
   1.6387600e+00  -7.6287900e-01
   1.8460600e+00   1.1247600e-01
   1.6180400e+00   9.6845700e-01
   1.0253000e+00   1.6120000e+00
   2.0884500e-01   1.9086200e+00
  -6.5207400e-01   1.7980600e+00
  -1.3689500e+00   1.3005500e+00
  -1.7746100e+00   5.1842600e-01
  -1.7600600e+00  -3.7273200e-01
  -1.3116600e+00  -1.1540500e+00
  -5.3133000e-01  -1.6176100e+00
   3.7854000e-01  -1.6315100e+00
   1.1700400e+00  -1.1891100e+00
   1.6277200e+00  -4.1719100e-01
   1.6379200e+00   4.6471400e-01
   1.2199500e+00   1.2175400e+00
   5.0860500e-01   1.6567700e+00
  -2.9911500e-01   1.6982300e+00
  -1.0058200e+00   1.3640200e+00
  -1.4600300e+00   7.5793400e-01
  -1.5781100e+00   2.9674600e-02
  -1.3483700e+00  -6.5693000e-01
  -8.2825300e-01  -1.1492400e+00
  -1.3854500e-01  -1.3309300e+00
   5.5194700e-01  -1.1506200e+00
   1.0600600e+00  -6.4674500e-01
   1.2394300e+00   4.7795000e-02
   1.0327100e+00   7.3463700e-01
   4.9990100e-01   1.2100900e+00
  -1.9578000e-01   1.3347900e+00
  -8.4300500e-01   1.0822100e+00
  -1.2553900e+00   5.4371400e-01
  -1.3306200e+00  -1.1022200e-01
  -1.0727000e+00  -6.9223500e-01
  -5.7493200e-01  -1.0548400e+00
   2.0117700e-02  -1.1219200e+00
   5.6182500e-01  -8.9267800e-01
   9.2096700e-01  -4.2957600e-01
   1.0080000e+00   1.5725800e-01
   7.8795200e-01   7.2570500e-01
   2.9512100e-01   1.1237000e+00
  -3.5983800e-01   1.2238900e+00
  -1.0042000e+00   9.6647600e-01
  -1.4460600e+00   3.9268700e-01
  -1.5365300e+00  -3.5250600e-01
  -1.2265200e+00  -1.0584900e+00
  -5.9056900e-01  -1.5172500e+00
   1.9563700e-01  -1.5937100e+00
   9.1478100e-01  -1.2680100e+00
   1.3775700e+00  -6.3404900e-01
   1.4739500e+00   1.3902000e-01
   1.1910300e+00   8.6049100e-01
   6.0159500e-01   1.3643800e+00
  -1.6150700e-01   1.5377900e+00
  -9.3227100e-01   1.3347100e+00
  -1.5369500e+00   7.8333700e-01
  -1.8235000e+00  -1.0770400e-02
  -1.6983000e+00  -8.7348100e-01
  -1.1620700e+00  -1.5930700e+00
  -3.2716300e-01  -1.9745600e+00
   6.0083700e-01  -1.9024100e+00
   1.3791200e+00  -1.3850600e+00
   1.8031500e+00  -5.5850600e-01
   1.7709700e+00   3.5605600e-01
   1.3097500e+00   1.1231400e+00
   5.5695100e-01   1.5623900e+00
  -2.9037100e-01   1.5905300e+00
  -1.0329300e+00   1.2271600e+00
  -1.5126600e+00   5.7361200e-01
  -1.6356700e+00  -2.1809000e-01
  -1.3809300e+00  -9.7454200e-01
  -8.0272500e-01  -1.5279600e+00
  -2.7559300e-02  -1.7462600e+00
   7.6253900e-01  -1.5671800e+00
   1.3679000e+00  -1.0259900e+00
   1.6267700e+00  -2.5983500e-01
   1.4700000e+00   5.2367400e-01
   9.4970100e-01   1.1086200e+00
   2.2499800e-01   1.3410300e+00
  -4.9180500e-01   1.1773400e+00
  -1.0057700e+00   6.9104400e-01
  -1.1966300e+00   3.8099300e-02
  -1.0425500e+00  -5.9911300e-01
  -6.0913500e-01  -1.0638100e+00
  -1.8260000e-02  -1.2561400e+00
   5.8543600e-01  -1.1428100e+00
   1.0611000e+00  -7.5455500e-01
   1.2932400e+00  -1.7991100e-01
   1.2143900e+00   4.4505700e-01
   8.2840500e-01   9.5873200e-01
   2.2382600e-01   1.2125500e+00
  -4.3749000e-01   1.1191000e+00
  -9.6261100e-01   6.9021300e-01
  -1.1899300e+00   4.3626700e-02
  -1.0465000e+00  -6.3094500e-01
  -5.7420900e-01  -1.1349500e+00
   8.7338700e-02  -1.3266300e+00
   7.5154200e-01  -1.1616900e+00
   1.2449700e+00  -6.9574400e-01
   1.4522800e+00  -5.5301800e-02
   1.3342800e+00   6.0391100e-01
   9.2365600e-01   1.1332200e+00
   3.1059600e-01   1.4153100e+00
  -3.7308400e-01   1.3807200e+00
  -9.7236500e-01   1.0226700e+00
  -1.3366000e+00   4.0882200e-01
  -1.3580600e+00  -3.2041800e-01
  -1.0114300e+00  -9.7805000e-01
  -3.7499800e-01  -1.3814400e+00
   3.8289800e-01  -1.4122300e+00
   1.0534000e+00  -1.0595500e+00
   1.4546800e+00  -4.2538500e-01
   1.4891800e+00   3.1139000e-01
   1.1672200e+00   9.5553200e-01
   5.9162500e-01   1.3537800e+00
  -8.3501900e-02   1.4294000e+00
  -6.9826600e-01   1.1871300e+00
  -1.1205900e+00   6.9792700e-01
  -1.2647900e+00   7.7353000e-02
  -1.1014800e+00  -5.3468700e-01
  -6.6487100e-01  -9.9513000e-01
  -5.5033500e-02  -1.1855800e+00
   5.7440500e-01  -1.0461300e+00
   1.0506400e+00  -6.0346400e-01
   1.2333600e+00   2.4270100e-02
   1.0650000e+00   6.5647400e-01
   5.9562800e-01   1.1072300e+00
  -3.1858500e-02   1.2481400e+00
  -6.3153800e-01   1.0496200e+00
  -1.0370900e+00   5.8394600e-01
  -1.1505300e+00  -7.5487400e-03
  -9.6049000e-01  -5.6403600e-01
  -5.3095300e-01  -9.4940900e-01
   2.5773300e-02  -1.0781100e+00
   5.7697200e-01  -9.2349100e-01
   9.9214000e-01  -5.1736800e-01
   1.1636400e+00   5.3196400e-02
   1.0303600e+00   6.5463600e-01
   6.0182100e-01   1.1291800e+00
  -2.9150800e-02   1.3342500e+00
  -6.9958900e-01   1.1899700e+00
  -1.2195700e+00   7.1495400e-01
  -1.4332600e+00   3.0081400e-02
  -1.2728400e+00  -6.7634900e-01
  -7.8140200e-01  -1.2097500e+00
  -9.5208000e-02  -1.4307900e+00
   6.0426700e-01  -1.2925900e+00
   1.1456800e+00  -8.4300400e-01
   1.4090600e+00  -1.9918400e-01
   1.3439700e+00   4.8860400e-01
   9.6916100e-01   1.0692200e+00
   3.6402900e-01   1.4147500e+00
  -3.4298700e-01   1.4406300e+00
  -9.9200600e-01   1.1256600e+00
  -1.4217000e+00   5.2777600e-01
  -1.5114200e+00  -2.1640500e-01
  -1.2233000e+00  -9.1855700e-01
  -6.2437200e-01  -1.3907200e+00
   1.2651600e-01  -1.5053700e+00
   8.2676200e-01  -1.2381000e+00
   1.2946700e+00  -6.7374400e-01
   1.4238300e+00   2.6230600e-02
   1.2064400e+00   6.7865400e-01
   7.2179500e-01   1.1314900e+00
   1.0222600e-01   1.2961900e+00
  -5.0493400e-01   1.1555100e+00
  -9.6672900e-01   7.5524300e-01
  -1.1840500e+00   1.9057100e-01
  -1.1067600e+00  -4.0877300e-01
  -7.4758400e-01  -8.9853600e-01
  -1.8955700e-01  -1.1502000e+00
   4.2397800e-01  -1.0886000e+00
   9.2339000e-01  -7.2308900e-01
   1.1646100e+00  -1.5463600e-01
   1.0792400e+00   4.5111200e-01
   6.9985900e-01   9.1777400e-01
   1.4762700e-01   1.1172900e+00
  -4.1216800e-01   1.0088300e+00
  -8.2593400e-01   6.4302600e-01
  -9.9511300e-01   1.3501100e-01
  -8.9352500e-01  -3.7682700e-01
  -5.6057000e-01  -7.6747300e-01
  -8.2290400e-02  -9.4781000e-01
   4.2843200e-01  -8.7507800e-01
   8.4962700e-01  -5.5842100e-01
   1.0704200e+00  -6.2410600e-02
   1.0174500e+00   4.9681200e-01
   6.8269500e-01   9.7159800e-01
   1.3918600e-01   1.2216000e+00
  -4.6963100e-01   1.1611000e+00
  -9.7015600e-01   7.9451500e-01
  -1.2157000e+00   2.2128900e-01
  -1.1364700e+00  -3.9537700e-01
  -7.6066200e-01  -8.8326500e-01
  -1.9931100e-01  -1.1155000e+00
   3.9486100e-01  -1.0429800e+00
   8.7405100e-01  -6.9686900e-01
   1.1296800e+00  -1.6854000e-01
   1.1082600e+00   4.1843600e-01
   8.1386400e-01   9.3320400e-01
   3.0524700e-01   1.2578900e+00
  -3.0994700e-01   1.3078300e+00
  -8.8914600e-01   1.0540300e+00
  -1.2832900e+00   5.4146400e-01
  -1.3782400e+00  -1.0950400e-01
  -1.1358500e+00  -7.2844300e-01
  -6.1502900e-01  -1.1442700e+00
   4.0978100e-02  -1.2412600e+00
   6.4957100e-01  -9.9781400e-01
   1.0477600e+00  -4.9086000e-01
   1.1405200e+00   1.3438400e-01
   9.2069300e-01   7.1349400e-01
   4.5851700e-01   1.1089600e+00
  -1.2748800e-01   1.2382200e+00
  -7.0239200e-01   1.0813900e+00
  -1.1400600e+00   6.7666300e-01
  -1.3420400e+00   1.1142800e-01
  -1.2551000e+00  -4.8937700e-01
  -8.8817500e-01  -9.8278000e-01
  -3.2162900e-01  -1.2394100e+00
   3.0264600e-01  -1.1824700e+00
   8.1581500e-01  -8.1923800e-01
   1.0736800e+00  -2.4757600e-01
   1.0053500e+00   3.7082700e-01
   6.3726000e-01   8.6244000e-01
   8.1469100e-02   1.0977300e+00
  -5.0539700e-01   1.0276400e+00
  -9.7287700e-01   6.8850800e-01
  -1.2161300e+00   1.7944400e-01
  -1.1931400e+00  -3.7239300e-01
  -9.2218600e-01  -8.4302000e-01
  -4.6982700e-01  -1.1325500e+00
   6.2611300e-02  -1.1786200e+00
   5.5366000e-01  -9.6765100e-01
   8.8263200e-01  -5.4429900e-01
   9.5920800e-01  -1.1306200e-02
   7.5488700e-01   4.8911000e-01
   3.2150000e-01   8.1393000e-01
  -2.1700500e-01   8.6660300e-01
  -7.0184100e-01   6.3270900e-01
  -9.9249800e-01   1.8631300e-01
  -1.0130600e+00  -3.3709600e-01
  -7.7220500e-01  -7.8862800e-01
  -3.5123600e-01  -1.0532200e+00
   1.2972700e-01  -1.0776700e+00
   5.4950600e-01  -8.7367500e-01
   8.1327900e-01  -5.0338200e-01
   8.6605700e-01  -5.9422700e-02
   6.9748800e-01   3.5268300e-01
   3.4410100e-01   6.3062200e-01
  -1.1127200e-01   6.9471200e-01
  -5.4962300e-01   5.1145600e-01
  -8.4172200e-01   1.1334600e-01
  -8.8730900e-01  -3.9837000e-01
  -6.5355900e-01  -8.7699600e-01
  -1.9399900e-01  -1.1759900e+00
   3.6436300e-01  -1.1995600e+00
   8.6264800e-01  -9.3610000e-01
   1.1628500e+00  -4.5991400e-01
   1.1893200e+00   9.7508500e-02
   9.4421900e-01   5.9131300e-01
   4.9673100e-01   9.0298000e-01
  -4.2711700e-02   9.6369700e-01
  -5.4966200e-01   7.6096700e-01
  -9.0758300e-01   3.3563500e-01
  -1.0259900e+00  -2.2450100e-01
  -8.5891700e-01  -7.9509600e-01
  -4.2280000e-01  -1.2353300e+00
   1.9492200e-01  -1.4206600e+00
   8.4753500e-01  -1.2819600e+00
   1.3652200e+00  -8.3532800e-01
   1.6065000e+00  -1.8609000e-01
   1.5049200e+00   4.9951000e-01
   1.0906900e+00   1.0458000e+00
   4.7804000e-01   1.3212900e+00
  -1.7427100e-01   1.2732000e+00
  -7.1086900e-01   9.3255800e-01
  -1.0172700e+00   3.9446600e-01
  -1.0380700e+00  -2.1252200e-01
  -7.7852200e-01  -7.5504000e-01
  -2.9779100e-01  -1.1167000e+00
   3.0081000e-01  -1.2157500e+00
   8.8421400e-01  -1.0221600e+00
   1.3136400e+00  -5.7144800e-01
   1.4788400e+00   3.3695800e-02
   1.3336100e+00   6.4301600e-01
   9.1674500e-01   1.0994800e+00
   3.4500000e-01   1.2884700e+00
  -2.2299500e-01   1.1751100e+00
  -6.3840100e-01   8.1287700e-01
  -8.0762400e-01   3.2039500e-01
  -7.1381500e-01  -1.6147300e-01
  -4.0982700e-01  -5.1257400e-01
   8.1078500e-03  -6.6051600e-01
   4.3076200e-01  -5.8756900e-01
   7.5923500e-01  -3.2384000e-01
   9.1945800e-01   6.3899200e-02
   8.7257200e-01   4.8340500e-01
   6.2476400e-01   8.3089400e-01
   2.3345800e-01   1.0123800e+00
  -1.9856900e-01   9.7144900e-01
  -5.4735200e-01   7.1364300e-01
  -7.0660500e-01   3.1342000e-01
  -6.2670200e-01  -1.0510300e-01
  -3.3533000e-01  -4.0936900e-01
   7.1382700e-02  -5.0481700e-01
   4.6391900e-01  -3.6606300e-01
   7.2430200e-01  -4.0282600e-02
   7.8127500e-01   3.7530100e-01
   6.2383800e-01   7.6809300e-01
   2.9402100e-01   1.0409500e+00
  -1.3104900e-01   1.1302900e+00
  -5.5746200e-01   1.0126200e+00
  -8.8956700e-01   7.0599500e-01
  -1.0449400e+00   2.6992200e-01
  -9.7305500e-01  -1.9901700e-01
  -6.7517100e-01  -5.8281200e-01
  -2.1571800e-01  -7.7164800e-01
   2.8618000e-01  -7.0050100e-01
   6.8845700e-01  -3.7720200e-01
   8.7179500e-01   1.1344900e-01
   7.8039200e-01   6.3474000e-01
   4.3971800e-01   1.0428600e+00
  -5.5675000e-02   1.2322400e+00
  -5.7656000e-01   1.1630400e+00
  -9.9876999e-01   8.6346900e-01
  -1.2327200e+00   4.1209900e-01
  -1.2365800e+00  -8.7034600e-02
  -1.0169100e+00  -5.2654900e-01
  -6.2403100e-01  -8.1248900e-01
  -1.4543200e-01  -8.7935900e-01
   3.0580900e-01  -7.0609400e-01
   6.1279900e-01  -3.2924700e-01
   6.8645600e-01   1.5610900e-01
   4.9742000e-01   6.1587000e-01
   9.2962400e-02   9.1552600e-01
  -4.1271700e-01   9.6475799e-01
  -8.7430900e-01   7.4885700e-01
  -1.1633000e+00   3.3257200e-01
  -1.2077600e+00  -1.6475400e-01
  -1.0086400e+00  -6.1024300e-01
  -6.3026500e-01  -8.9645500e-01
  -1.7428800e-01  -9.6475099e-01
   2.4884200e-01  -8.1042900e-01
   5.4192300e-01  -4.7601000e-01
   6.3579200e-01  -4.0536700e-02
   5.0095800e-01   3.9240200e-01
   1.5798600e-01   7.1108500e-01
  -3.1787900e-01   8.2000500e-01
  -8.0621000e-01   6.6929800e-01
  -1.1697000e+00   2.7822700e-01
  -1.2957500e+00  -2.6099300e-01
  -1.1358600e+00  -8.0615600e-01
  -7.2478900e-01  -1.2089000e+00
  -1.7005900e-01  -1.3621400e+00
   3.8391800e-01  -1.2315600e+00
   8.0082500e-01  -8.5996600e-01
   9.8836699e-01  -3.4695800e-01
   9.1462599e-01   1.8325300e-01
   6.0583900e-01   6.1200800e-01
   1.3397500e-01   8.4704600e-01
  -3.9815300e-01   8.3515300e-01
  -8.7256300e-01   5.7102500e-01
  -1.1758000e+00   1.0326500e-01
  -1.2246200e+00  -4.6761000e-01
  -9.9266599e-01  -1.0062000e+00
  -5.2652500e-01  -1.3758000e+00
   6.0470000e-02  -1.4797700e+00
   6.1937000e-01  -1.2941000e+00
   1.0116500e+00  -8.7595299e-01
   1.1515100e+00  -3.4332200e-01
   1.0273600e+00   1.6500900e-01
   6.9604000e-01   5.3148700e-01
   2.5688900e-01   6.8755600e-01
  -1.8002700e-01   6.2089000e-01
  -5.1895800e-01   3.6682300e-01
  -6.9267000e-01  -6.2823000e-03
  -6.6932000e-01  -4.1094500e-01
  -4.5701100e-01  -7.5376900e-01
  -1.0622200e-01  -9.5187799e-01
   2.9529300e-01  -9.5378899e-01
   6.4093400e-01  -7.5890200e-01
   8.3612599e-01  -4.2464800e-01
   8.3126300e-01  -5.2804600e-02
   6.4137600e-01   2.4364500e-01
   3.4140700e-01   3.8041800e-01
   3.7762500e-02   3.3079900e-01
  -1.7094700e-01   1.3079500e-01
  -2.2622400e-01  -1.3980300e-01
  -1.2258800e-01  -3.8909800e-01
   9.9944899e-02  -5.4213100e-01
   3.7493900e-01  -5.5710100e-01
   6.2900100e-01  -4.2825600e-01
   7.9570200e-01  -1.8172100e-01
   8.2530899e-01   1.2974000e-01
   6.9474300e-01   4.3267200e-01
   4.1859200e-01   6.4420000e-01
   5.5528700e-02   6.9231300e-01
  -2.9857700e-01   5.4185100e-01
  -5.3513600e-01   2.1514000e-01
  -5.6906500e-01  -2.0554900e-01
  -3.7196400e-01  -5.9952000e-01
   1.3707100e-02  -8.4667499e-01
   4.8698100e-01  -8.6779599e-01
   9.2172199e-01  -6.4897800e-01
   1.2057600e+00  -2.4167000e-01
   1.2700700e+00   2.5783100e-01
   1.1000400e+00   7.3736000e-01
   7.3131800e-01   1.0944400e+00
   2.3800600e-01   1.2533200e+00
  -2.8062600e-01   1.1755300e+00
  -7.1452900e-01   8.6787599e-01
  -9.6190899e-01   3.8749900e-01
  -9.5397099e-01  -1.6154500e-01
  -6.7946600e-01  -6.4679300e-01
  -1.9739500e-01  -9.4111199e-01
   3.7242500e-01  -9.6200199e-01
   8.8200099e-01  -7.0037400e-01
   1.2000600e+00  -2.2512800e-01
   1.2511900e+00   3.3938300e-01
   1.0340000e+00   8.5307699e-01
   6.1350500e-01   1.2001300e+00
   9.5535199e-02   1.3147700e+00
  -4.0378500e-01   1.1881100e+00
  -7.8246499e-01   8.6072499e-01
  -9.6803299e-01   4.0948800e-01
  -9.2698399e-01  -6.6381700e-02
  -6.7164300e-01  -4.6071800e-01
  -2.6294200e-01  -6.8048000e-01
   1.9680300e-01  -6.6987300e-01
   5.8597200e-01  -4.3109500e-01
   7.9789899e-01  -3.0435200e-02
   7.7568899e-01   4.1777700e-01
   5.3217300e-01   7.8655199e-01
   1.4488500e-01   9.7749799e-01
  -2.7227500e-01   9.5061999e-01
  -6.0778000e-01   7.3103599e-01
  -7.8495799e-01   3.9282400e-01
  -7.7709099e-01   3.0622500e-02
  -6.0451100e-01  -2.6746300e-01
  -3.2129000e-01  -4.3721900e-01
  -3.4049000e-04  -4.4586800e-01
   2.7928800e-01  -2.9466000e-01
   4.4491800e-01  -1.9979500e-02
   4.4576500e-01   3.0891100e-01
   2.7012000e-01   6.0093400e-01
  -4.3392900e-02   7.6596099e-01
  -4.0985400e-01   7.4445899e-01
  -7.2123599e-01   5.3189100e-01
  -8.8223599e-01   1.8489300e-01
  -8.4396499e-01  -1.9614500e-01
  -6.2031700e-01  -5.0165000e-01
  -2.8028400e-01  -6.4940500e-01
   7.8534499e-02  -6.0775300e-01
   3.6180700e-01  -3.9838500e-01
   5.0258000e-01  -8.2425099e-02
   4.7185000e-01   2.6003500e-01
   2.7826000e-01   5.4798600e-01
  -3.6762300e-02   7.1245399e-01
  -4.0489200e-01   7.0713099e-01
  -7.3968499e-01   5.1956900e-01
  -9.5253099e-01   1.8086800e-01
  -9.7639799e-01  -2.3323100e-01
  -7.9062999e-01  -6.1672000e-01
  -4.3488800e-01  -8.6307999e-01
  -2.3893700e-03  -9.0072199e-01
   3.8808700e-01  -7.1886799e-01
   6.3089300e-01  -3.7166100e-01
   6.6653900e-01   4.1342800e-02
   4.9602000e-01   4.0879000e-01
   1.7349000e-01   6.4023000e-01
  -2.1535100e-01   6.8616899e-01
  -5.7758600e-01   5.4254400e-01
  -8.3186199e-01   2.4463500e-01
  -9.2039199e-01  -1.4261900e-01
  -8.1756599e-01  -5.3481100e-01
  -5.3750600e-01  -8.4083799e-01
  -1.3778600e-01  -9.8141899e-01
   2.8713000e-01  -9.1197899e-01
   6.2707900e-01  -6.4185500e-01
   7.8860799e-01  -2.3884300e-01
   7.2681199e-01   1.8733000e-01
   4.6218200e-01   5.1890200e-01
   7.3909099e-02   6.6805999e-01
  -3.2765900e-01   6.0307000e-01
  -6.3681700e-01   3.5282800e-01
  -7.8155999e-01  -8.8927799e-03
  -7.3672099e-01  -3.8931900e-01
  -5.2154600e-01  -7.0086099e-01
  -1.8873000e-01  -8.7703799e-01
   1.8799300e-01  -8.8080299e-01
   5.2553300e-01  -7.0944199e-01
   7.4488499e-01  -3.9788800e-01
   7.8870099e-01  -1.7272200e-02
   6.4022299e-01   3.3683900e-01
   3.3515500e-01   5.6853400e-01
  -4.2681300e-02   6.1203200e-01
  -3.8474100e-01   4.5608000e-01
  -5.9297700e-01   1.5001100e-01
  -6.1233000e-01  -2.1285100e-01
  -4.4651700e-01  -5.2755600e-01
  -1.5162500e-01  -7.1127499e-01
   1.8704600e-01  -7.2482199e-01
   4.8266300e-01  -5.7628800e-01
   6.6796099e-01  -3.1062800e-01
   7.0553399e-01   6.0477000e-03
   5.9014900e-01   3.0062900e-01
   3.4801400e-01   5.0447900e-01
   3.4643000e-02   5.6514700e-01
  -2.7186800e-01   4.6005100e-01
  -4.8643000e-01   2.0858400e-01
  -5.4113200e-01  -1.2520400e-01
  -4.1034500e-01  -4.4594400e-01
  -1.2477500e-01  -6.5541999e-01
   2.3460400e-01  -6.8612899e-01
   5.6246800e-01  -5.2534400e-01
   7.6442599e-01  -2.1877100e-01
   7.8654799e-01   1.4711100e-01
   6.2785399e-01   4.7474900e-01
   3.3396700e-01   6.8385499e-01
  -2.1063500e-02   7.2864299e-01
  -3.5484600e-01   6.0228499e-01
  -5.9241700e-01   3.3324100e-01
  -6.7757199e-01  -2.1102600e-02
  -5.8282600e-01  -3.8218600e-01
  -3.1897200e-01  -6.6229999e-01
   5.9841999e-02  -7.8363899e-01
   4.6234300e-01  -7.0188199e-01
   7.8140499e-01  -4.2547400e-01
   9.2604499e-01  -1.9829300e-02
   8.5212799e-01   4.0910900e-01
   5.7809800e-01   7.4750399e-01
   1.7835000e-01   9.0941099e-01
  -2.4243600e-01   8.6103299e-01
  -5.8204500e-01   6.2515499e-01
  -7.6718699e-01   2.6758000e-01
  -7.6612799e-01  -1.2512300e-01
  -5.8837999e-01  -4.6661200e-01
  -2.7746100e-01  -6.8563199e-01
   9.8041999e-02  -7.3590799e-01
   4.5455000e-01  -6.0424399e-01
   7.0759099e-01  -3.1699900e-01
   7.9140299e-01   5.9540999e-02
   6.7996799e-01   4.3064000e-01
   4.0026000e-01   6.9766299e-01
   2.8734300e-02   7.8894099e-01
  -3.3105200e-01   6.8431699e-01
  -5.8206399e-01   4.2181800e-01
  -6.6464399e-01   8.2961899e-02
  -5.7188399e-01  -2.3637100e-01
  -3.4506300e-01  -4.5622000e-01
  -5.4488300e-02  -5.3212600e-01
   2.2347100e-01  -4.5966100e-01
   4.2413600e-01  -2.6766300e-01
   5.0430300e-01  -7.4017599e-03
   4.4690600e-01   2.5754300e-01
   2.6415500e-01   4.6103300e-01
  -1.0157100e-03   5.4674200e-01
  -2.7948200e-01   4.8382400e-01
  -4.9075700e-01   2.8111100e-01
  -5.6704199e-01  -8.6226799e-03
  -4.7825400e-01  -3.0059600e-01
  -2.4617900e-01  -5.0469300e-01
   6.0553299e-02  -5.5678399e-01
   3.4978800e-01  -4.4097700e-01
   5.3734600e-01  -1.9316900e-01
   5.7300399e-01   1.1421100e-01
   4.5144200e-01   3.9756800e-01
   2.0731400e-01   5.8592899e-01
  -9.9064799e-02   6.3542499e-01
  -3.9725100e-01   5.3388500e-01
  -6.1917499e-01   2.9979500e-01
  -7.0952199e-01  -2.0499100e-02
  -6.3677099e-01  -3.5765500e-01
  -4.0465500e-01  -6.2993199e-01
  -5.8892099e-02  -7.6193299e-01
   3.1790700e-01  -7.0819599e-01
   6.2639099e-01  -4.7235200e-01
   7.8082099e-01  -1.1145600e-01
   7.3778199e-01   2.7928100e-01
   5.1059100e-01   5.9646799e-01
   1.6319600e-01   7.6083899e-01
  -2.1266200e-01   7.3872199e-01
  -5.2597600e-01   5.4592299e-01
  -7.0913799e-01   2.3639000e-01
  -7.2894499e-01  -1.1601400e-01
  -5.8740099e-01  -4.3448900e-01
  -3.1752700e-01  -6.5188199e-01
   2.2282700e-02  -7.2057299e-01
   3.5615300e-01  -6.2213599e-01
   6.0409099e-01  -3.7566900e-01
   7.0168799e-01  -3.9460900e-02
   6.2123599e-01   2.9971700e-01
   3.8479500e-01   5.5024999e-01
   6.0795899e-02   6.4501299e-01
  -2.5710600e-01   5.6412799e-01
  -4.8109600e-01   3.4066500e-01
  -5.5697899e-01   4.6827700e-02
  -4.7748700e-01  -2.3232200e-01
  -2.7786900e-01  -4.2546200e-01
  -1.9209000e-02  -4.9181400e-01
   2.3099100e-01  -4.2511000e-01
   4.1369500e-01  -2.4856100e-01
   4.8716800e-01  -6.8478799e-03
   4.3260400e-01   2.4166800e-01
   2.5906600e-01   4.3381600e-01
   6.3228099e-03   5.1441899e-01
  -2.5931200e-01   4.5274100e-01
  -4.6000400e-01   2.5694600e-01
  -5.3038599e-01  -2.1981100e-02
  -4.4179500e-01  -3.0240300e-01
  -2.1530400e-01  -4.9804399e-01
   8.3724099e-02  -5.4764399e-01
   3.6792000e-01  -4.3539400e-01
   5.5709599e-01  -1.9381100e-01
   6.0186299e-01   1.1030400e-01
   4.9361499e-01   3.9854100e-01
   2.6078100e-01   6.0192399e-01
  -4.2704000e-02   6.7416299e-01
  -3.5009500e-01   5.9717799e-01
  -5.9288599e-01   3.8254600e-01
  -7.1171599e-01   7.1304699e-02
  -6.6922499e-01  -2.6948500e-01
  -4.6342000e-01  -5.5739099e-01
  -1.3546500e-01  -7.1425399e-01
   2.3520200e-01  -6.9057699e-01
   5.5097099e-01  -4.8491999e-01
   7.2587299e-01  -1.4832300e-01
   7.1335199e-01   2.3022300e-01
   5.2017799e-01   5.5198299e-01
   2.0127500e-01   7.3854099e-01
  -1.6054800e-01   7.5184599e-01
  -4.7983799e-01   5.9866799e-01
  -6.8876399e-01   3.2196000e-01
  -7.4792799e-01  -1.3608800e-02
  -6.4935999e-01  -3.3558400e-01
  -4.1577600e-01  -5.7530199e-01
  -9.8012299e-02  -6.7898799e-01
   2.3135000e-01  -6.1987799e-01
   4.9150999e-01  -4.0890900e-01
   6.1419199e-01  -9.7818899e-02
   5.6577599e-01   2.3096800e-01
   3.6105600e-01   4.8757699e-01
   6.0633399e-02   6.0337199e-01
  -2.4875600e-01   5.5314299e-01
  -4.8310099e-01   3.6114000e-01
  -5.8684099e-01   8.9198399e-02
  -5.4556399e-01  -1.8627200e-01
  -3.8327400e-01  -3.9753500e-01
  -1.4930800e-01  -5.0058399e-01
   9.7026999e-02  -4.7994299e-01
   2.9862900e-01  -3.4674300e-01
   4.0916800e-01  -1.3466200e-01
   4.0066000e-01   1.0478800e-01
   2.7137200e-01   3.0989400e-01
   5.1284299e-02   4.2202300e-01
  -2.0042900e-01   4.0337300e-01
  -4.0959400e-01   2.5276200e-01
  -5.1042699e-01   1.0758100e-02
  -4.6919999e-01  -2.5097300e-01
  -2.9724200e-01  -4.5347999e-01
  -4.6792199e-02  -5.3763999e-01
   2.0830000e-01  -4.8280999e-01
   3.9776100e-01  -3.0992800e-01
   4.7505699e-01  -7.0193399e-02
   4.2608300e-01   1.7317300e-01
   2.6694800e-01   3.6156200e-01
   3.6128500e-02   4.5158899e-01
  -2.1399400e-01   4.2054900e-01
  -4.2502800e-01   2.6990100e-01
  -5.4209199e-01   2.7917900e-02
  -5.2676899e-01  -2.5120700e-01
  -3.7120500e-01  -4.9622199e-01
  -1.0675900e-01  -6.3707499e-01
   1.9978000e-01  -6.2788699e-01
   4.6442499e-01  -4.6505599e-01
   6.1296299e-01  -1.9121600e-01
   6.0554499e-01   1.1802100e-01
   4.4837699e-01   3.7913100e-01
   1.8849400e-01   5.2660499e-01
  -1.0410600e-01   5.2951999e-01
  -3.5780100e-01   3.9460500e-01
  -5.1589099e-01   1.5870300e-01
  -5.4531099e-01  -1.2295900e-01
  -4.3952899e-01  -3.8780400e-01
  -2.1903400e-01  -5.7559499e-01
   6.9818599e-02  -6.3889999e-01
   3.6033000e-01  -5.5520499e-01
   5.7858699e-01  -3.3745800e-01
   6.6361099e-01  -3.6661000e-02
   5.8823799e-01   2.6861500e-01
   3.7120200e-01   4.9491599e-01
   7.3344399e-02   5.8088499e-01
  -2.2187400e-01   5.0715799e-01
  -4.3554899e-01   3.0073900e-01
  -5.1672099e-01   2.3031400e-02
  -4.5341399e-01  -2.5167500e-01
  -2.6984100e-01  -4.5737099e-01
  -1.4755500e-02  -5.5004999e-01
   2.5208600e-01  -5.1275799e-01
   4.7114299e-01  -3.5519300e-01
   5.9220999e-01  -1.1136100e-01
   5.8362099e-01   1.6438400e-01
   4.4178299e-01   4.0562400e-01
   1.9730700e-01   5.4860699e-01
  -8.7941999e-02   5.5133299e-01
  -3.3596700e-01   4.0984200e-01
  -4.7663099e-01   1.6318600e-01
  -4.7130599e-01  -1.1736700e-01
  -3.2573100e-01  -3.5166900e-01
  -8.6378399e-02  -4.7682099e-01
   1.7723300e-01  -4.6520099e-01
   3.9555400e-01  -3.2826800e-01
   5.1762199e-01  -1.0755000e-01
   5.1997999e-01   1.4042900e-01
   4.0675800e-01   3.5823400e-01
   2.0528100e-01   4.9745299e-01
  -3.9255900e-02   5.2566299e-01
  -2.7012400e-01   4.3276799e-01
  -4.2890099e-01   2.3654200e-01
  -4.6994099e-01  -1.6386800e-02
  -3.7620400e-01  -2.5867700e-01
  -1.6925700e-01  -4.2045999e-01
   9.3433599e-02  -4.5230499e-01
   3.3540700e-01  -3.4333800e-01
   4.8643799e-01  -1.2579200e-01
   5.0545899e-01   1.3648600e-01
   3.9167000e-01   3.7019700e-01
   1.8065900e-01   5.1540499e-01
  -7.0328599e-02   5.4020199e-01
  -2.9991900e-01   4.4409299e-01
  -4.5630099e-01   2.5295500e-01
  -5.0515399e-01   1.0873200e-02
  -4.3390499e-01  -2.2786200e-01
  -2.5472000e-01  -4.0697699e-01
  -5.7291199e-03  -4.7885799e-01
   2.5303500e-01  -4.1773399e-01
   4.5215999e-01  -2.3132100e-01
   5.3271399e-01   3.5806000e-02
   4.6670699e-01   3.1190400e-01
   2.6885700e-01   5.1950199e-01
  -6.7878199e-03   6.0063799e-01
  -2.8469100e-01   5.3522199e-01
  -4.9237499e-01   3.4511200e-01
  -5.8128799e-01   8.3660699e-02
  -5.3674499e-01  -1.8285000e-01
  -3.7613600e-01  -3.9329199e-01
  -1.4000700e-01  -5.0366299e-01
   1.1836800e-01  -4.9245799e-01
   3.4213500e-01  -3.6233400e-01
   4.7964899e-01  -1.4036300e-01
   4.9479799e-01   1.2400400e-01
   3.7814400e-01   3.6644400e-01
   1.5435700e-01   5.2262199e-01
  -1.1995100e-01   5.4759599e-01
  -3.7065300e-01   4.3230999e-01
  -5.2911299e-01   2.0889100e-01
  -5.5467099e-01  -5.9095799e-02
  -4.4689899e-01  -2.9796600e-01
  -2.4280200e-01  -4.4756899e-01
  -1.5871100e-03  -4.7755299e-01
   2.1498900e-01  -3.9123599e-01
   3.5844000e-01  -2.1878500e-01
   4.0152299e-01  -5.6375799e-03
   3.3959700e-01   1.9827500e-01
   1.8905100e-01   3.4666200e-01
  -1.5033700e-02   4.0394999e-01
  -2.2314100e-01   3.5310600e-01
  -3.8031099e-01   2.0303700e-01
  -4.4057999e-01  -8.8890399e-03
  -3.8299799e-01  -2.2381500e-01
  -2.2187500e-01  -3.7835699e-01
  -4.7796399e-03  -4.2608499e-01
   2.0270900e-01  -3.5425000e-01
   3.3959000e-01  -1.8790400e-01
   3.6953099e-01   2.0317200e-02
   2.9021700e-01   2.0943900e-01
   1.2974800e-01   3.2938300e-01
  -6.5743999e-02   3.5287700e-01
  -2.4624400e-01   2.7802200e-01
  -3.6855799e-01   1.2447300e-01
  -4.0273399e-01  -7.2349799e-02
  -3.3638700e-01  -2.6692900e-01
  -1.7867200e-01  -4.1041099e-01
   3.7481699e-02  -4.6062999e-01
   2.5874400e-01  -3.9497599e-01
   4.2329599e-01  -2.2156400e-01
   4.7961799e-01   1.7938500e-02
   4.0529199e-01   2.5798700e-01
   2.1703700e-01   4.2945799e-01
  -3.3520100e-02   4.8266199e-01
  -2.7697000e-01   4.0324399e-01
  -4.4854199e-01   2.1471800e-01
  -5.0641999e-01  -3.1846100e-02
  -4.3993399e-01  -2.7477500e-01
  -2.6755300e-01  -4.5778399e-01
  -2.9011800e-02  -5.4054399e-01
   2.2374800e-01  -5.0388199e-01
   4.3500499e-01  -3.5217100e-01
   5.5428899e-01  -1.1429900e-01
   5.4740599e-01   1.5835500e-01
   4.0794099e-01   4.0018699e-01
   1.6420700e-01   5.4708699e-01
  -1.2400400e-01   5.5607199e-01
  -3.8077299e-01   4.2112899e-01
  -5.3719199e-01   1.7742400e-01
  -5.5318899e-01  -1.0913800e-01
  -4.2895099e-01  -3.6306299e-01
  -2.0196200e-01  -5.2214499e-01
   6.7465399e-02  -5.5316099e-01
   3.1466100e-01  -4.5617899e-01
   4.8582499e-01  -2.5925400e-01
   5.4678199e-01  -8.6936899e-03
   4.8642699e-01   2.4072300e-01
   3.1762800e-01   4.3449299e-01
   7.6515799e-02   5.2758499e-01
  -1.8174700e-01   4.9493099e-01
  -3.9340799e-01   3.4089000e-01
  -5.0267399e-01   1.0259700e-01
  -4.7960799e-01  -1.5730000e-01
  -3.3163600e-01  -3.6841199e-01
  -1.0240100e-01  -4.7491499e-01
   1.4263000e-01  -4.5317999e-01
   3.3786700e-01  -3.1729600e-01
   4.3732399e-01  -1.1106700e-01
   4.2493999e-01   1.0852800e-01
   3.1364400e-01   2.8843300e-01
   1.3682700e-01   3.9103499e-01
  -6.2078099e-02   3.9867199e-01
  -2.3819900e-01   3.1362400e-01
  -3.5195299e-01   1.5666300e-01
  -3.7584699e-01  -3.5263899e-02
  -3.0200200e-01  -2.1430000e-01
  -1.4780700e-01  -3.3205800e-01
   4.4887099e-02  -3.5401999e-01
   2.2002000e-01  -2.7275200e-01
   3.2511200e-01  -1.1303500e-01
   3.2970700e-01   7.5147599e-02
   2.3606800e-01   2.3387600e-01
   7.7132299e-02   3.1739500e-01
  -9.6839399e-02   3.0629000e-01
  -2.3614000e-01   2.1045400e-01
  -3.0604900e-01   6.1699599e-02
  -2.9324500e-01  -9.8543798e-02
  -2.0475200e-01  -2.3040900e-01
  -6.3245099e-02  -3.0272400e-01
   9.7884198e-02  -2.9701700e-01
   2.3926300e-01  -2.1073400e-01
   3.2203500e-01  -6.0264399e-02
   3.1753600e-01   1.1868000e-01
   2.1825700e-01   2.7691400e-01
   4.4872899e-02   3.6503199e-01
  -1.5607900e-01   3.5044799e-01
  -3.2541999e-01   2.3091100e-01
  -4.1111099e-01   3.7485599e-02
  -3.8622399e-01  -1.7524700e-01
  -2.5728200e-01  -3.4762399e-01
  -6.0126199e-02  -4.3381099e-01
   1.5339700e-01  -4.1364999e-01
   3.3108399e-01  -2.9456500e-01
   4.3235599e-01  -1.0581000e-01
   4.3451199e-01   1.1018600e-01
   3.3487499e-01   3.0593200e-01
   1.5127100e-01   4.3616699e-01
  -7.8809999e-02   4.6596899e-01
  -3.0262700e-01   3.8019199e-01
  -4.6261199e-01   1.9152400e-01
  -5.1217599e-01  -5.7815399e-02
  -4.3185999e-01  -3.0460000e-01
  -2.3847600e-01  -4.8249699e-01
   1.8128600e-02  -5.4310899e-01
   2.7039000e-01  -4.7140699e-01
   4.5422499e-01  -2.8917200e-01
   5.2734399e-01  -4.5863499e-02
   4.7821099e-01   1.9789000e-01
   3.2451599e-01   3.8677299e-01
   1.0482500e-01   4.8193499e-01
  -1.3155700e-01   4.6587899e-01
  -3.3353299e-01   3.4331399e-01
  -4.5619199e-01   1.4026100e-01
  -4.6926699e-01  -9.8706398e-02
  -3.6581899e-01  -3.1729099e-01
  -1.6789500e-01  -4.5987599e-01
   7.5443599e-02  -4.8752799e-01
   3.0006000e-01  -3.9179499e-01
   4.4594999e-01  -1.9948400e-01
   4.7645399e-01   3.5048399e-02
   3.8931599e-01   2.4764900e-01
   2.1512900e-01   3.8471999e-01
   4.8574099e-03   4.1787299e-01
  -1.8710600e-01   3.4816699e-01
  -3.1718899e-01   2.0083600e-01
  -3.6029399e-01   1.5293400e-02
  -3.1139599e-01  -1.6467100e-01
  -1.8407600e-01  -2.9840900e-01
  -8.1088599e-03  -3.5461499e-01
   1.7439300e-01  -3.1774499e-01
   3.1641199e-01  -1.9402300e-01
   3.7781099e-01  -1.3697600e-02
   3.3867299e-01   1.7423300e-01
   2.0835200e-01   3.1561899e-01
   2.4749000e-02   3.6898699e-01
  -1.5750600e-01   3.2012899e-01
  -2.8559100e-01   1.8670400e-01
  -3.2576899e-01   1.0850300e-02
  -2.7229800e-01  -1.5631300e-01
  -1.4555100e-01  -2.7097600e-01
   1.7657800e-02  -3.0734899e-01
   1.7582100e-01  -2.6061300e-01
   2.9196100e-01  -1.4423100e-01
   3.3922799e-01   1.4709200e-02
   3.0454099e-01   1.8007100e-01
   1.9190400e-01   3.1190099e-01
   2.4621800e-02   3.7417199e-01
  -1.5662100e-01   3.4505599e-01
  -3.0243799e-01   2.2643600e-01
  -3.6936999e-01   4.7302499e-02
  -3.3531399e-01  -1.4272400e-01
  -2.0864400e-01  -2.8882600e-01
  -2.6159100e-02  -3.4939499e-01
   1.5963700e-01  -3.0947999e-01
   2.9815199e-01  -1.8380400e-01
   3.5558399e-01  -9.2662898e-03
   3.2184399e-01   1.6826000e-01
   2.0913600e-01   3.0660899e-01
   4.5656499e-02   3.7553099e-01
  -1.3154900e-01   3.6032699e-01
  -2.8276300e-01   2.6312700e-01
  -3.7173999e-01   1.0340500e-01
  -3.7330199e-01  -8.3188099e-02
  -2.8172400e-01  -2.5022500e-01
  -1.1631900e-01  -3.5157999e-01
   8.0304399e-02  -3.5593799e-01
   2.5324800e-01  -2.5898900e-01
   3.5269699e-01  -8.7040398e-02
   3.5066999e-01   1.1073500e-01
   2.4986200e-01   2.7863600e-01
   8.1061099e-02   3.7229999e-01
  -1.0871900e-01   3.7080599e-01
  -2.7131300e-01   2.7934900e-01
  -3.6948999e-01   1.2387100e-01
  -3.8314999e-01  -5.7895999e-02
  -3.1055899e-01  -2.2489800e-01
  -1.6728300e-01  -3.3943699e-01
   1.5747600e-02  -3.7323699e-01
   1.9605700e-01  -3.1400999e-01
   3.2741499e-01  -1.7137400e-01
   3.7187899e-01   2.1512500e-02
   3.1279199e-01   2.1404500e-01
   1.6291000e-01   3.5220199e-01
  -3.7340099e-02   3.9601599e-01
  -2.3213600e-01   3.3319699e-01
  -3.6838599e-01   1.8281600e-01
  -4.1208499e-01  -1.2302000e-02
  -3.5653899e-01  -2.0043600e-01
  -2.2066400e-01  -3.3625699e-01
  -4.0338599e-02  -3.9100899e-01
   1.4208600e-01  -3.5595999e-01
   2.8641799e-01  -2.4110400e-01
   3.6077699e-01  -7.2052999e-02
   3.4672899e-01   1.1371300e-01
   2.4424000e-01   2.7239400e-01
   7.4907799e-02   3.6278899e-01
  -1.1987700e-01   3.5792699e-01
  -2.8817099e-01   2.5547400e-01
  -3.8273399e-01   8.1477898e-02
  -3.7681599e-01  -1.1599000e-01
  -2.7350699e-01  -2.8193499e-01
  -1.0423600e-01  -3.7229799e-01
   8.2766498e-02  -3.6706699e-01
   2.3853400e-01  -2.7379599e-01
   3.2704999e-01  -1.2172900e-01
   3.3216499e-01   4.9125599e-02
   2.5764500e-01   1.9868200e-01
   1.2330300e-01   2.9422099e-01
  -3.9740199e-02   3.1483799e-01
  -1.9382800e-01   2.5468200e-01
  -3.0089099e-01   1.2563900e-01
  -3.3103399e-01  -4.2246199e-02
  -2.7225699e-01  -2.0548700e-01
  -1.3717300e-01  -3.1814799e-01
   3.7853299e-02  -3.4647499e-01
   2.0284400e-01  -2.8124799e-01
   3.1048499e-01  -1.4185300e-01
   3.3183699e-01   3.0327099e-02
   2.6476299e-01   1.8635900e-01
   1.3216200e-01   2.8553299e-01
  -2.7831799e-02   3.0605299e-01
  -1.7426800e-01   2.4778300e-01
  -2.7332099e-01   1.2850800e-01
  -3.0371199e-01  -2.2486100e-02
  -2.5875500e-01  -1.7052000e-01
  -1.4710200e-01  -2.8088599e-01
   7.2693299e-03  -3.2482399e-01
   1.6752700e-01  -2.8685599e-01
   2.9110399e-01  -1.7164700e-01
   3.4144899e-01  -6.4625699e-03
   3.0079599e-01   1.6417900e-01
   1.7814400e-01   2.9154199e-01
   7.8377298e-03   3.3885399e-01
  -1.6153500e-01   2.9371899e-01
  -2.8335199e-01   1.7137100e-01
  -3.2726899e-01   7.9080698e-03
  -2.8623499e-01  -1.5257100e-01
  -1.7500700e-01  -2.7087399e-01
  -2.3080100e-02  -3.2117299e-01
   1.3364000e-01  -2.9405299e-01
   2.5970399e-01  -1.9611000e-01
   3.2552599e-01  -4.8341899e-02
   3.1273199e-01   1.1627900e-01
   2.1977400e-01   2.5765799e-01
   6.5711299e-02   3.3729899e-01
  -1.1136000e-01   3.2981999e-01
  -2.6327499e-01   2.3305700e-01
  -3.4643299e-01   7.1447399e-02
  -3.3656999e-01  -1.1025800e-01
  -2.3714800e-01  -2.6128699e-01
  -7.7579298e-02  -3.4126699e-01
   9.7548398e-02  -3.3194599e-01
   2.4296900e-01  -2.4014500e-01
   3.2486399e-01  -9.2482098e-02
   3.2704399e-01   7.4074599e-02
   2.5143799e-01   2.2137200e-01
   1.1549800e-01   3.1677299e-01
  -5.1214299e-02   3.3791499e-01
  -2.1116400e-01   2.7695799e-01
  -3.2515299e-01   1.4427100e-01
  -3.6158999e-01  -3.0664799e-02
  -3.0680099e-01  -2.0406500e-01
  -1.7196400e-01  -3.2910599e-01
   7.7772598e-03  -3.7061499e-01
   1.8328000e-01  -3.1722999e-01
   3.0711699e-01  -1.8540600e-01
   3.4852899e-01  -1.3309900e-02
   3.0152099e-01   1.5244100e-01
   1.8371700e-01   2.7115099e-01
   2.8142199e-02   3.1793199e-01
  -1.2724800e-01   2.8683799e-01
  -2.4814099e-01   1.8873900e-01
  -3.0918099e-01   4.7048799e-02
  -2.9719199e-01  -1.0663000e-01
  -2.1376500e-01  -2.3718100e-01
  -7.6961598e-02  -3.1237699e-01
   8.0135498e-02  -3.1126499e-01
   2.1619200e-01  -2.3212700e-01
   2.9336299e-01  -9.5819098e-02
   2.9010699e-01   5.8794999e-02
   2.0934000e-01   1.8692100e-01
   7.7671098e-02   2.5287599e-01
  -6.4271299e-02   2.4161599e-01
  -1.7602400e-01   1.6196800e-01
  -2.2968800e-01   4.1123299e-02
  -2.1599600e-01  -8.5943298e-02
  -1.4337400e-01  -1.8689400e-01
  -3.2727099e-02  -2.3877700e-01
   8.8537098e-02  -2.3074700e-01
   1.9144600e-01  -1.6460200e-01
   2.4991999e-01  -5.4747499e-02
   2.4609999e-01   7.2767798e-02
   1.7640400e-01   1.8410700e-01
   5.5778199e-02   2.4572599e-01
  -8.3411898e-02   2.3530200e-01
  -1.9967000e-01   1.5117600e-01
  -2.5583599e-01   1.5296200e-02
  -2.3233500e-01  -1.3285300e-01
  -1.3424700e-01  -2.4935899e-01
   1.0910600e-02  -3.0044599e-01
   1.6318700e-01  -2.7237599e-01
   2.8302499e-01  -1.7343600e-01
   3.4158799e-01  -2.8919099e-02
   3.2584199e-01   1.2715600e-01
   2.3896299e-01   2.5985299e-01
   9.8397398e-02   3.3918499e-01
  -6.6807399e-02   3.4478299e-01
  -2.1981100e-01   2.7047499e-01
  -3.2244599e-01   1.2820800e-01
  -3.4473999e-01  -5.1245199e-02
  -2.7514199e-01  -2.2355100e-01
  -1.2693100e-01  -3.4236999e-01
   6.3319399e-02  -3.7381699e-01
   2.4598399e-01  -3.0794799e-01
   3.7374699e-01  -1.6211100e-01
   4.1581399e-01   2.5265899e-02
   3.6546199e-01   2.0736700e-01
   2.3904799e-01   3.4249599e-01
   6.8688399e-02   4.0346999e-01
  -1.0711100e-01   3.8113999e-01
  -2.5144799e-01   2.8344199e-01
  -3.3473999e-01   1.3249700e-01
  -3.3919899e-01  -3.8939199e-02
  -2.6290699e-01  -1.9233500e-01
  -1.2250000e-01  -2.9078299e-01
   4.8094599e-02  -3.0863599e-01
   2.0489400e-01  -2.4040399e-01
   3.0624099e-01  -1.0452900e-01
   3.2611099e-01   6.1025199e-02
   2.6263199e-01   2.1065300e-01
   1.3788600e-01   3.0583199e-01
  -1.0769300e-02   3.2653299e-01
  -1.4363400e-01   2.7500799e-01
  -2.3015799e-01   1.7171400e-01
  -2.5508599e-01   4.6721499e-02
  -2.1886300e-01  -6.8992598e-02
  -1.3462900e-01  -1.4962300e-01
  -2.4448799e-02  -1.7800500e-01
   8.4274498e-02  -1.4796600e-01
   1.6316100e-01  -6.6402499e-02
   1.8911400e-01   4.6062699e-02
   1.5174900e-01   1.5811900e-01
   5.8947399e-02   2.3572699e-01
  -6.3199299e-02   2.5325999e-01
  -1.7771700e-01   2.0334100e-01
  -2.4923499e-01   1.0046900e-01
  -2.5640699e-01  -2.3808399e-02
  -1.9877600e-01  -1.3218400e-01
  -9.5443998e-02  -1.9421500e-01
   2.2928999e-02  -1.9494200e-01
   1.2440100e-01  -1.3691000e-01
   1.8392900e-01  -3.6662499e-02
   1.8752700e-01   8.1100398e-02
   1.3323000e-01   1.8891000e-01
   3.0812499e-02   2.6080899e-01
  -9.8929698e-02   2.7658999e-01
  -2.2635499e-01   2.2684399e-01
  -3.1838299e-01   1.1778400e-01
  -3.4738099e-01  -2.7074899e-02
  -3.0097399e-01  -1.7112700e-01
  -1.8829800e-01  -2.7495399e-01
  -3.8862599e-02  -3.0926899e-01
   1.0643400e-01  -2.6502799e-01
   2.0864200e-01  -1.5617400e-01
   2.4274599e-01  -1.4041700e-02
   2.0364600e-01   1.2349500e-01
   1.0488500e-01   2.2312699e-01
  -2.7574799e-02   2.6343499e-01
  -1.6283200e-01   2.3740299e-01
  -2.7115699e-01   1.5163100e-01
  -3.2846399e-01   2.4379999e-02
  -3.2028399e-01  -1.1689400e-01
  -2.4577399e-01  -2.3952799e-01
  -1.2044400e-01  -3.1240399e-01
   2.5084299e-02  -3.1487999e-01
   1.5203800e-01  -2.4479699e-01
   2.2506499e-01  -1.2136100e-01
   2.2417599e-01   1.9661500e-02
   1.5175300e-01   1.3736100e-01
   3.1353399e-02   1.9910200e-01
  -1.0100600e-01   1.9030300e-01
  -2.0888800e-01   1.1700300e-01
  -2.6563799e-01   1.4203600e-03
  -2.5954499e-01  -1.2619600e-01
  -1.9392500e-01  -2.3552999e-01
  -8.4356198e-02  -3.0183199e-01
   4.4796699e-02  -3.0945499e-01
   1.6407000e-01  -2.5456899e-01
   2.4382699e-01  -1.4737800e-01
   2.6117899e-01  -1.2381900e-02
   2.0768800e-01   1.1553000e-01
   9.4547698e-02   1.9993000e-01
  -4.8292499e-02   2.1444099e-01
  -1.8026700e-01   1.5241300e-01
  -2.6307599e-01   3.0060799e-02
  -2.7307799e-01  -1.1872100e-01
  -2.0805599e-01  -2.5365799e-01
  -8.6124298e-02  -3.4050599e-01
   6.1615399e-02  -3.5970399e-01
   2.0061000e-01  -3.0909499e-01
   3.0082799e-01  -2.0170600e-01
   3.4163399e-01  -6.1298199e-02
   3.1433299e-01   8.2251498e-02
   2.2368599e-01   1.9753400e-01
   8.8526198e-02   2.5712999e-01
  -6.0060799e-02   2.4437699e-01
  -1.8468500e-01   1.5968200e-01
  -2.5155999e-01   2.3086499e-02
  -2.4137199e-01  -1.2961800e-01
  -1.5643600e-01  -2.5712499e-01
  -2.0459399e-02  -3.2563399e-01
   1.2939900e-01  -3.1927199e-01
   2.5475699e-01  -2.4368699e-01
   3.2725499e-01  -1.2203000e-01
   3.3473799e-01   1.3876700e-02
   2.8137199e-01   1.3284600e-01
   1.8370300e-01   2.1085699e-01
   6.5596198e-02   2.3416499e-01
  -4.6228699e-02   2.0032500e-01
  -1.2626200e-01   1.1850500e-01
  -1.5495000e-01   8.9852298e-03
  -1.2413600e-01  -9.9680898e-02
  -4.1295999e-02  -1.7707300e-01
   7.0407598e-02  -2.0001399e-01
   1.7800300e-01  -1.6103200e-01
   2.4928399e-01  -7.1975198e-02
   2.6392399e-01   3.9616799e-02
   2.2018999e-01   1.4025500e-01
   1.3436400e-01   2.0205999e-01
   3.3693199e-02   2.1114599e-01
  -5.3349699e-02   1.6989900e-01
  -1.0515000e-01   9.3588898e-02
  -1.1094900e-01   4.2638099e-03
  -7.1109198e-02  -7.4987198e-02
   4.4022599e-03  -1.2406000e-01
   9.7794598e-02  -1.2877700e-01
   1.8567800e-01  -8.3888398e-02
   2.4304499e-01   3.9811199e-03
   2.4968699e-01   1.1527900e-01
   1.9759599e-01   2.2067499e-01
   9.5970198e-02   2.8903899e-01
  -2.9511899e-02   2.9795199e-01
  -1.4408400e-01   2.4229199e-01
  -2.1537499e-01   1.3673300e-01
  -2.2411299e-01   1.0816000e-02
  -1.6958800e-01  -1.0109300e-01
  -6.8206198e-02  -1.7039700e-01
   5.3056699e-02  -1.8130100e-01
   1.6470200e-01  -1.3272500e-01
   2.4116399e-01  -3.6314999e-02
   2.6476099e-01   8.7096098e-02
   2.2804699e-01   2.1108899e-01
   1.3561500e-01   3.0755099e-01
   5.0450499e-03   3.5188399e-01
  -1.3473400e-01   3.2960099e-01
  -2.4926299e-01   2.4231699e-01
  -3.0809699e-01   1.0989800e-01
  -2.9492399e-01  -3.3666099e-02
  -2.1380799e-01  -1.5020100e-01
  -8.8337998e-02  -2.0946999e-01
   4.6232199e-02  -1.9843699e-01
   1.5439000e-01  -1.2401700e-01
   2.1048099e-01  -8.9543498e-03
   2.0404099e-01   1.1637500e-01
   1.3976800e-01   2.2233599e-01
   3.4072999e-02   2.8591999e-01
  -8.9304398e-02   2.9383099e-01
  -2.0338999e-01   2.4395599e-01
  -2.8221999e-01   1.4618700e-01
  -3.0609399e-01   2.2032299e-02
  -2.6741899e-01  -9.8565097e-02
  -1.7492900e-01  -1.8418300e-01
  -5.3326599e-02  -2.1135699e-01
   6.3052898e-02  -1.7295900e-01
   1.4099500e-01  -8.1459898e-02
   1.5933200e-01   3.4950999e-02
   1.1537500e-01   1.4197700e-01
   2.4373099e-02   2.1035899e-01
  -8.7018798e-02   2.2394999e-01
  -1.8970399e-01   1.8221200e-01
  -2.5969899e-01   9.7698697e-02
  -2.8233499e-01  -8.8899998e-03
  -2.5350799e-01  -1.1358600e-01
  -1.7955100e-01  -1.9312199e-01
  -7.6581098e-02  -2.2866499e-01
   3.1289799e-02  -2.1008399e-01
   1.1628100e-01  -1.4005700e-01
   1.5413300e-01  -3.5791399e-02
   1.3230300e-01   7.3939798e-02
   5.5561998e-02   1.5684800e-01
  -5.4243099e-02   1.8771699e-01
  -1.6498200e-01   1.5709600e-01
  -2.4496799e-01   7.4213298e-02
  -2.7302199e-01  -3.7015399e-02
  -2.4385399e-01  -1.4663300e-01
  -1.6744800e-01  -2.2783799e-01
  -6.4105098e-02  -2.6326399e-01
   4.1771399e-02  -2.4719599e-01
   1.2680700e-01  -1.8487499e-01
   1.7226300e-01  -9.0707698e-02
   1.6701400e-01   1.3832300e-02
   1.1052700e-01   1.0328200e-01
   1.4985700e-02   1.5331200e-01
  -9.5488297e-02   1.4764000e-01
  -1.9008799e-01   8.4473498e-02
  -2.4039899e-01  -2.0893599e-02
  -2.3008199e-01  -1.3958700e-01
  -1.6086900e-01  -2.3815599e-01
  -5.1982499e-02  -2.8953699e-01
   6.6736998e-02  -2.8134999e-01
   1.6473700e-01  -2.1836899e-01
   2.1941499e-01  -1.1908300e-01
   2.2066199e-01  -8.9254498e-03
   1.7106100e-01   8.6517698e-02
   8.3497798e-02   1.4635200e-01
  -2.1898699e-02   1.5727600e-01
  -1.2084300e-01   1.1562400e-01
  -1.8875699e-01   2.9031399e-02
  -2.0613499e-01  -8.3257798e-02
  -1.6469500e-01  -1.9321399e-01
  -7.1799498e-02  -2.7079099e-01
   4.9732099e-02  -2.9314899e-01
   1.6765500e-01  -2.5272699e-01
   2.5043099e-01  -1.6034100e-01
   2.7737499e-01  -4.1602399e-02
   2.4455399e-01   7.1846098e-02
   1.6437900e-01   1.5231500e-01
   5.9987298e-02   1.8324599e-01
  -4.2362499e-02   1.6158200e-01
  -1.1967000e-01   9.6018197e-02
  -1.5595400e-01   3.3928899e-03
  -1.4395600e-01  -9.4926697e-02
  -8.6038398e-02  -1.7631899e-01
   5.3630998e-03  -2.2068099e-01
   1.0879600e-01  -2.1520099e-01
   1.9778699e-01  -1.5909000e-01
   2.4794899e-01  -6.5809198e-02
   2.4510199e-01   3.9455099e-02
   1.9085099e-01   1.2726700e-01
   1.0257700e-01   1.7376199e-01
   7.4005098e-03   1.6862800e-01
  -6.7316898e-02   1.1775600e-01
  -1.0269900e-01   3.9797399e-02
  -9.2900897e-02  -4.1155799e-02
  -4.4564799e-02  -1.0316400e-01
   2.7144699e-02  -1.3144900e-01
   1.0330300e-01  -1.2018200e-01
   1.6505400e-01  -7.2199698e-02
   1.9648699e-01   1.8728399e-03
   1.8749799e-01   8.4804998e-02
   1.3697500e-01   1.5520600e-01
   5.5166298e-02   1.9226099e-01
  -3.6927099e-02   1.8228599e-01
  -1.1251800e-01   1.2470500e-01
  -1.4750800e-01   3.4198399e-02
  -1.2923100e-01  -6.2895698e-02
  -6.1485998e-02  -1.3708600e-01
   3.6572399e-02  -1.6564600e-01
   1.3711100e-01  -1.3972100e-01
   2.1266499e-01  -6.6015998e-02
   2.4373799e-01   3.6716599e-02
   2.2259799e-01   1.4390000e-01
   1.5333200e-01   2.3119899e-01
   4.9777699e-02   2.7889599e-01
  -6.7143098e-02   2.7481099e-01
  -1.7241699e-01   2.1662399e-01
  -2.4107899e-01   1.1374500e-01
  -2.5397499e-01  -1.2554000e-02
  -2.0406799e-01  -1.3243700e-01
  -1.0062400e-01  -2.1476499e-01
   3.1489899e-02  -2.3649899e-01
   1.5825400e-01  -1.9056799e-01
   2.4673399e-01  -8.8620397e-02
   2.7503299e-01   4.2746099e-02
   2.3801599e-01   1.7056599e-01
   1.4706600e-01   2.6515199e-01
   2.5037199e-02   3.0713899e-01
  -1.0067100e-01   2.9025499e-01
  -2.0417999e-01   2.2050199e-01
  -2.6527899e-01   1.1360500e-01
  -2.7217299e-01  -7.9513498e-03
  -2.2364099e-01  -1.1829900e-01
  -1.3044000e-01  -1.9276399e-01
  -1.4554700e-02  -2.1376399e-01
   9.5096797e-02  -1.7651499e-01
   1.7037299e-01  -9.1850997e-02
   1.9264299e-01   1.6049700e-02
   1.5889100e-01   1.1700700e-01
   8.2296697e-02   1.8456999e-01
  -1.3021900e-02   2.0405899e-01
  -1.0060100e-01   1.7572999e-01
  -1.5970400e-01   1.1242200e-01
  -1.7988499e-01   3.3721699e-02
  -1.6137500e-01  -4.0256199e-02
  -1.1273600e-01  -9.3228997e-02
  -4.7839199e-02  -1.1489300e-01
   1.6746299e-02  -1.0188700e-01
   6.4304198e-02  -5.8506698e-02
   8.1337397e-02   3.0929999e-03
   6.1722198e-02   6.4524698e-02
   1.0091300e-02   1.0562400e-01
  -5.7880198e-02   1.1107300e-01
  -1.1965600e-01   7.6617298e-02
  -1.5354100e-01   1.1682700e-02
  -1.4674400e-01  -6.3393498e-02
  -1.0012300e-01  -1.2461600e-01
  -2.7487599e-02  -1.5282900e-01
   4.9844998e-02  -1.3974300e-01
   1.1038100e-01  -8.9359097e-02
   1.3843800e-01  -1.5225000e-02
   1.2704900e-01   6.4280498e-02
   7.8112998e-02   1.3035000e-01
   1.2218400e-03   1.6691399e-01
  -8.7771397e-02   1.6306599e-01
  -1.6866699e-01   1.1554700e-01
  -2.2032199e-01   3.1079899e-02
  -2.2596799e-01  -7.2950898e-02
  -1.7918499e-01  -1.7124699e-01
  -8.7867397e-02  -2.3715299e-01
   2.6429899e-02  -2.5115999e-01
   1.3439200e-01  -2.0783799e-01
   2.0808099e-01  -1.1800100e-01
   2.2954099e-01  -5.0697098e-03
   1.9542899e-01   1.0260900e-01
   1.1642100e-01   1.8003299e-01
   1.2639500e-02   2.1131699e-01
  -9.2213597e-02   1.9178399e-01
  -1.7584599e-01   1.2720000e-01
  -2.2082099e-01   3.1765899e-02
  -2.1709899e-01  -7.4215798e-02
  -1.6428799e-01  -1.6729899e-01
  -7.3126398e-02  -2.2527999e-01
   3.5290999e-02  -2.3291299e-01
   1.3385100e-01  -1.8727999e-01
   1.9692299e-01  -1.0013500e-01
   2.0853899e-01   4.7069398e-03
   1.6775899e-01   9.8640197e-02
   8.8689197e-02   1.5743899e-01
  -4.8449798e-03   1.6850999e-01
  -8.7432197e-02   1.3344900e-01
  -1.3946300e-01   6.5589998e-02
  -1.5121800e-01  -1.5455399e-02
  -1.2324600e-01  -8.9472597e-02
  -6.4432198e-02  -1.3971800e-01
   1.0565900e-02  -1.5524599e-01
   8.3785797e-02  -1.3237900e-01
   1.3683000e-01  -7.5893998e-02
   1.5481199e-01   6.7322898e-04
   1.3101100e-01   7.6973197e-02
   7.0389998e-02   1.3083100e-01
  -1.0313000e-02   1.4528600e-01
  -8.7077597e-02   1.1494700e-01
  -1.3646400e-01   4.8561798e-02
  -1.4366000e-01  -3.3742099e-02
  -1.0721100e-01  -1.0747100e-01
  -3.8608399e-02  -1.5189800e-01
   4.2512399e-02  -1.5591899e-01
   1.1489600e-01  -1.1981000e-01
   1.6113699e-01  -5.3379298e-02
   1.7072299e-01   2.7605099e-02
   1.4101200e-01   1.0492000e-01
   7.7283097e-02   1.6081199e-01
  -7.6053997e-03   1.8090799e-01
  -9.4539797e-02   1.5762999e-01
  -1.6154899e-01   9.3485897e-02
  -1.8948599e-01   2.4368999e-03
  -1.6847299e-01  -9.2443897e-02
  -1.0229400e-01  -1.6527599e-01
  -8.2440497e-03  -1.9563799e-01
   8.8090797e-02  -1.7538199e-01
   1.6109399e-01  -1.1101200e-01
   1.9292999e-01  -2.0801999e-02
   1.7786899e-01   7.1660098e-02
   1.2214500e-01   1.4444500e-01
   4.0551399e-02   1.8220299e-01
  -4.7993798e-02   1.7821099e-01
  -1.2426700e-01   1.3435900e-01
  -1.7169299e-01   6.0309498e-02
  -1.7907699e-01  -2.7736199e-02
  -1.4346600e-01  -1.0930700e-01
  -7.2310498e-02  -1.6378699e-01
   1.6784699e-02  -1.7612199e-01
   9.9949597e-02  -1.4223400e-01
   1.5407199e-01  -7.1468098e-02
   1.6443199e-01   1.5695099e-02
   1.2963700e-01   9.4250797e-02
   6.1622098e-02   1.4290400e-01
  -1.9095899e-02   1.5045499e-01
  -9.0516197e-02   1.1796300e-01
  -1.3545300e-01   5.6619298e-02
  -1.4497100e-01  -1.6806599e-02
  -1.1881400e-01  -8.4590597e-02
  -6.4100098e-02  -1.3140200e-01
   6.4096998e-03  -1.4648799e-01
   7.6170797e-02  -1.2547700e-01
   1.2751700e-01  -7.2071898e-02
   1.4570699e-01   1.2842700e-03
   1.2372100e-01   7.5207997e-02
   6.5842398e-02   1.2829400e-01
  -1.2260600e-02   1.4399200e-01
  -8.7877097e-02   1.1668400e-01
  -1.3870300e-01   5.4051198e-02
  -1.5030199e-01  -2.5548299e-02
  -1.2040400e-01  -9.9516297e-02
  -5.8532998e-02  -1.4832399e-01
   1.8174499e-02  -1.6070399e-01
   9.0548397e-02  -1.3529200e-01
   1.4203100e-01  -7.9294997e-02
   1.6141099e-01  -5.8308498e-03
   1.4411699e-01   6.8728698e-02
   9.2952797e-02   1.2724500e-01
   1.8457399e-02   1.5477699e-01
  -6.1993798e-02   1.4234400e-01
  -1.2744600e-01   9.0580597e-02
  -1.5902099e-01   1.1338300e-02
  -1.4628899e-01  -7.4470797e-02
  -9.1545597e-02  -1.4287299e-01
  -9.7095497e-03  -1.7460599e-01
   7.6492097e-02  -1.6141499e-01
   1.4401799e-01  -1.0820400e-01
   1.7647099e-01  -3.0460999e-02
   1.6789299e-01   5.1363598e-02
   1.2271900e-01   1.1782900e-01
   5.3053198e-02   1.5469599e-01
  -2.4825299e-02   1.5483199e-01
  -9.3537697e-02   1.1861800e-01
  -1.3727600e-01   5.3801398e-02
  -1.4469799e-01  -2.5169099e-02
  -1.1213200e-01  -9.9145296e-02
  -4.6004098e-02  -1.4838399e-01
   3.7300999e-02  -1.5826999e-01
   1.1524800e-01  -1.2464200e-01
   1.6594799e-01  -5.6117098e-02
   1.7539499e-01   2.8174399e-02
   1.4201199e-01   1.0483100e-01
   7.6576997e-02   1.5379199e-01
  -2.1259699e-03   1.6411999e-01
  -7.3654297e-02   1.3596000e-01
  -1.2146800e-01   7.8771597e-02
  -1.3603700e-01   7.5371797e-03
  -1.1552800e-01  -6.1068998e-02
  -6.5180798e-02  -1.1161900e-01
   3.6942899e-03  -1.3223200e-01
   7.5139997e-02  -1.1687900e-01
   1.3119300e-01  -6.7621398e-02
   1.5616499e-01   4.3672398e-03
   1.4170399e-01   8.0483997e-02
   9.0512797e-02   1.3958399e-01
   1.6531699e-02   1.6475099e-01
  -5.9167998e-02   1.4918499e-01
  -1.1537400e-01   9.8519396e-02
  -1.3764099e-01   2.8481899e-02
  -1.2225400e-01  -4.0849299e-02
  -7.6026597e-02  -9.1493197e-02
  -1.2842400e-02  -1.1212200e-01
   5.0927798e-02  -9.9633796e-02
   1.0023700e-01  -5.8366498e-02
   1.2377300e-01   1.6677199e-03
   1.1549800e-01   6.6606498e-02
   7.5973997e-02   1.2076800e-01
   1.3314100e-02   1.4957499e-01
  -5.7327698e-02   1.4350099e-01
  -1.1682100e-01   1.0191500e-01
  -1.4755099e-01   3.4801799e-02
  -1.3953999e-01  -3.9252599e-02
  -9.4460997e-02  -9.8705496e-02
  -2.5474599e-02  -1.2625400e-01
   4.7247098e-02  -1.1451400e-01
   1.0329500e-01  -6.7843497e-02
   1.2816300e-01   3.3475399e-05
   1.1651500e-01   7.0986597e-02
   7.2153797e-02   1.2761400e-01
   5.8061098e-03   1.5685099e-01
  -6.7681997e-02   1.5177599e-01
  -1.3192500e-01   1.1235500e-01
  -1.7156399e-01   4.5764998e-02
  -1.7536999e-01  -3.3956299e-02
  -1.3971399e-01  -1.0788300e-01
  -7.1101997e-02  -1.5644599e-01
   1.4037399e-02  -1.6524699e-01
   9.3257196e-02  -1.3030900e-01
   1.4482799e-01  -6.0237698e-02
   1.5473399e-01   2.6088699e-02
   1.2097500e-01   1.0554100e-01
   5.3513198e-02   1.5793599e-01
  -2.9701099e-02   1.7148299e-01
  -1.0847000e-01   1.4478099e-01
  -1.6542999e-01   8.5542497e-02
  -1.8913099e-01   7.5811197e-03
  -1.7523099e-01  -7.2378997e-02
  -1.2670000e-01  -1.3745499e-01
  -5.3582398e-02  -1.7326699e-01
   2.8064299e-02  -1.7095299e-01
   9.8896696e-02  -1.3011500e-01
   1.4095699e-01  -6.0315298e-02
   1.4317599e-01   2.0416799e-02
   1.0545900e-01   9.0428097e-02
   3.9211698e-02   1.3118799e-01
  -3.6336699e-02   1.3320599e-01
  -1.0057500e-01   9.8584996e-02
  -1.3793899e-01   3.9298998e-02
  -1.4176599e-01  -2.7617999e-02
  -1.1457900e-01  -8.5545297e-02
  -6.5665997e-02  -1.2224700e-01
  -7.7370597e-03  -1.3155199e-01
   4.5907498e-02  -1.1335000e-01
   8.3424497e-02  -7.2988797e-02
   9.6258796e-02  -2.0535699e-02
   8.1193297e-02   3.0558399e-02
   4.2122898e-02   6.6149797e-02
  -9.7530596e-03   7.5442397e-02
  -5.8434798e-02   5.5077898e-02
  -8.8126497e-02   1.1208800e-02
  -8.8922297e-02  -4.1975098e-02
  -6.0583198e-02  -8.7097397e-02
  -1.2546100e-02  -1.0982200e-01
   3.9815798e-02  -1.0368400e-01
   8.0806397e-02  -7.1563497e-02
   9.9324196e-02  -2.3654199e-02
   9.1311096e-02   2.6519499e-02
   5.9569998e-02   6.6020097e-02
   1.2064300e-02   8.5090197e-02
  -4.0034298e-02   7.8443697e-02
  -8.4086697e-02   4.5998598e-02
  -1.0795600e-01  -6.5096697e-03
  -1.0275300e-01  -6.7511297e-02
  -6.6057797e-02  -1.2122700e-01
  -4.2415798e-03  -1.5150199e-01
   6.7854697e-02  -1.4706399e-01
   1.3065199e-01  -1.0609000e-01
   1.6599199e-01  -3.7784199e-02
   1.6325699e-01   4.0120898e-02
   1.2280400e-01   1.0704500e-01
   5.5391698e-02   1.4597299e-01
  -2.1743799e-02   1.4801499e-01
  -9.0132996e-02   1.1379100e-01
  -1.3450899e-01   5.1985698e-02
  -1.4541499e-01  -2.3465999e-02
  -1.2022500e-01  -9.6276296e-02
  -6.3371097e-02  -1.5039599e-01
   1.3900299e-02  -1.7269299e-01
   9.4760196e-02  -1.5599699e-01
   1.5980799e-01  -1.0191400e-01
   1.9192199e-01  -2.1930399e-02
   1.8165399e-01   6.4553397e-02
   1.3090999e-01   1.3539299e-01
   5.2973998e-02   1.7244599e-01
  -3.1515799e-02   1.6720899e-01
  -1.0106300e-01   1.2300800e-01
  -1.3958499e-01   5.3089498e-02
  -1.4013799e-01  -2.4137299e-02
  -1.0529600e-01  -9.0443596e-02
  -4.5019298e-02  -1.3177899e-01
   2.6398599e-02  -1.4030199e-01
   9.3179396e-02  -1.1496100e-01
   1.4055299e-01  -6.1430598e-02
   1.5734099e-01   8.4544397e-03
   1.3875199e-01   7.8345097e-02
   8.8586596e-02   1.3074599e-01
   1.9410099e-02   1.5180599e-01
  -5.0293798e-02   1.3596099e-01
  -1.0159200e-01   8.8300896e-02
  -1.2121400e-01   2.3196299e-02
  -1.0571500e-01  -4.0506498e-02
  -6.1953997e-02  -8.5709896e-02
  -3.9366398e-03  -1.0207900e-01
   5.2206898e-02  -8.8047596e-02
   9.2840596e-02  -4.9720198e-02
   1.0953100e-01   2.0282599e-03
   9.9747996e-02   5.4605198e-02
   6.6439097e-02   9.6031696e-02
   1.7307499e-02   1.1670000e-01
  -3.6147799e-02   1.1112700e-01
  -8.0457497e-02   7.9760997e-02
  -1.0333200e-01   3.0021399e-02
  -9.7601696e-02  -2.4673499e-02
  -6.4333297e-02  -6.8425697e-02
  -1.3326099e-02  -8.8053196e-02
   3.9797698e-02  -7.7836597e-02
   7.8940697e-02  -4.1590398e-02
   9.3014796e-02   8.9423496e-03
   7.9201697e-02   5.8531398e-02
   4.2882098e-02   9.3587096e-02
  -5.1373998e-03   1.0581900e-01
  -5.2360698e-02   9.3432096e-02
  -8.7672196e-02   6.0322697e-02
  -1.0313100e-01   1.4452799e-02
  -9.4904996e-02  -3.3704399e-02
  -6.4008097e-02  -7.2667197e-02
