   8.7623700e+00   2.2407400e-01
   7.7494500e+00   3.7291200e+00
   5.2448600e+00   6.3191200e+00
   1.8901800e+00   7.4136200e+00
  -1.4931600e+00   6.8298900e+00
  -4.1282300e+00   4.7990500e+00
  -5.4664400e+00   1.8699100e+00
  -5.2869400e+00  -1.2490600e+00
  -3.7089300e+00  -3.8545200e+00
  -1.1400900e+00  -5.3854300e+00
   1.8140300e+00  -5.5227000e+00
   4.4675900e+00  -4.2506800e+00
   6.1945200e+00  -1.8722000e+00
   6.5758800e+00   1.0407600e+00
   5.5188900e+00   3.7719100e+00
   3.3002400e+00   5.6441400e+00
   5.0130600e-01   6.2100200e+00
  -2.1563000e+00   5.3806600e+00
  -4.0212900e+00   3.4416200e+00
  -4.6927300e+00   9.5020800e-01
  -4.1079900e+00  -1.4417200e+00
  -2.5202400e+00  -3.1695000e+00
  -3.9404300e-01  -3.8826500e+00
   1.7294700e+00  -3.4937800e+00
   3.3536500e+00  -2.1619300e+00
   4.1155400e+00  -2.3832100e-01
   3.8461500e+00   1.8063400e+00
   2.6064300e+00   3.4700600e+00
   6.9014800e-01   4.3253800e+00
  -1.4251700e+00   4.1305100e+00
  -3.1888900e+00   2.9125100e+00
  -4.1300300e+00   9.8073000e-01
  -4.0021900e+00  -1.1516100e+00
  -2.8618700e+00  -2.9200500e+00
  -1.0450300e+00  -3.8805300e+00
   9.4814200e-01  -3.8335600e+00
   2.6101300e+00  -2.8583600e+00
   3.5623900e+00  -1.2576000e+00
   3.6294200e+00   5.4912600e-01
   2.8460100e+00   2.1352400e+00
   1.4211600e+00   3.1500900e+00
  -3.1415900e-01   3.3715300e+00
  -1.9640600e+00   2.7397900e+00
  -3.1355200e+00   1.3783000e+00
  -3.5226400e+00  -4.1084100e-01
  -2.9950400e+00  -2.1968400e+00
  -1.6567400e+00  -3.5230000e+00
   1.6152800e-01  -4.0392000e+00
   1.9899100e+00  -3.6149500e+00
   3.3617400e+00  -2.3827900e+00
   3.9549500e+00  -6.9047300e-01
   3.6765700e+00   1.0167300e+00
   2.6631500e+00   2.3315100e+00
   1.2117800e+00   2.9849400e+00
  -3.1708000e-01   2.8857600e+00
  -1.5842000e+00   2.1073900e+00
  -2.3265800e+00   8.4986300e-01
  -2.3900200e+00  -6.0106000e-01
  -1.7537500e+00  -1.9159400e+00
  -5.4881100e-01  -2.7765700e+00
   9.4699200e-01  -2.9496800e+00
   2.3587000e+00  -2.3631900e+00
   3.3114200e+00  -1.1499000e+00
   3.5471600e+00   3.7415800e-01
   3.0129000e+00   1.8016000e+00
   1.8775400e+00   2.7635300e+00
   4.6860500e-01   3.0432600e+00
  -8.4126700e-01   2.6275900e+00
  -1.7466600e+00   1.6830700e+00
  -2.0777000e+00   4.8137700e-01
  -1.8123700e+00  -6.8439900e-01
  -1.0507500e+00  -1.5609400e+00
   2.0839000e-02  -1.9674300e+00
   1.1605200e+00  -1.8140600e+00
   2.1021600e+00  -1.1205000e+00
   2.6019100e+00  -3.0662600e-02
   2.5031500e+00   1.1965100e+00
   1.7991200e+00   2.2396200e+00
   6.5837300e-01   2.8073100e+00
  -6.1317600e-01   2.7379800e+00
  -1.6684500e+00   2.0606000e+00
  -2.2354400e+00   9.8425900e-01
  -2.2019700e+00  -1.8002900e-01
  -1.6344400e+00  -1.1275500e+00
  -7.3137200e-01  -1.6490800e+00
   2.5561400e-01  -1.6691800e+00
   1.0931900e+00  -1.2341200e+00
   1.6071600e+00  -4.7461800e-01
   1.6964700e+00   4.2946500e-01
   1.3390900e+00   1.2736800e+00
   6.0201100e-01   1.8535700e+00
  -3.5211500e-01   2.0042600e+00
  -1.2827900e+00   1.6540000e+00
  -1.9284200e+00   8.6837700e-01
  -2.0914900e+00  -1.4698900e-01
  -1.7164000e+00  -1.1019400e+00
  -9.1871700e-01  -1.7200300e+00
   5.3954700e-02  -1.8368600e+00
   9.1327400e-01  -1.4525800e+00
   1.4301500e+00  -7.1690000e-01
   1.4988100e+00   1.3875500e-01
   1.1448700e+00   8.8329700e-01
   4.8977200e-01   1.3448500e+00
  -2.9764800e-01   1.4325300e+00
  -1.0377400e+00   1.1330500e+00
  -1.5611400e+00   5.0338400e-01
  -1.7286400e+00  -3.3046600e-01
  -1.4631600e+00  -1.1788100e+00
  -7.8872800e-01  -1.8171000e+00
   1.4785100e-01  -2.0462500e+00
   1.0991900e+00  -1.7673400e+00
   1.7894000e+00  -1.0338800e+00
   2.0110800e+00  -4.8235500e-02
   1.7026700e+00   9.0420800e-01
   9.6822900e-01   1.5556200e+00
   3.1895400e-02   1.7443100e+00
  -8.4676900e-01   1.4535600e+00
  -1.4540500e+00   7.9297300e-01
  -1.6678300e+00  -5.5506900e-02
  -1.4629500e+00  -8.9321700e-01
  -8.9427500e-01  -1.5408800e+00
  -7.9698000e-02  -1.8570000e+00
   8.1048500e-01  -1.7545700e+00
   1.5697100e+00  -1.2263400e+00
   1.9933100e+00  -3.6998100e-01
   1.9399200e+00   6.1112800e-01
   1.3932600e+00   1.4510200e+00
   4.8911200e-01   1.9037600e+00
  -5.1676800e-01   1.8331700e+00
  -1.3335300e+00   1.2664600e+00
  -1.7364300e+00   3.8361500e-01
  -1.6382000e+00  -5.5186100e-01
  -1.1019000e+00  -1.2855800e+00
  -2.9938000e-01  -1.6456600e+00
   5.5485100e-01  -1.5720000e+00
   1.2605100e+00  -1.1054200e+00
   1.6633300e+00  -3.5955700e-01
   1.6686100e+00   5.0352500e-01
   1.2530800e+00   1.2912400e+00
   4.8177600e-01   1.8049600e+00
  -4.8186800e-01   1.8837800e+00
  -1.3952400e+00   1.4618800e+00
  -1.9965500e+00   6.1327500e-01
  -2.0917600e+00  -4.4787400e-01
  -1.6311100e+00  -1.4251000e+00
  -7.3602300e-01  -2.0375600e+00
   3.4038300e-01  -2.1158100e+00
   1.3013800e+00  -1.6526300e+00
   1.9020400e+00  -7.9069000e-01
   2.0119100e+00   2.3809900e-01
   1.6283500e+00   1.1865600e+00
   8.5254800e-01   1.8482100e+00
  -1.4649500e-01   2.0851100e+00
  -1.1619600e+00   1.8385100e+00
  -1.9740600e+00   1.1378200e+00
  -2.3831400e+00   1.1029500e-01
  -2.2585500e+00  -1.0230500e+00
  -1.5915600e+00  -1.9845400e+00
  -5.2368800e-01  -2.5132400e+00
   6.7605200e-01  -2.4525400e+00
   1.6882200e+00  -1.8120900e+00
   2.2466100e+00  -7.7109100e-01
   2.2236900e+00   3.8236700e-01
   1.6610300e+00   1.3485500e+00
   7.3758400e-01   1.9058700e+00
  -3.0089400e-01   1.9588000e+00
  -1.2143100e+00   1.5366600e+00
  -1.8161700e+00   7.6147300e-01
  -1.9937800e+00  -1.8933700e-01
  -1.7148700e+00  -1.1117500e+00
  -1.0341900e+00  -1.8006600e+00
  -9.8346000e-02  -2.0850200e+00
   8.6764400e-01  -1.8756400e+00
   1.6071700e+00  -1.2090000e+00
   1.9082500e+00  -2.5872400e-01
   1.6810200e+00   7.0514900e-01
   9.9823900e-01   1.4020300e+00
   7.4171500e-02   1.6375900e+00
  -8.1175800e-01   1.3677700e+00
  -1.4116600e+00   7.0261500e-01
  -1.5831700e+00  -1.4588100e-01
  -1.3144000e+00  -9.4109900e-01
  -7.0264400e-01  -1.4878500e+00
   8.9199300e-02  -1.6670600e+00
   8.7339800e-01  -1.4427600e+00
   1.4660400e+00  -8.5825800e-01
   1.7117000e+00  -3.3048200e-02
   1.5158100e+00   8.4426400e-01
   8.8310500e-01   1.5428900e+00
  -5.7071300e-02   1.8460900e+00
  -1.0641000e+00   1.6252100e+00
  -1.8485100e+00   8.9967100e-01
  -2.1665300e+00  -1.5130700e-01
  -1.9071900e+00  -1.2390500e+00
  -1.1320100e+00  -2.0599800e+00
  -5.0240400e-02  -2.3932700e+00
   1.0551100e+00  -2.1611400e+00
   1.9139200e+00  -1.4340000e+00
   2.3334600e+00  -3.9165600e-01
   2.2267300e+00   7.3163000e-01
   1.6129500e+00   1.6950900e+00
   6.0746100e-01   2.2868000e+00
  -5.9077900e-01   2.3554100e+00
  -1.7212600e+00   1.8461200e+00
  -2.5070600e+00   8.3381500e-01
  -2.7251800e+00  -4.6825800e-01
  -2.2827100e+00  -1.7454400e+00
  -1.2640900e+00  -2.6651200e+00
   7.9767500e-02  -2.9802100e+00
   1.4040700e+00  -2.6098800e+00
   2.3768200e+00  -1.6621000e+00
   2.7753700e+00  -3.9079700e-01
   2.5366100e+00   8.8894500e-01
   1.7510500e+00   1.8886900e+00
   6.1810800e-01   2.4069400e+00
  -6.0937800e-01   2.3538000e+00
  -1.6724200e+00   1.7517400e+00
  -2.3437500e+00   7.2735900e-01
  -2.4653500e+00  -5.0218800e-01
  -1.9891000e+00  -1.6582500e+00
  -1.0078300e+00  -2.4560300e+00
   2.4630100e-01  -2.6817600e+00
   1.4523100e+00  -2.2660700e+00
   2.2925200e+00  -1.3184900e+00
   2.5530800e+00  -1.0019900e-01
   2.1904900e+00   1.0591200e+00
   1.3359400e+00   1.8660300e+00
   2.3993100e-01   2.1462500e+00
  -8.1302000e-01   1.8767700e+00
  -1.5818700e+00   1.1665200e+00
  -1.9146600e+00   2.0801200e-01
  -1.7615300e+00  -7.7352800e-01
  -1.1698100e+00  -1.5596900e+00
  -2.7426200e-01  -1.9706700e+00
   7.1810100e-01  -1.8985800e+00
   1.5601700e+00  -1.3423000e+00
   2.0215500e+00  -4.2807400e-01
   1.9600800e+00   6.0583600e-01
   1.3794400e+00   1.4701800e+00
   4.4127300e-01   1.9162100e+00
  -5.8206700e-01   1.8209500e+00
  -1.3983400e+00   1.2278700e+00
  -1.7910200e+00   3.2512900e-01
  -1.6798700e+00  -6.2554500e-01
  -1.1271700e+00  -1.3742900e+00
  -2.9876300e-01  -1.7476600e+00
   5.9286400e-01  -1.6757100e+00
   1.3383800e+00  -1.1883500e+00
   1.7654200e+00  -3.9821500e-01
   1.7632400e+00   5.1810100e-01
   1.3070600e+00   1.3434200e+00
   4.7938300e-01   1.8586000e+00
  -5.2802500e-01   1.8996800e+00
  -1.4492000e+00   1.4184700e+00
  -2.0173300e+00   5.1776100e-01
  -2.0537400e+00  -5.6461700e-01
  -1.5342300e+00  -1.5256400e+00
  -6.0106300e-01  -2.0956900e+00
   4.8606400e-01  -2.1242700e+00
   1.4367200e+00  -1.6184600e+00
   2.0157400e+00  -7.2493000e-01
   2.0968900e+00   3.2674100e-01
   1.6753700e+00   1.2890400e+00
   8.5111300e-01   1.9472700e+00
  -1.9821800e-01   2.1515400e+00
  -1.2453000e+00   1.8385000e+00
  -2.0466500e+00   1.0498400e+00
  -2.3901700e+00  -5.8269700e-02
  -2.1544800e+00  -1.2310200e+00
  -1.3606000e+00  -2.1685800e+00
  -1.8747200e-01  -2.6103900e+00
   1.0672600e+00  -2.4213500e+00
   2.0741300e+00  -1.6418900e+00
   2.5739000e+00  -4.7743000e-01
   2.4531200e+00   7.6897400e-01
   1.7653500e+00   1.7906300e+00
   6.9809000e-01   2.3590200e+00
  -4.9113400e-01   2.3676000e+00
  -1.5395500e+00   1.8356400e+00
  -2.2268700e+00   8.8758500e-01
  -2.4061100e+00  -2.7481800e-01
  -2.0264400e+00  -1.4026300e+00
  -1.1518800e+00  -2.2384800e+00
   3.3989000e-02  -2.5704800e+00
   1.2538100e+00  -2.2938100e+00
   2.2004800e+00  -1.4566000e+00
   2.6257500e+00  -2.6281500e-01
   2.4204600e+00   9.7996100e-01
   1.6508600e+00   1.9531000e+00
   5.3391600e-01   2.4235200e+00
  -6.3661600e-01   2.3055700e+00
  -1.5796300e+00   1.6682600e+00
  -2.0962500e+00   6.9535800e-01
  -2.1012700e+00  -3.7549300e-01
  -1.6206400e+00  -1.3082100e+00
  -7.7228700e-01  -1.9069700e+00
   2.5664600e-01  -2.0427500e+00
   1.2360000e+00  -1.6765400e+00
   1.9311300e+00  -8.7878300e-01
   2.1577200e+00   1.6839100e-01
   1.8408900e+00   1.2024100e+00
   1.0526400e+00   1.9480900e+00
   2.9796600e-03   2.2029000e+00
  -1.0206400e+00   1.9051000e+00
  -1.7447000e+00   1.1534200e+00
  -1.9938900e+00   1.6925300e-01
  -1.7348500e+00  -7.7992200e-01
  -1.0677300e+00  -1.4611100e+00
  -1.7983300e-01  -1.7299300e+00
   7.1168000e-01  -1.5477700e+00
   1.4060800e+00  -9.7160000e-01
   1.7492000e+00  -1.3361500e-01
   1.6549600e+00   7.8005200e-01
   1.1257100e+00   1.5554600e+00
   2.6690300e-01   1.9909100e+00
  -7.1923300e-01   1.9511900e+00
  -1.5748200e+00   1.4193800e+00
  -2.0590800e+00   5.1987200e-01
  -2.0282900e+00  -5.0753700e-01
  -1.4880700e+00  -1.3797000e+00
  -5.9274400e-01  -1.8611100e+00
   4.0851400e-01  -1.8357100e+00
   1.2534000e+00  -1.3320300e+00
   1.7408600e+00  -4.9828800e-01
   1.7727300e+00   4.5236600e-01
   1.3589500e+00   1.2993400e+00
   5.9967400e-01   1.8569300e+00
  -3.3929800e-01   2.0006000e+00
  -1.2517500e+00   1.6857100e+00
  -1.9227300e+00   9.6355000e-01
  -2.1735300e+00  -1.3000800e-02
  -1.9151500e+00  -1.0093300e+00
  -1.1902200e+00  -1.7631500e+00
  -1.7790700e-01  -2.0624600e+00
   8.5086700e-01  -1.8182300e+00
   1.6166500e+00  -1.0986400e+00
   1.9202700e+00  -1.0726900e-01
   1.7004900e+00   8.8583800e-01
   1.0400300e+00   1.6290700e+00
   1.2535200e-01   1.9558100e+00
  -8.1517400e-01   1.8131000e+00
  -1.5677900e+00   1.2548300e+00
  -1.9710100e+00   4.1630600e-01
  -1.9369400e+00  -5.1500100e-01
  -1.4651700e+00  -1.3287200e+00
  -6.5154500e-01  -1.8272500e+00
   3.1729000e-01  -1.8717600e+00
   1.1967000e+00  -1.4294100e+00
   1.7467800e+00  -6.0025500e-01
   1.8082800e+00   3.9746400e-01
   1.3607000e+00   1.2882800e+00
   5.3392800e-01   1.8270100e+00
  -4.3476700e-01   1.8771300e+00
  -1.2802400e+00   1.4477600e+00
  -1.7908100e+00   6.7756200e-01
  -1.8603100e+00  -2.2012400e-01
  -1.4987000e+00  -1.0226400e+00
  -8.1071500e-01  -1.5490500e+00
   3.8207200e-02  -1.6882100e+00
   8.5484800e-01  -1.4103000e+00
   1.4488200e+00  -7.7126900e-01
   1.6673000e+00   8.8964500e-02
   1.4353700e+00   9.6375100e-01
   7.9037000e-01   1.6222800e+00
  -1.1017600e-01   1.8742900e+00
  -1.0226600e+00   1.6359200e+00
  -1.6893900e+00   9.6672800e-01
  -1.9227000e+00   5.6459400e-02
  -1.6659400e+00  -8.3652900e-01
  -1.0056200e+00  -1.4695600e+00
  -1.3368400e-01  -1.6871900e+00
   7.1869500e-01  -1.4544500e+00
   1.3456900e+00  -8.4827700e-01
   1.6088600e+00  -2.2643800e-02
   1.4538900e+00   8.3192800e-01
   9.1170000e-01   1.5229600e+00
   9.3518100e-02   1.8861200e+00
  -8.2077300e-01   1.8172800e+00
  -1.6101600e+00   1.3055700e+00
  -2.0621400e+00   4.5428600e-01
  -2.0362900e+00  -5.2900700e-01
  -1.5181300e+00  -1.3823400e+00
  -6.3592300e-01  -1.8678000e+00
   3.7331100e-01  -1.8489300e+00
   1.2379200e+00  -1.3339800e+00
   1.7355000e+00  -4.6763000e-01
   1.7528800e+00   5.2171600e-01
   1.3035900e+00   1.3925600e+00
   5.0651500e-01   1.9501700e+00
  -4.5492000e-01   2.0802800e+00
  -1.3739100e+00   1.7587600e+00
  -2.0540000e+00   1.0488100e+00
  -2.3395100e+00   9.2967000e-02
  -2.1480700e+00  -9.0343800e-01
  -1.5011000e+00  -1.7067800e+00
  -5.3683100e-01  -2.1104000e+00
   5.1113700e-01  -1.9977900e+00
   1.3734200e+00  -1.3880600e+00
   1.8254900e+00  -4.3918900e-01
   1.7576600e+00   5.9784700e-01
   1.2050600e+00   1.4572500e+00
   3.2713600e-01   1.9365000e+00
  -6.4973700e-01   1.9446500e+00
  -1.4988000e+00   1.5089900e+00
  -2.0436500e+00   7.4934100e-01
  -2.1837200e+00  -1.6020500e-01
  -1.9008900e+00  -1.0265400e+00
  -1.2579100e+00  -1.6668400e+00
  -3.9263100e-01  -1.9380900e+00
   4.9878200e-01  -1.7703200e+00
   1.1989900e+00  -1.1956700e+00
   1.5260800e+00  -3.5593500e-01
   1.3928400e+00   5.2607500e-01
   8.4217400e-01   1.2099100e+00
   3.8272100e-02   1.5137900e+00
  -7.8683000e-01   1.3722000e+00
  -1.4093600e+00   8.5017800e-01
  -1.6803300e+00   1.1153400e-01
  -1.5579100e+00  -6.4060600e-01
  -1.1009000e+00  -1.2229000e+00
  -4.3725500e-01  -1.5104000e+00
   2.7285400e-01  -1.4509600e+00
   8.6733900e-01  -1.0647400e+00
   1.2067600e+00  -4.3890800e-01
   1.1998300e+00   2.8157700e-01
   8.3115600e-01   9.1513500e-01
   1.8065200e-01   1.2838100e+00
  -5.8218600e-01   1.2673400e+00
  -1.2389900e+00   8.5115100e-01
  -1.5901300e+00   1.4323900e-01
  -1.5233500e+00  -6.5400300e-01
  -1.0531900e+00  -1.3091700e+00
  -3.1360600e-01  -1.6374400e+00
   4.9095100e-01  -1.5548100e+00
   1.1516700e+00  -1.0923900e+00
   1.5111500e+00  -3.7321000e-01
   1.4926000e+00   4.3014000e-01
   1.1036000e+00   1.1372200e+00
   4.2613800e-01   1.5912500e+00
  -3.9793400e-01   1.6830500e+00
  -1.1860800e+00   1.3733300e+00
  -1.7462100e+00   7.1211500e-01
  -1.9227200e+00  -1.5629700e-01
  -1.6474300e+00  -1.0167100e+00
  -9.7390400e-01  -1.6380300e+00
  -7.3620700e-02  -1.8449300e+00
   8.1168200e-01  -1.5773700e+00
   1.4457000e+00  -9.1134900e-01
   1.6703200e+00  -3.1153900e-02
   1.4466200e+00   8.3305700e-01
   8.5231000e-01   1.4742800e+00
   4.5313500e-02   1.7580300e+00
  -7.8490200e-01   1.6411600e+00
  -1.4592700e+00   1.1659800e+00
  -1.8379300e+00   4.4322400e-01
  -1.8404900e+00  -3.6784600e-01
  -1.4630500e+00  -1.0835600e+00
  -7.8925800e-01  -1.5303700e+00
   1.5984000e-02  -1.5896000e+00
   7.4062100e-01  -1.2396500e+00
   1.1846500e+00  -5.7471300e-01
   1.2251900e+00   2.1585500e-01
   8.5933600e-01   9.0552500e-01
   2.0426100e-01   1.3042800e+00
  -5.4607700e-01   1.3170300e+00
  -1.1872600e+00   9.6392400e-01
  -1.5646400e+00   3.5944700e-01
  -1.6062100e+00  -3.3321900e-01
  -1.3242700e+00  -9.4949800e-01
  -7.9763500e-01  -1.3565800e+00
  -1.4895100e-01  -1.4708900e+00
   4.7581800e-01  -1.2676100e+00
   9.2930800e-01  -7.8812500e-01
   1.0922300e+00  -1.4190100e-01
   9.0874800e-01   5.0781000e-01
   4.1446500e-01   9.8154100e-01
  -2.6124900e-01   1.1379900e+00
  -9.2832100e-01   9.2446500e-01
  -1.3962300e+00   3.9908100e-01
  -1.5370300e+00  -2.8826300e-01
  -1.3236600e+00  -9.4854100e-01
  -8.2875900e-01  -1.4157100e+00
  -1.8963500e-01  -1.5916700e+00
   4.3978500e-01  -1.4598800e+00
   9.2810400e-01  -1.0719300e+00
   1.1865000e+00  -5.2263700e-01
   1.1739100e+00   7.1824300e-02
   8.9801200e-01   5.8945700e-01
   4.1748600e-01   9.1806300e-01
  -1.5930100e-01   9.7784000e-01
  -6.9000300e-01   7.4834500e-01
  -1.0333200e+00   2.8636600e-01
  -1.0946600e+00  -2.8090400e-01
  -8.6223200e-01  -7.9240200e-01
  -4.1357300e-01  -1.1073300e+00
   1.1326100e-01  -1.1527400e+00
   5.7103000e-01  -9.4255500e-01
   8.5246500e-01  -5.6128800e-01
   9.1591100e-01  -1.2465100e-01
   7.8148400e-01   2.6091800e-01
   5.0837300e-01   5.2222600e-01
   1.7078000e-01   6.2348200e-01
  -1.5620900e-01   5.6026000e-01
  -4.0215400e-01   3.5536500e-01
  -5.0789000e-01   6.0274400e-02
  -4.4033000e-01  -2.4519300e-01
  -2.1147400e-01  -4.6596800e-01
   1.1207500e-01  -5.2079700e-01
   4.2212500e-01  -3.7687000e-01
   6.0532100e-01  -7.0841600e-02
   5.8811800e-01   2.9886600e-01
   3.6763700e-01   6.0830300e-01
   1.2108600e-02   7.5587100e-01
  -3.6857300e-01   6.9830400e-01
  -6.6546800e-01   4.5899600e-01
  -8.0475800e-01   1.0964700e-01
  -7.6057000e-01  -2.5984000e-01
  -5.4863500e-01  -5.6599200e-01
  -2.1330900e-01  -7.4310400e-01
   1.8080400e-01  -7.4609400e-01
   5.5166600e-01  -5.5527200e-01
   8.0587500e-01  -1.8786800e-01
   8.5730200e-01   2.9026300e-01
   6.5758700e-01   7.6652100e-01
   2.2499100e-01   1.1065300e+00
  -3.4703100e-01   1.1977000e+00
  -9.1211600e-01   9.9285100e-01
  -1.3179900e+00   5.3181700e-01
  -1.4574200e+00  -7.0703400e-02
  -1.3001700e+00  -6.6494900e-01
  -8.9406600e-01  -1.1136400e+00
  -3.4063900e-01  -1.3264900e+00
   2.3812700e-01  -1.2719500e+00
   7.2632000e-01  -9.7131100e-01
   1.0289700e+00  -4.8713700e-01
   1.0812700e+00   8.5457400e-02
   8.6017500e-01   6.2679400e-01
   3.9897800e-01   1.0086800e+00
  -2.0512200e-01   1.1240300e+00
  -8.0360300e-01   9.2377400e-01
  -1.2341700e+00   4.4397900e-01
  -1.3727300e+00  -1.9471600e-01
  -1.1775400e+00  -8.2108200e-01
  -7.0432700e-01  -1.2686600e+00
  -8.5120500e-02  -1.4286200e+00
   5.1824200e-01  -1.2778900e+00
   9.6369900e-01  -8.7481700e-01
   1.1621400e+00  -3.3087900e-01
   1.0875400e+00   2.2386600e-01
   7.7064500e-01   6.6799700e-01
   2.8761500e-01   9.0584700e-01
  -2.5083000e-01   8.8046900e-01
  -7.1335800e-01   5.8773800e-01
  -9.7223700e-01   8.8423800e-02
  -9.3876800e-01  -4.9303100e-01
  -5.9894300e-01  -9.9334800e-01
  -3.0775300e-02  -1.2577500e+00
   6.1110000e-01  -1.1936100e+00
   1.1426900e+00  -8.0648400e-01
   1.4116900e+00  -2.0055400e-01
   1.3463000e+00   4.5727300e-01
   9.7232600e-01   9.9294400e-01
   3.9603900e-01   1.2761900e+00
  -2.3417200e-01   1.2491200e+00
  -7.6826300e-01   9.2911900e-01
  -1.0845100e+00   3.9528600e-01
  -1.1076600e+00  -2.3054700e-01
  -8.2083500e-01  -8.0331200e-01
  -2.7439600e-01  -1.1780800e+00
   4.1302400e-01  -1.2414500e+00
   1.0711400e+00  -9.4747800e-01
   1.5176600e+00  -3.4424000e-01
   1.6133200e+00   4.2598700e-01
   1.3117900e+00   1.1614300e+00
   6.8134300e-01   1.6618400e+00
  -1.1383600e-01   1.7924100e+00
  -8.6610800e-01   1.5244200e+00
  -1.3881600e+00   9.3772700e-01
  -1.5630300e+00   1.8871600e-01
  -1.3655300e+00  -5.3840100e-01
  -8.5597700e-01  -1.0771000e+00
  -1.5788100e-01  -1.3096000e+00
   5.6902900e-01  -1.1837900e+00
   1.1561400e+00  -7.2141400e-01
   1.4562300e+00  -1.9456100e-02
   1.3779800e+00   7.6035500e-01
   9.1799500e-01   1.4214800e+00
   1.7553800e-01   1.7820700e+00
  -6.6387200e-01   1.7312800e+00
  -1.3779400e+00   1.2701400e+00
  -1.7751100e+00   5.1685600e-01
  -1.7540600e+00  -3.2855200e-01
  -1.3313700e+00  -1.0469300e+00
  -6.2873000e-01  -1.4642900e+00
   1.7031400e-01  -1.4942500e+00
   8.7353200e-01  -1.1486500e+00
   1.3238700e+00  -5.2192500e-01
   1.4260300e+00   2.3738900e-01
   1.1584200e+00   9.5692800e-01
   5.7620300e-01   1.4701000e+00
  -1.9364200e-01   1.6473800e+00
  -9.7069100e-01   1.4289600e+00
  -1.5581600e+00   8.4990600e-01
  -1.7950600e+00   4.3666700e-02
  -1.6075000e+00  -7.8635900e-01
  -1.0375000e+00  -1.4234800e+00
  -2.3379300e-01  -1.7035500e+00
   5.9423800e-01  -1.5639700e+00
   1.2410100e+00  -1.0569000e+00
   1.5618900e+00  -3.2451000e-01
   1.5036600e+00   4.4899100e-01
   1.1041200e+00   1.0872900e+00
   4.7036500e-01   1.4581100e+00
  -2.5007700e-01   1.4918000e+00
  -8.9698300e-01   1.1878700e+00
  -1.3237700e+00   6.1487200e-01
  -1.4257300e+00  -9.6911700e-02
  -1.1685700e+00  -7.7621500e-01
  -6.0716600e-01  -1.2487800e+00
   1.1873200e-01  -1.3863100e+00
   8.1870700e-01  -1.1493100e+00
   1.3079600e+00  -6.0383100e-01
   1.4648400e+00   9.8157600e-02
   1.2660100e+00   7.6840700e-01
   7.8601200e-01   1.2411700e+00
   1.6498900e-01   1.4176300e+00
  -4.3776400e-01   1.2821700e+00
  -8.8492400e-01   8.9211700e-01
  -1.0858400e+00   3.5333900e-01
  -1.0058100e+00  -2.0548800e-01
  -6.6718900e-01  -6.5468900e-01
  -1.4714700e-01  -8.8427700e-01
   4.3067800e-01  -8.2721500e-01
   9.1738300e-01  -4.8234600e-01
   1.1752400e+00   7.3862500e-02
   1.1208900e+00   6.9883200e-01
   7.5775600e-01   1.2218800e+00
   1.8055900e-01   1.4975900e+00
  -4.5350100e-01   1.4531700e+00
  -9.7588300e-01   1.1094300e+00
  -1.2584600e+00   5.6807400e-01
  -1.2456000e+00  -2.6062700e-02
  -9.5832500e-01  -5.2893600e-01
  -4.7683800e-01  -8.3045800e-01
   8.5068500e-02  -8.7053300e-01
   6.0299200e-01  -6.4238100e-01
   9.6040500e-01  -1.9093900e-01
   1.0671700e+00   3.9081800e-01
   8.8100100e-01   9.7229800e-01
   4.2697600e-01   1.4091200e+00
  -1.9675900e-01   1.5804700e+00
  -8.3737300e-01   1.4290000e+00
  -1.3294400e+00   9.8541300e-01
  -1.5465100e+00   3.6350300e-01
  -1.4407800e+00  -2.7513700e-01
  -1.0540400e+00  -7.7231100e-01
  -4.9742300e-01  -1.0187000e+00
   8.7733900e-02  -9.7688400e-01
   5.6941900e-01  -6.7860300e-01
   8.5126100e-01  -2.0529800e-01
   8.8338300e-01   3.3487100e-01
   6.6418900e-01   8.2595200e-01
   2.3990700e-01   1.1601700e+00
  -2.9800700e-01   1.2562000e+00
  -8.2402300e-01   1.0809600e+00
  -1.2042300e+00   6.6745700e-01
  -1.3340600e+00   1.1642100e-01
  -1.1746500e+00  -4.2666300e-01
  -7.7050800e-01  -8.1505100e-01
  -2.3718600e-01  -9.4829500e-01
   2.7722600e-01  -8.0330600e-01
   6.4020800e-01  -4.3614500e-01
   7.7200400e-01   4.3377400e-02
   6.5932100e-01   5.0971500e-01
   3.4653000e-01   8.5495300e-01
  -8.4595500e-02   1.0077700e+00
  -5.3489100e-01   9.3923300e-01
  -9.0306100e-01   6.6301400e-01
  -1.0996500e+00   2.3498500e-01
  -1.0648000e+00  -2.4996300e-01
  -7.8869400e-01  -6.7132700e-01
  -3.2553500e-01  -9.1094400e-01
   2.1121800e-01  -8.9000100e-01
   6.7746100e-01  -6.0007200e-01
   9.4328200e-01  -1.1189300e-01
   9.3579500e-01   4.4517300e-01
   6.6117400e-01   9.2528800e-01
   1.9741800e-01   1.2114200e+00
  -3.3585600e-01   1.2452500e+00
  -8.1456100e-01   1.0332100e+00
  -1.1388600e+00   6.3337000e-01
  -1.2473500e+00   1.3506400e-01
  -1.1205000e+00  -3.5894500e-01
  -7.8107700e-01  -7.4620400e-01
  -2.9421500e-01  -9.3897400e-01
   2.3704600e-01  -8.8329100e-01
   6.8832900e-01  -5.7914000e-01
   9.4458300e-01  -9.0955600e-02
   9.3647700e-01   4.6248500e-01
   6.6652300e-01   9.4068000e-01
   2.1071800e-01   1.2256200e+00
  -3.0716600e-01   1.2587000e+00
  -7.5746500e-01   1.0543800e+00
  -1.0438100e+00   6.8656400e-01
  -1.1240300e+00   2.5765300e-01
  -1.0090100e+00  -1.3347900e-01
  -7.4717700e-01  -4.1212200e-01
  -4.0685100e-01  -5.3474400e-01
  -6.3700300e-02  -4.8878400e-01
   2.0795600e-01  -2.9244600e-01
   3.4596500e-01   4.4120700e-03
   3.1623300e-01   3.2422600e-01
   1.2864500e-01   5.7735700e-01
  -1.5790400e-01   6.8930100e-01
  -4.4987900e-01   6.2943300e-01
  -6.5120000e-01   4.2617800e-01
  -6.9987300e-01   1.5824600e-01
  -5.9145300e-01  -7.5996800e-02
  -3.7783400e-01  -1.9676300e-01
  -1.4314900e-01  -1.7054200e-01
   2.9758500e-02  -1.5985600e-02
   8.5952400e-02   2.1059000e-01
   8.7921600e-03   4.3865700e-01
  -1.8415800e-01   6.0333400e-01
  -4.5093200e-01   6.5608000e-01
  -7.3318200e-01   5.6931000e-01
  -9.6200099e-01   3.4127800e-01
  -1.0671900e+00   3.2851900e-03
  -9.9475999e-01  -3.7626900e-01
  -7.2979100e-01  -7.0008900e-01
  -3.1371500e-01  -8.6684200e-01
   1.5696100e-01  -8.0647500e-01
   5.5554800e-01  -5.1063900e-01
   7.6600700e-01  -4.2333200e-02
   7.2230700e-01   4.8164100e-01
   4.2906800e-01   9.2801699e-01
  -4.3789900e-02   1.1873400e+00
  -5.8645700e-01   1.2010100e+00
  -1.0807400e+00   9.6835499e-01
  -1.4251900e+00   5.3803400e-01
  -1.5496300e+00  -6.5022900e-03
  -1.4228300e+00  -5.6082700e-01
  -1.0585200e+00  -1.0130000e+00
  -5.1990100e-01  -1.2614200e+00
   8.3826200e-02  -1.2389100e+00
   6.1607000e-01  -9.3720699e-01
   9.4715499e-01  -4.1931500e-01
   9.9409599e-01   1.9079300e-01
   7.4902300e-01   7.4212400e-01
   2.8240500e-01   1.1023200e+00
  -2.8114100e-01   1.1962700e+00
  -8.0331900e-01   1.0223600e+00
  -1.1711200e+00   6.4299700e-01
  -1.3201900e+00   1.5824800e-01
  -1.2390900e+00  -3.2322100e-01
  -9.6101599e-01  -7.0547100e-01
  -5.5201000e-01  -9.1750399e-01
  -1.0040000e-01  -9.2115399e-01
   2.9504200e-01  -7.1882500e-01
   5.4293800e-01  -3.5907000e-01
   5.8329400e-01   6.7357100e-02
   4.0975500e-01   4.4714200e-01
   7.7763100e-02   6.7761300e-01
  -3.0972500e-01   7.0144700e-01
  -6.3627800e-01   5.2681300e-01
  -8.1186300e-01   2.2255800e-01
  -8.0089000e-01  -1.0942800e-01
  -6.2719300e-01  -3.7113900e-01
  -3.5718200e-01  -4.9787900e-01
  -7.2735900e-02  -4.6995700e-01
   1.5254300e-01  -3.0754300e-01
   2.6646900e-01  -5.7548300e-02
   2.4254100e-01   2.1855300e-01
   8.1642400e-02   4.5340200e-01
  -1.8516200e-01   5.8282800e-01
  -4.9579600e-01   5.5995200e-01
  -7.6543300e-01   3.7314100e-01
  -9.0798399e-01   5.9247500e-02
  -8.6608199e-01  -2.9866600e-01
  -6.3655800e-01  -5.9380800e-01
  -2.7744600e-01  -7.3176200e-01
   1.0932800e-01  -6.6468700e-01
   4.1275500e-01  -4.0783600e-01
   5.4931200e-01  -3.1684700e-02
   4.8577200e-01   3.6452300e-01
   2.4171500e-01   6.8392700e-01
  -1.2378200e-01   8.5503299e-01
  -5.3079200e-01   8.4174799e-01
  -8.9427099e-01   6.4418600e-01
  -1.1356700e+00   2.9679100e-01
  -1.1945900e+00  -1.3371600e-01
  -1.0436300e+00  -5.5437000e-01
  -7.0317400e-01  -8.6191999e-01
  -2.4689300e-01  -9.6982999e-01
   2.1087900e-01  -8.3847799e-01
   5.4647300e-01  -4.9459300e-01
   6.6655800e-01  -2.8185100e-02
   5.3930100e-01   4.3453000e-01
   2.0325600e-01   7.7143600e-01
  -2.4875500e-01   9.0088299e-01
  -7.0150400e-01   8.0028999e-01
  -1.0500000e+00   5.0356200e-01
  -1.2215000e+00   8.4260699e-02
  -1.1841700e+00  -3.6475300e-01
  -9.4743299e-01  -7.4833800e-01
  -5.5937700e-01  -9.8286299e-01
  -1.0235900e-01  -1.0106000e+00
   3.1784000e-01  -8.1584499e-01
   5.9365000e-01  -4.3730300e-01
   6.4614900e-01   3.2654200e-02
   4.5381300e-01   4.6838100e-01
   6.5481600e-02   7.4771200e-01
  -4.1140400e-01   7.9166699e-01
  -8.4458099e-01   5.9012900e-01
  -1.1189200e+00   2.0254100e-01
  -1.1692400e+00  -2.6510700e-01
  -9.9256899e-01  -6.9498800e-01
  -6.3994600e-01  -9.8882999e-01
  -1.9646500e-01  -1.0865800e+00
   2.3984400e-01  -9.7207199e-01
   5.7510500e-01  -6.7124100e-01
   7.3389100e-01  -2.4779900e-01
   6.7397700e-01   2.0427400e-01
   4.0086900e-01   5.7581700e-01
  -2.4612600e-02   7.6766499e-01
  -4.9441300e-01   7.2112100e-01
  -8.8033699e-01   4.4166400e-01
  -1.0732600e+00   3.0655400e-03
  -1.0191400e+00  -4.7334400e-01
  -7.3615899e-01  -8.5733799e-01
  -3.0581600e-01  -1.0504100e+00
   1.5650700e-01  -1.0120600e+00
   5.3741900e-01  -7.6382399e-01
   7.5356999e-01  -3.7458600e-01
   7.6509099e-01   6.2266500e-02
   5.7660500e-01   4.5003800e-01
   2.3218900e-01   7.0467800e-01
  -1.9172100e-01   7.6778899e-01
  -5.9685900e-01   6.1942000e-01
  -8.8112899e-01   2.8866600e-01
  -9.6460999e-01  -1.4503300e-01
  -8.1666399e-01  -5.6690100e-01
  -4.7188500e-01  -8.5824999e-01
  -2.4464800e-02  -9.3447299e-01
   4.0006000e-01  -7.7385299e-01
   6.8520200e-01  -4.2413900e-01
   7.5925099e-01   1.5709900e-02
   6.1243800e-01   4.2939400e-01
   2.9181700e-01   7.1749099e-01
  -1.1923700e-01   8.1966099e-01
  -5.2527900e-01   7.2129899e-01
  -8.3826299e-01   4.4928100e-01
  -9.9071099e-01   6.3700500e-02
  -9.4591399e-01  -3.5130700e-01
  -7.0749399e-01  -6.9988199e-01
  -3.2543700e-01  -8.9339199e-01
   1.0835300e-01  -8.7492499e-01
   4.8003900e-01  -6.4119300e-01
   6.8657499e-01  -2.5028600e-01
   6.6958100e-01   1.9212400e-01
   4.3543100e-01   5.6532300e-01
   5.2063500e-02   7.7201799e-01
  -3.7577200e-01   7.6659899e-01
  -7.4094199e-01   5.6281900e-01
  -9.6316499e-01   2.2133800e-01
  -1.0037000e+00  -1.7333000e-01
  -8.6544599e-01  -5.3505500e-01
  -5.8521600e-01  -7.9121899e-01
  -2.2472800e-01  -8.9165299e-01
   1.3794900e-01  -8.1571599e-01
   4.1989000e-01  -5.7927100e-01
   5.5088900e-01  -2.3777500e-01
   4.9478600e-01   1.2124200e-01
   2.6580900e-01   3.9962700e-01
  -7.0362499e-02   5.1907700e-01
  -4.1521100e-01   4.4836100e-01
  -6.6987699e-01   2.1428600e-01
  -7.6774899e-01  -1.0929600e-01
  -6.9306999e-01  -4.2907800e-01
  -4.7919900e-01  -6.6326399e-01
  -1.9081800e-01  -7.6281699e-01
   9.8903999e-02  -7.1727899e-01
   3.2603500e-01  -5.4852900e-01
   4.4502500e-01  -3.0043000e-01
   4.3249200e-01  -3.0169500e-02
   2.9056500e-01   1.9885000e-01
   5.0717400e-02   3.2677500e-01
  -2.2648000e-01   3.1229600e-01
  -4.6181400e-01   1.4937700e-01
  -5.7947400e-01  -1.2323400e-01
  -5.3391700e-01  -4.2819600e-01
  -3.2922900e-01  -6.7276199e-01
  -2.0379200e-02  -7.8054199e-01
   3.0547300e-01  -7.1777399e-01
   5.5917600e-01  -5.0250800e-01
   6.7745599e-01  -1.9422300e-01
   6.3750399e-01   1.2876000e-01
   4.5586500e-01   3.9237400e-01
   1.7742900e-01   5.4189400e-01
  -1.3718500e-01   5.4788200e-01
  -4.2134000e-01   4.0751600e-01
  -6.1065600e-01   1.4577800e-01
  -6.5399199e-01  -1.8386600e-01
  -5.2825000e-01  -5.0435700e-01
  -2.5188000e-01  -7.3037699e-01
   1.1191000e-01  -7.9299999e-01
   4.6862000e-01  -6.6480799e-01
   7.2063299e-01  -3.7323500e-01
   7.9926399e-01   5.9951900e-03
   6.8661399e-01   3.7363400e-01
   4.1809500e-01   6.3895999e-01
   6.6460799e-02   7.4526699e-01
  -2.8316700e-01   6.7999599e-01
  -5.5571600e-01   4.6979400e-01
  -6.9931099e-01   1.6768900e-01
  -6.8984999e-01  -1.5984000e-01
  -5.3193000e-01  -4.4291000e-01
  -2.5949000e-01  -6.1777799e-01
   6.5587299e-02  -6.3933099e-01
   3.6207300e-01  -4.9578000e-01
   5.4832600e-01  -2.1904900e-01
   5.6785600e-01   1.1763700e-01
   4.1114900e-01   4.1881000e-01
   1.2231400e-01   5.9732099e-01
  -2.1452500e-01   6.0386599e-01
  -5.0399100e-01   4.4232000e-01
  -6.7061099e-01   1.6478100e-01
  -6.7933499e-01  -1.4952700e-01
  -5.3928100e-01  -4.2032400e-01
  -2.9371700e-01  -5.8638999e-01
  -4.6402200e-03  -6.1504099e-01
   2.6087200e-01  -5.0335500e-01
   4.4082500e-01  -2.7637300e-01
   4.8783600e-01   1.5244700e-02
   3.8056900e-01   3.0051600e-01
   1.3489500e-01   5.0083000e-01
  -1.9214200e-01   5.5100400e-01
  -5.1241600e-01   4.2275500e-01
  -7.3150199e-01   1.3973400e-01
  -7.8003699e-01  -2.2529100e-01
  -6.3825899e-01  -5.7241899e-01
  -3.4253200e-01  -8.0723899e-01
   2.8550100e-02  -8.7014999e-01
   3.8100000e-01  -7.5087099e-01
   6.3278399e-01  -4.8508700e-01
   7.3180099e-01  -1.3888300e-01
   6.6190099e-01   2.0978900e-01
   4.4082400e-01   4.8615500e-01
   1.1538500e-01   6.2955299e-01
  -2.4440900e-01   6.0323799e-01
  -5.5495799e-01   4.0457600e-01
  -7.3570599e-01   7.2323199e-02
  -7.3160099e-01  -3.1572900e-01
  -5.3379900e-01  -6.5951299e-01
  -1.8803200e-01  -8.6540199e-01
   2.1611400e-01  -8.7659699e-01
   5.7277999e-01  -6.9198999e-01
   7.9323599e-01  -3.6500700e-01
   8.3121599e-01   1.6359900e-02
   6.9113599e-01   3.5838700e-01
   4.1931200e-01   5.8688199e-01
   8.5896699e-02   6.6097199e-01
  -2.3329300e-01   5.7527499e-01
  -4.7012800e-01   3.5563200e-01
  -5.7354899e-01   5.3299900e-02
  -5.1822100e-01  -2.6176400e-01
  -3.1306600e-01  -5.1170600e-01
  -5.5158699e-03  -6.2808799e-01
   3.2485900e-01  -5.7291399e-01
   5.8614899e-01  -3.5495300e-01
   7.0261099e-01  -3.1825300e-02
   6.4057799e-01   3.0617200e-01
   4.1995800e-01   5.6535099e-01
   1.0596200e-01   6.7881099e-01
  -2.1453600e-01   6.2493399e-01
  -4.6071900e-01   4.2828800e-01
  -5.7832699e-01   1.4607700e-01
  -5.4769999e-01  -1.5092000e-01
  -3.8164900e-01  -3.9465300e-01
  -1.1906100e-01  -5.3042399e-01
   1.8168700e-01  -5.2409399e-01
   4.5021000e-01  -3.6909100e-01
   6.1595699e-01  -9.2718199e-02
   6.2580699e-01   2.4315000e-01
   4.6310300e-01   5.5266599e-01
   1.5916000e-01   7.4871399e-01
  -2.1092900e-01   7.7094099e-01
  -5.4952199e-01   6.0731999e-01
  -7.6716299e-01   2.9907400e-01
  -8.1000799e-01  -7.3447799e-02
  -6.7307799e-01  -4.1709200e-01
  -3.9618000e-01  -6.5265199e-01
  -4.7750900e-02  -7.3227699e-01
   2.9424400e-01  -6.4466899e-01
   5.5758199e-01  -4.1174500e-01
   6.8605699e-01  -8.2331099e-02
   6.4761999e-01   2.7459100e-01
   4.4253100e-01   5.7904699e-01
   1.0932800e-01   7.5487999e-01
  -2.7723000e-01   7.4987299e-01
  -6.2101099e-01   5.5493599e-01
  -8.3075399e-01   2.1274500e-01
  -8.4886799e-01  -1.9099300e-01
  -6.7059399e-01  -5.5257099e-01
  -3.4486900e-01  -7.8205199e-01
   4.3038900e-02  -8.2884199e-01
   3.9865000e-01  -6.9183799e-01
   6.4352799e-01  -4.1316600e-01
   7.3061899e-01  -6.1939099e-02
   6.4857699e-01   2.8347200e-01
   4.1927200e-01   5.4958799e-01
   9.2925299e-02   6.7855299e-01
  -2.5835000e-01   6.3813699e-01
  -5.5142499e-01   4.3150800e-01
  -7.0983099e-01   1.0282700e-01
  -6.8581399e-01  -2.6761900e-01
  -4.7872800e-01  -5.8206999e-01
  -1.4010300e-01  -7.5392399e-01
   2.3964800e-01  -7.3572699e-01
   5.5914099e-01  -5.3451999e-01
   7.3740899e-01  -2.0791100e-01
   7.3613999e-01   1.5652100e-01
   5.6553899e-01   4.6862200e-01
   2.7505500e-01   6.5872599e-01
  -6.3676699e-02   6.9011199e-01
  -3.7383900e-01   5.6136199e-01
  -5.8677299e-01   3.0311400e-01
  -6.5266899e-01  -2.7322600e-02
  -5.5074399e-01  -3.5386600e-01
  -2.9799600e-01  -5.9492599e-01
   4.8375199e-02  -6.8301199e-01
   4.0054800e-01  -5.8628499e-01
   6.6277099e-01  -3.2307600e-01
   7.6086699e-01   3.9255900e-02
   6.6688199e-01   4.0341600e-01
   4.0804600e-01   6.7268599e-01
   5.6271799e-02   7.8047599e-01
  -2.9636800e-01   7.0738499e-01
  -5.6509899e-01   4.8111899e-01
  -6.9256699e-01   1.6295700e-01
  -6.5733099e-01  -1.7092300e-01
  -4.7294399e-01  -4.4609800e-01
  -1.8245500e-01  -6.0217799e-01
   1.4881500e-01  -6.0237799e-01
   4.4320800e-01  -4.4205800e-01
   6.2578199e-01  -1.5441200e-01
   6.4397199e-01   1.9169800e-01
   4.8613499e-01   5.0601699e-01
   1.9008900e-01   7.0201299e-01
  -1.6494300e-01   7.2460099e-01
  -4.8217599e-01   5.6887199e-01
  -6.7801199e-01   2.8121000e-01
  -7.0705599e-01  -5.7566599e-02
  -5.7200999e-01  -3.5905800e-01
  -3.1690300e-01  -5.5254199e-01
  -9.7659399e-03  -6.0003299e-01
   2.7639300e-01  -4.9933199e-01
   4.7823699e-01  -2.7905900e-01
   5.5158299e-01   9.1570599e-03
   4.7814699e-01   2.9913800e-01
   2.7100900e-01   5.2076299e-01
  -2.3471500e-02   6.1470899e-01
  -3.3193700e-01   5.4975599e-01
  -5.7117699e-01   3.3637900e-01
  -6.7288699e-01   2.8650100e-02
  -6.0686699e-01  -2.8964900e-01
  -3.9217100e-01  -5.3113399e-01
  -9.0523599e-02  -6.3282599e-01
   2.1514500e-01  -5.7442299e-01
   4.4728799e-01  -3.8027500e-01
   5.5448099e-01  -1.0677300e-01
   5.2012299e-01   1.7695900e-01
   3.5998400e-01   4.0647000e-01
   1.1402500e-01   5.3315299e-01
  -1.6246600e-01   5.3013099e-01
  -4.0724700e-01   3.9600400e-01
  -5.6113199e-01   1.5757500e-01
  -5.8131399e-01  -1.3115800e-01
  -4.5563599e-01  -3.9797900e-01
  -2.1132700e-01  -5.7065299e-01
   8.8515399e-02  -5.9964199e-01
   3.6247900e-01  -4.7598899e-01
   5.3676799e-01  -2.3549800e-01
   5.6875599e-01   5.3503599e-02
   4.5827099e-01   3.1348500e-01
   2.4309700e-01   4.8164199e-01
  -1.7005200e-02   5.2501199e-01
  -2.5901900e-01   4.4330699e-01
  -4.3076099e-01   2.6262700e-01
  -4.9808199e-01   2.6176500e-02
  -4.4771399e-01  -2.1387900e-01
  -2.8912900e-01  -4.0355000e-01
  -5.5794399e-02  -4.9590099e-01
   1.9750100e-01  -4.6286499e-01
   4.0505900e-01  -3.0679400e-01
   5.0837999e-01  -6.5182999e-02
   4.7611399e-01   1.9684000e-01
   3.1670200e-01   4.0597900e-01
   7.6732699e-02   5.0497599e-01
  -1.7511400e-01   4.7106999e-01
  -3.7134100e-01   3.2087100e-01
  -4.6579799e-01   1.0091700e-01
  -4.4323899e-01  -1.2985800e-01
  -3.1736400e-01  -3.1707400e-01
  -1.2211200e-01  -4.2147099e-01
   9.7748499e-02  -4.2281199e-01
   2.9382200e-01  -3.2063700e-01
   4.2040699e-01  -1.3488000e-01
   4.4281299e-01   9.4272599e-02
   3.4797000e-01   3.1099600e-01
   1.5319800e-01   4.5596599e-01
  -9.3232099e-02   4.8440599e-01
  -3.2363600e-01   3.8316100e-01
  -4.7208699e-01   1.7810100e-01
  -4.9676899e-01  -7.3059899e-02
  -3.9353900e-01  -3.0018300e-01
  -1.9503200e-01  -4.4372199e-01
   4.2929299e-02  -4.7147699e-01
   2.6005400e-01  -3.8356000e-01
   4.0713599e-01  -2.0675000e-01
   4.5420599e-01   1.6008000e-02
   3.9245400e-01   2.3538000e-01
   2.3372700e-01   4.0293999e-01
   9.8811399e-03   4.7796599e-01
  -2.2951900e-01   4.3608099e-01
  -4.2478199e-01   2.7881000e-01
  -5.2063999e-01   3.9131900e-02
  -4.8439899e-01  -2.2272200e-01
  -3.1991600e-01  -4.3511899e-01
  -6.9617399e-02  -5.3785199e-01
   1.9806900e-01  -5.0248499e-01
   4.1109399e-01  -3.4112600e-01
   5.1627599e-01  -1.0028000e-01
   4.9281599e-01   1.5621100e-01
   3.5329000e-01   3.6662500e-01
   1.3508500e-01   4.8558099e-01
  -1.1138900e-01   4.9029199e-01
  -3.3283800e-01   3.8108500e-01
  -4.8077099e-01   1.7993300e-01
  -5.1896099e-01  -7.1561199e-02
  -4.3222999e-01  -3.1680600e-01
  -2.3445700e-01  -4.9458199e-01
   2.9428800e-02  -5.5525399e-01
   2.9209800e-01  -4.7792599e-01
   4.8282199e-01  -2.8050800e-01
   5.5030899e-01  -1.6403300e-02
   4.7958399e-01   2.4230800e-01
   2.9543200e-01   4.2833699e-01
   5.1591799e-02   4.9924699e-01
  -1.8826800e-01   4.4647099e-01
  -3.6888800e-01   2.9203500e-01
  -4.5466799e-01   7.7638599e-02
  -4.3283099e-01  -1.4734200e-01
  -3.1183600e-01  -3.3494800e-01
  -1.1872400e-01  -4.4510999e-01
   1.0389000e-01  -4.5202399e-01
   3.0356700e-01  -3.5135300e-01
   4.2903599e-01  -1.6557000e-01
   4.4529799e-01   5.7543099e-02
   3.4719900e-01   2.5637600e-01
   1.6411800e-01   3.7473299e-01
  -4.8392999e-02   3.8127999e-01
  -2.2761700e-01   2.8021200e-01
  -3.2511200e-01   1.0809000e-01
  -3.2114500e-01  -8.1140099e-02
  -2.2685700e-01  -2.3528700e-01
  -7.5570299e-02  -3.1864400e-01
   9.0447999e-02  -3.1776400e-01
   2.3125400e-01  -2.3943000e-01
   3.1571900e-01  -1.0540200e-01
   3.2475800e-01   5.2336099e-02
   2.5425500e-01   1.9559300e-01
   1.1844100e-01   2.8581400e-01
  -4.9046099e-02   2.9359900e-01
  -2.0051800e-01   2.1001700e-01
  -2.8746800e-01   5.4094399e-02
  -2.7787400e-01  -1.2937400e-01
  -1.6979500e-01  -2.8329400e-01
   6.0524999e-03  -3.5831900e-01
   1.9683600e-01  -3.3054600e-01
   3.4652800e-01  -2.0887300e-01
   4.1442599e-01  -2.9495300e-02
   3.8560999e-01   1.5835100e-01
   2.7094900e-01   3.0786100e-01
   9.9873499e-02   3.8523999e-01
  -8.8603899e-02   3.7386699e-01
  -2.5300500e-01   2.7460600e-01
  -3.5489600e-01   1.0544600e-01
  -3.6524499e-01  -9.9056699e-02
  -2.7273200e-01  -2.9116200e-01
  -9.1418899e-02  -4.1922799e-01
   1.3752900e-01  -4.4258599e-01
   3.5422399e-01  -3.4693300e-01
   4.9772599e-01  -1.5263500e-01
   5.2645399e-01   8.9479599e-02
   4.3235099e-01   3.1420000e-01
   2.4250100e-01   4.6311099e-01
   8.2848599e-03   5.0174399e-01
  -2.1193800e-01   4.2640299e-01
  -3.6870399e-01   2.6035800e-01
  -4.3074999e-01   4.3985899e-02
  -3.8761899e-01  -1.7546400e-01
  -2.4876200e-01  -3.5165499e-01
  -4.2014699e-02  -4.4541599e-01
   1.8876400e-01  -4.3173899e-01
   3.8963999e-01  -3.0773400e-01
   5.0826599e-01  -9.8165799e-02
   5.0950399e-01   1.4645300e-01
   3.8897199e-01   3.6189299e-01
   1.7739200e-01   4.8962599e-01
  -6.7859699e-02   4.9601399e-01
  -2.8126400e-01   3.8280399e-01
  -4.0979299e-01   1.8455500e-01
  -4.2710999e-01  -4.4842199e-02
  -3.3683300e-01  -2.4952700e-01
  -1.6636300e-01  -3.8554099e-01
   4.3353899e-02  -4.2764399e-01
   2.4708000e-01  -3.7030599e-01
   4.0195099e-01  -2.2641300e-01
   4.7326499e-01  -2.5823800e-02
   4.4145199e-01   1.8732900e-01
   3.0951400e-01   3.6153799e-01
   1.0691200e-01   4.5031399e-01
  -1.1474100e-01   4.2713099e-01
  -2.9547200e-01   2.9642300e-01
  -3.8601699e-01   9.4332699e-02
  -3.6416399e-01  -1.2256100e-01
  -2.4100200e-01  -2.9611900e-01
  -5.4742699e-02  -3.8481399e-01
   1.4396800e-01  -3.7378099e-01
   3.0785200e-01  -2.7431400e-01
   4.0364499e-01  -1.1587400e-01
   4.1578099e-01   6.3719499e-02
   3.4554599e-01   2.2583800e-01
   2.0928900e-01   3.3601399e-01
   3.6980299e-02   3.6867999e-01
  -1.3077200e-01   3.1334700e-01
  -2.5010700e-01   1.8066300e-01
  -2.8605000e-01   4.0163099e-03
  -2.2549500e-01  -1.6718400e-01
  -8.4498099e-02  -2.8233600e-01
   9.5121799e-02  -3.0716400e-01
   2.5969400e-01  -2.3599300e-01
   3.6225099e-01  -9.2939999e-02
   3.7743799e-01   7.8135899e-02
   3.0687700e-01   2.2950500e-01
   1.7453100e-01   3.2378599e-01
   1.6515300e-02   3.4149499e-01
  -1.2896900e-01   2.8169000e-01
  -2.2842200e-01   1.5899300e-01
  -2.5718800e-01   3.7489399e-04
  -2.0344400e-01  -1.5775600e-01
  -7.2990899e-02  -2.7436100e-01
   1.0740900e-01  -3.1267800e-01
   2.9237900e-01  -2.5231200e-01
   4.2852899e-01  -9.9643798e-02
   4.7123799e-01   1.0963000e-01
   4.0103299e-01   3.1921399e-01
   2.3186100e-01   4.6985099e-01
   7.0846999e-03   5.1863799e-01
  -2.1488700e-01   4.5185999e-01
  -3.7863699e-01   2.8681900e-01
  -4.4602199e-01   6.3867299e-02
  -4.0272099e-01  -1.6605600e-01
  -2.5782100e-01  -3.5291799e-01
  -3.9924099e-02  -4.5573199e-01
   2.0749800e-01  -4.4833599e-01
   4.3162399e-01  -3.2471499e-01
   5.7877499e-01  -1.0366500e-01
   6.0685899e-01   1.7030900e-01
   4.9916299e-01   4.3371699e-01
   2.7360900e-01   6.1941399e-01
  -1.8367200e-02   6.7652199e-01
  -3.0502300e-01   5.8718099e-01
  -5.1537999e-01   3.7273199e-01
  -5.9983599e-01   8.6660799e-02
  -5.4246499e-01  -2.0225100e-01
  -3.6167599e-01  -4.2910899e-01
  -1.0153700e-01  -5.4747399e-01
   1.8077000e-01  -5.3631099e-01
   4.2663099e-01  -4.0062999e-01
   5.8528299e-01  -1.6891400e-01
   6.2182199e-01   1.1101600e-01
   5.2490699e-01   3.7867699e-01
   3.1260699e-01   5.7198099e-01
   3.2478499e-02   6.4243299e-01
  -2.4754100e-01   5.7031399e-01
  -4.5695199e-01   3.7325999e-01
  -5.4366899e-01   1.0303200e-01
  -4.8985199e-01  -1.6969900e-01
  -3.1601599e-01  -3.7689399e-01
  -7.2269699e-02  -4.7239199e-01
   1.7859500e-01  -4.4195999e-01
   3.7867499e-01  -3.0229199e-01
   4.8724299e-01  -9.2272998e-02
   4.8608099e-01   1.3821500e-01
   3.7981599e-01   3.3819999e-01
   1.9398500e-01   4.6374599e-01
  -2.8476000e-02   4.8564099e-01
  -2.3389700e-01   3.9695899e-01
  -3.6923899e-01   2.1808500e-01
  -3.9688999e-01  -4.8867399e-03
  -3.0789399e-01  -2.1092200e-01
  -1.2719600e-01  -3.4207799e-01
   9.2945598e-02  -3.6228699e-01
   2.8974200e-01  -2.6895000e-01
   4.1006899e-01  -9.2383698e-02
   4.2580899e-01   1.1599700e-01
   3.3901499e-01   3.0082899e-01
   1.7702600e-01   4.1796599e-01
  -1.8044300e-02   4.4306699e-01
  -2.0020200e-01   3.7344799e-01
  -3.2803599e-01   2.2597200e-01
  -3.7112199e-01   3.3578899e-02
  -3.1587299e-01  -1.5936500e-01
  -1.7076300e-01  -3.0457299e-01
   3.1767199e-02  -3.6116999e-01
   2.4030400e-01  -3.0867099e-01
   3.9753099e-01  -1.5633200e-01
   4.5802599e-01   5.6668099e-02
   4.0375499e-01   2.7214500e-01
   2.5030000e-01   4.3139499e-01
   4.0964699e-02   4.9367199e-01
  -1.6827000e-01   4.4718299e-01
  -3.2601499e-01   3.0923199e-01
  -3.9818399e-01   1.1758000e-01
  -3.7306899e-01  -8.1615999e-02
  -2.6006100e-01  -2.4432600e-01
  -8.5449598e-02  -3.3579699e-01
   1.1236900e-01  -3.3541799e-01
   2.8848699e-01  -2.4089800e-01
   3.9955299e-01  -7.1297699e-02
   4.1464199e-01   1.3382900e-01
   3.2606299e-01   3.2205799e-01
   1.5492000e-01   4.4232199e-01
  -5.2897999e-02   4.6130899e-01
  -2.4038600e-01   3.7507999e-01
  -3.5775999e-01   2.1032300e-01
  -3.7777399e-01   1.4568900e-02
  -3.0193599e-01  -1.6003600e-01
  -1.5635100e-01  -2.7215400e-01
   1.9103300e-02  -3.0026299e-01
   1.8253000e-01  -2.4393500e-01
   2.9855699e-01  -1.2002100e-01
   3.4307099e-01   4.2569899e-02
   3.0601999e-01   2.0763600e-01
   1.9388000e-01   3.3686699e-01
   3.0974999e-02   3.9714699e-01
  -1.4312300e-01   3.6984899e-01
  -2.8229699e-01   2.5888900e-01
  -3.4750199e-01   9.2747898e-02
  -3.2030199e-01  -8.2530798e-02
  -2.0997200e-01  -2.1789800e-01
  -5.0327699e-02  -2.7757199e-01
   1.1250200e-01  -2.4994300e-01
   2.3563000e-01  -1.4881700e-01
   2.9149899e-01  -5.7835699e-03
   2.7249899e-01   1.4143900e-01
   1.8860600e-01   2.5911900e-01
   6.1718999e-02   3.2320599e-01
  -7.9709799e-02   3.2132099e-01
  -2.0470500e-01   2.5353700e-01
  -2.8394999e-01   1.3337100e-01
  -2.9585799e-01  -1.2232000e-02
  -2.3394100e-01  -1.4667100e-01
  -1.1202400e-01  -2.3269900e-01
   3.6878999e-02  -2.4461900e-01
   1.6972200e-01  -1.7845700e-01
   2.4780200e-01  -5.4657799e-02
   2.5017000e-01   8.8774198e-02
   1.7995300e-01   2.0982500e-01
   6.1192899e-02   2.7643599e-01
  -7.1295199e-02   2.7492799e-01
  -1.8350400e-01   2.1058000e-01
  -2.5035600e-01   1.0241800e-01
  -2.5877200e-01  -2.3574700e-02
  -2.0749100e-01  -1.3966700e-01
  -1.0635000e-01  -2.1981900e-01
   2.3968700e-02  -2.4325800e-01
   1.5338100e-01  -1.9965100e-01
   2.4754800e-01  -9.4688198e-02
   2.7732999e-01   4.7522099e-02
   2.2962900e-01   1.8870400e-01
   1.1431900e-01   2.8758499e-01
  -3.7123599e-02   3.1401799e-01
  -1.8169300e-01   2.5972200e-01
  -2.7937999e-01   1.4062700e-01
  -3.0564799e-01  -9.8409498e-03
  -2.5689900e-01  -1.5267100e-01
  -1.4814000e-01  -2.5461300e-01
  -5.9827799e-03  -2.9484199e-01
   1.3870500e-01  -2.6650699e-01
   2.5601300e-01  -1.7555100e-01
   3.2056599e-01  -3.9338199e-02
   3.1542799e-01   1.1458100e-01
   2.3715400e-01   2.5150000e-01
   1.0009000e-01   3.3642599e-01
  -6.3726399e-02   3.4431199e-01
  -2.1160300e-01   2.6987899e-01
  -3.0303999e-01   1.3180400e-01
  -3.1340599e-01  -3.1955699e-02
  -2.4223500e-01  -1.7650000e-01
  -1.1236000e-01  -2.6469199e-01
   3.9226199e-02  -2.7784199e-01
   1.7391400e-01  -2.1854600e-01
   2.6182799e-01  -1.0627400e-01
   2.8683499e-01   3.0444999e-02
   2.4677700e-01   1.6115100e-01
   1.5166100e-01   2.5817999e-01
   2.1926600e-02   3.0004199e-01
  -1.1347900e-01   2.7529199e-01
  -2.2127600e-01   1.8699700e-01
  -2.7163999e-01   5.5400299e-02
  -2.4812500e-01  -8.4615998e-02
  -1.5539900e-01  -1.9266200e-01
  -2.0088300e-02  -2.3612500e-01
   1.1706200e-01  -2.0199400e-01
   2.1497700e-01  -1.0161300e-01
   2.4596600e-01   3.3909999e-02
   2.0350200e-01   1.6513500e-01
   1.0166200e-01   2.5701099e-01
  -3.1837399e-02   2.8765899e-01
  -1.6456400e-01   2.5119299e-01
  -2.6649599e-01   1.5607000e-01
  -3.1436699e-01   2.1933600e-02
  -2.9466799e-01  -1.2330600e-01
  -2.0683300e-01  -2.4683699e-01
  -6.6165199e-02  -3.1660099e-01
   9.6134998e-02  -3.0978099e-01
   2.3858900e-01  -2.2174000e-01
   3.2079499e-01  -7.0889899e-02
   3.1685599e-01   1.0431500e-01
   2.2502700e-01   2.5647899e-01
   6.8849999e-02   3.4432899e-01
  -1.1083200e-01   3.4536299e-01
  -2.6915199e-01   2.6106699e-01
  -3.6988599e-01   1.1369500e-01
  -3.9296999e-01  -6.2315099e-02
  -3.3594999e-01  -2.2967100e-01
  -2.1156800e-01  -3.5515999e-01
  -4.4337199e-02  -4.1394299e-01
   1.3276000e-01  -3.9287399e-01
   2.8256599e-01  -2.9391499e-01
   3.7064399e-01  -1.3653300e-01
   3.7449599e-01   4.3761699e-02
   2.9199599e-01   2.0283900e-01
   1.4448900e-01   3.0033899e-01
  -2.8311999e-02   3.1256899e-01
  -1.8057100e-01   2.4017599e-01
  -2.7476899e-01   1.0700400e-01
  -2.9221699e-01  -4.9113299e-02
  -2.3583100e-01  -1.8901900e-01
  -1.2553200e-01  -2.8276899e-01
   9.9842898e-03  -3.1470999e-01
   1.4084900e-01  -2.8339499e-01
   2.4091299e-01  -1.9904400e-01
   2.9064399e-01  -8.1024198e-02
   2.7990899e-01   4.4376299e-02
   2.1128900e-01   1.4753600e-01
   1.0216500e-01   2.0191700e-01
  -1.7310500e-02   1.9244100e-01
  -1.1189900e-01   1.2227500e-01
  -1.5277200e-01   1.3841200e-02
  -1.2803300e-01  -9.7809198e-02
  -4.7130399e-02  -1.7709400e-01
   6.3063699e-02  -2.0015100e-01
   1.6849100e-01  -1.6185100e-01
   2.3939699e-01  -7.5177398e-02
   2.5817099e-01   3.5344499e-02
   2.2148400e-01   1.4197600e-01
   1.3814200e-01   2.2017100e-01
   2.5623499e-02   2.5195499e-01
  -9.2717398e-02   2.2771100e-01
  -1.9018800e-01   1.4816100e-01
  -2.4086799e-01   2.6631799e-02
  -2.2627600e-01  -1.1058200e-01
  -1.4291500e-01  -2.2841400e-01
  -6.8557699e-03  -2.9235899e-01
   1.4832200e-01  -2.8010999e-01
   2.8084399e-01  -1.9035500e-01
   3.5400899e-01  -4.4285199e-02
   3.4773299e-01   1.2116300e-01
   2.6361299e-01   2.6516199e-01
   1.2228600e-01   3.5461499e-01
  -4.4332699e-02   3.7123799e-01
  -2.0169700e-01   3.1300299e-01
  -3.1907199e-01   1.9187200e-01
  -3.7342299e-01   3.0558499e-02
  -3.5228199e-01  -1.4045100e-01
  -2.5681799e-01  -2.8655599e-01
  -1.0428800e-01  -3.7504699e-01
   7.2740498e-02  -3.8350999e-01
   2.3264199e-01  -3.0800099e-01
   3.3595199e-01  -1.6675600e-01
   3.5772199e-01   3.6391099e-03
   2.9561199e-01   1.5910800e-01
   1.6996500e-01   2.6173899e-01
   1.6012600e-02   2.9048099e-01
  -1.2786900e-01   2.4489999e-01
  -2.3061399e-01   1.4181100e-01
  -2.7416799e-01   7.9463998e-03
  -2.5425099e-01  -1.2738500e-01
  -1.7846400e-01  -2.3739099e-01
  -6.4056699e-02  -3.0102199e-01
   6.4175299e-02  -3.0594199e-01
   1.7726100e-01  -2.5192199e-01
   2.4809499e-01  -1.5318200e-01
   2.5950899e-01  -3.6960199e-02
   2.1116500e-01   6.3298899e-02
   1.2128300e-01   1.1869200e-01
   2.1115700e-02   1.1517100e-01
  -5.6102399e-02   5.8484299e-02
  -8.6906198e-02  -2.8762899e-02
  -6.4772799e-02  -1.1635000e-01
  -7.8020098e-05  -1.7736600e-01
   8.5918498e-02  -1.9593900e-01
   1.6916000e-01  -1.6946500e-01
   2.2915699e-01  -1.0633300e-01
   2.5217399e-01  -2.2039199e-02
   2.3229399e-01   6.4072899e-02
   1.7220800e-01   1.3131800e-01
   8.4229598e-02   1.6089500e-01
  -9.9559198e-03   1.4085600e-01
  -8.3019798e-02   7.1709798e-02
  -1.0977300e-01  -3.0480199e-02
  -7.6648498e-02  -1.3660100e-01
   1.1576600e-02  -2.1312100e-01
   1.3175200e-01  -2.3381699e-01
   2.4975899e-01  -1.8934800e-01
   3.3220599e-01  -9.0287298e-02
   3.5714399e-01   3.7426199e-02
   3.1946099e-01   1.6182900e-01
   2.2988099e-01   2.5446299e-01
   1.0971700e-01   2.9652299e-01
  -1.5192800e-02   2.8087099e-01
  -1.1920300e-01   2.1153700e-01
  -1.8032400e-01   1.0265800e-01
  -1.8377800e-01  -2.2758699e-02
  -1.2625700e-01  -1.3561200e-01
  -1.9401800e-02  -2.0655600e-01
   1.1036400e-01  -2.1449899e-01
   2.2765599e-01  -1.5474000e-01
   2.9875199e-01  -4.2513499e-02
   3.0299899e-01   9.0762898e-02
   2.3987699e-01   2.0767300e-01
   1.2848900e-01   2.7713799e-01
   2.7646699e-05   2.8357899e-01
  -1.1287100e-01   2.2956299e-01
  -1.8514600e-01   1.3216600e-01
  -2.0383600e-01   1.6163100e-02
  -1.6832000e-01  -9.2443698e-02
  -8.8430498e-02  -1.7081900e-01
   1.7624300e-02  -2.0220200e-01
   1.2542000e-01  -1.7873900e-01
   2.0794999e-01  -1.0454800e-01
   2.4180199e-01   2.6673099e-03
   2.1481299e-01   1.1394900e-01
   1.3195400e-01   1.9648700e-01
   1.5781200e-02   2.2420899e-01
  -9.9995098e-02   1.8718000e-01
  -1.8168500e-01   9.5325498e-02
  -2.0674399e-01  -2.5371699e-02
  -1.7008900e-01  -1.4227000e-01
  -8.3549798e-02  -2.2654199e-01
   2.9986599e-02  -2.6039099e-01
   1.4409200e-01  -2.3924499e-01
   2.3473099e-01  -1.7009300e-01
   2.8365199e-01  -6.8528098e-02
   2.8036099e-01   4.3856099e-02
   2.2413799e-01   1.4203300e-01
   1.2603000e-01   2.0155400e-01
   8.9590598e-03   2.0466899e-01
  -9.6239598e-02   1.4697700e-01
  -1.5914600e-01   4.1250399e-02
  -1.5984000e-01  -8.4586198e-02
  -9.6288398e-02  -1.9565400e-01
   1.4666000e-02  -2.6146399e-01
   1.4332100e-01  -2.6550199e-01
   2.5721799e-01  -2.0908499e-01
   3.3070799e-01  -1.0869300e-01
   3.5038499e-01   1.0812900e-02
   3.1568399e-01   1.2334800e-01
   2.3647699e-01   2.0656399e-01
   1.3017000e-01   2.4446599e-01
   1.9332000e-02   2.2915499e-01
  -7.0980898e-02   1.6288300e-01
  -1.1770300e-01   5.9776598e-02
  -1.0616100e-01  -5.4938399e-02
  -3.6220499e-02  -1.5005400e-01
   7.5273098e-02  -1.9737100e-01
   1.9819599e-01  -1.8131200e-01
   2.9837199e-01  -1.0474000e-01
   3.4864299e-01   1.1967400e-02
   3.3699199e-01   1.3815900e-01
   2.6860299e-01   2.4295699e-01
   1.6203100e-01   3.0368199e-01
   4.2367499e-02   3.0988499e-01
  -6.5122298e-02   2.6313699e-01
  -1.3914200e-01   1.7469400e-01
  -1.6473700e-01   6.3109098e-02
  -1.3543200e-01  -4.7878199e-02
  -5.5721699e-02  -1.3243400e-01
   5.7380599e-02  -1.6794400e-01
   1.7609100e-01  -1.4194100e-01
   2.6823999e-01  -5.7860899e-02
   3.0696799e-01   6.3843098e-02
   2.7990899e-01   1.9094500e-01
   1.9358900e-01   2.8952399e-01
   7.0903398e-02   3.3467299e-01
  -5.6990999e-02   3.1731499e-01
  -1.6044200e-01   2.4483999e-01
  -2.1865299e-01   1.3656500e-01
  -2.2266299e-01   1.7166400e-02
  -1.7473600e-01  -8.8923098e-02
  -8.6341598e-02  -1.6106500e-01
   2.3757899e-02  -1.8483600e-01
   1.3156900e-01  -1.5460800e-01
   2.1151899e-01  -7.6280398e-02
   2.4245699e-01   3.1664999e-02
   2.1466999e-01   1.4102300e-01
   1.3470300e-01   2.2127899e-01
   2.4846099e-02   2.4940499e-01
  -8.3542898e-02   2.1787299e-01
  -1.6042700e-01   1.3706700e-01
  -1.8668600e-01   3.0976199e-02
  -1.5891700e-01  -7.1561298e-02
  -8.8170198e-02  -1.4589600e-01
   5.5554499e-03  -1.7729800e-01
   9.9722197e-02  -1.6232200e-01
   1.7401600e-01  -1.0718800e-01
   2.1304799e-01  -2.5418899e-02
   2.0818699e-01   6.4189798e-02
   1.5964200e-01   1.3989100e-01
   7.8292998e-02   1.8095800e-01
  -1.4654500e-02   1.7353700e-01
  -9.2009598e-02   1.1649700e-01
  -1.2869000e-01   2.4055699e-02
  -1.1069600e-01  -7.7231398e-02
  -4.0803199e-02  -1.5682400e-01
   6.1995698e-02  -1.9057799e-01
   1.6919500e-01  -1.6859500e-01
   2.5243299e-01  -9.7344197e-02
   2.9179799e-01   4.0796699e-03
   2.7986199e-01   1.1090500e-01
   2.2123699e-01   1.9938599e-01
   1.2963500e-01   2.5116099e-01
   2.4613899e-02   2.5539999e-01
  -7.1197898e-02   2.1007899e-01
  -1.3525300e-01   1.2324800e-01
  -1.4966400e-01   1.3464700e-02
  -1.0687000e-01  -9.2440897e-02
  -1.4092500e-02  -1.6544500e-01
   1.0639800e-01  -1.8310900e-01
   2.2274399e-01  -1.3766600e-01
   3.0328299e-01  -3.9491099e-02
   3.2670499e-01   8.6022098e-02
   2.8825899e-01   2.0692899e-01
   1.9971399e-01   2.9471099e-01
   8.3998998e-02   3.3163599e-01
  -3.2296199e-02   3.1335499e-01
  -1.2527200e-01   2.4736899e-01
  -1.7746600e-01   1.4962900e-01
  -1.7960600e-01   4.1237399e-02
  -1.3177000e-01  -5.4450598e-02
  -4.4399699e-02  -1.1533900e-01
   6.1959598e-02  -1.2549400e-01
   1.5996400e-01  -8.0545298e-02
   2.2236099e-01   8.9745598e-03
   2.3063899e-01   1.1900800e-01
   1.8178699e-01   2.1874499e-01
   8.9735997e-02   2.8054699e-01
  -1.9495199e-02   2.8883999e-01
  -1.1679300e-01   2.4419499e-01
  -1.7899699e-01   1.6134100e-01
  -1.9441299e-01   6.2919598e-02
  -1.6360300e-01  -2.7617999e-02
  -9.6807697e-02  -9.1165297e-02
  -1.0412500e-02  -1.1546100e-01
   7.6012898e-02  -9.6032497e-02
   1.4228900e-01  -3.6917499e-02
   1.7097800e-01   4.8764799e-02
   1.5197900e-01   1.3979900e-01
   8.7030398e-02   2.1095499e-01
  -8.5183298e-03   2.4010899e-01
  -1.0879400e-01   2.1603299e-01
  -1.8516399e-01   1.4320500e-01
  -2.1575399e-01   4.0935499e-02
  -1.9257599e-01  -6.3138698e-02
  -1.2321600e-01  -1.4228900e-01
  -2.6928399e-02  -1.7855999e-01
   7.2372498e-02  -1.6639300e-01
   1.5276900e-01  -1.1172600e-01
   1.9845099e-01  -2.8518899e-02
   2.0123399e-01   6.4937398e-02
   1.6090600e-01   1.4885200e-01
   8.5534398e-02   2.0448699e-01
  -8.5737398e-03   2.1756499e-01
  -9.8781897e-02   1.8255799e-01
  -1.6105400e-01   1.0618400e-01
  -1.7718799e-01   7.5336398e-03
  -1.4155400e-01  -8.6603597e-02
  -6.3899798e-02  -1.5016400e-01
   3.3619499e-02  -1.6655100e-01
   1.2413300e-01  -1.3378700e-01
   1.8499099e-01  -6.3949898e-02
   2.0406899e-01   2.2281399e-02
   1.8137599e-01   1.0287600e-01
   1.2659700e-01   1.6025200e-01
   5.4913998e-02   1.8405699e-01
  -1.6651500e-02   1.7151499e-01
  -7.1758698e-02   1.2694100e-01
  -9.6972697e-02   6.1360598e-02
  -8.4678398e-02  -8.3443498e-03
  -3.6358399e-02  -6.2184998e-02
   3.5635499e-02  -8.2337098e-02
   1.0997200e-01  -5.9607598e-02
   1.6248600e-01   1.8923399e-03
   1.7463699e-01   8.4751698e-02
   1.4058400e-01   1.6371900e-01
   6.9459598e-02   2.1451599e-01
  -1.8141499e-02   2.2208799e-01
  -9.7597597e-02   1.8482899e-01
  -1.4803300e-01   1.1362800e-01
  -1.5740300e-01   2.7240599e-02
  -1.2392900e-01  -5.3266498e-02
  -5.4983098e-02  -1.0888000e-01
   3.4851899e-02  -1.2546800e-01
   1.2577300e-01  -9.5971697e-02
   1.9539699e-01  -2.2646499e-02
   2.2309799e-01   8.1287698e-02
   1.9596299e-01   1.9241599e-01
   1.1443300e-01   2.8180899e-01
  -5.3717198e-03   3.2318099e-01
  -1.3478200e-01   3.0173499e-01
  -2.4078599e-01   2.1981899e-01
  -2.9623899e-01   9.6674997e-02
  -2.8788699e-01  -3.7682399e-02
  -2.1921399e-01  -1.5164200e-01
  -1.0782700e-01  -2.2040599e-01
   2.0511699e-02  -2.3092099e-01
   1.3828800e-01  -1.8289999e-01
   2.2124799e-01  -8.7339097e-02
   2.5192199e-01   3.5902799e-02
   2.2247099e-01   1.6094500e-01
   1.3713700e-01   2.5984799e-01
   1.3254800e-02   3.0833699e-01
  -1.2096500e-01   2.9254399e-01
  -2.3278099e-01   2.1434199e-01
  -2.9411699e-01   9.2372097e-02
  -2.9028399e-01  -4.2691999e-02
  -2.2448499e-01  -1.5733900e-01
  -1.1611700e-01  -2.2527399e-01
   6.1683298e-03  -2.3431899e-01
   1.1339700e-01  -1.8792299e-01
   1.8356199e-01  -1.0179200e-01
   2.0526999e-01   1.8509599e-03
   1.7799899e-01   9.9728197e-02
   1.1059700e-01   1.7144799e-01
   1.9347899e-02   2.0230899e-01
  -7.4352698e-02   1.8583199e-01
  -1.4758500e-01   1.2602200e-01
  -1.8123799e-01   3.8022099e-02
  -1.6596399e-01  -5.4495198e-02
  -1.0621600e-01  -1.2565000e-01
  -1.9826399e-02  -1.5559700e-01
   6.7510198e-02  -1.3730400e-01
   1.3091200e-01  -7.8689798e-02
   1.5440700e-01   8.4089497e-04
   1.3510500e-01   7.7706298e-02
   8.2230997e-02   1.3181200e-01
   1.2466800e-02   1.5151600e-01
  -5.5635298e-02   1.3481300e-01
  -1.0588300e-01   8.7812797e-02
  -1.2676100e-01   2.2372299e-02
  -1.1271400e-01  -4.5986799e-02
  -6.5372298e-02  -1.0017000e-01
   5.4462398e-03  -1.2460100e-01
   8.2313697e-02  -1.0957800e-01
   1.4371000e-01  -5.5557198e-02
   1.7033999e-01   2.5054099e-02
   1.5208000e-01   1.1046200e-01
   9.2291397e-02   1.7620699e-01
   7.1783698e-03   2.0343599e-01
  -7.9776697e-02   1.8510599e-01
  -1.4572500e-01   1.2750800e-01
  -1.7520399e-01   4.6979799e-02
  -1.6328799e-01  -3.6015099e-02
  -1.1492000e-01  -1.0254400e-01
  -4.2086599e-02  -1.3875100e-01
   3.9238299e-02  -1.3730600e-01
   1.1151700e-01  -9.7912697e-02
   1.5800499e-01  -2.7766099e-02
   1.6594199e-01   5.8435098e-02
   1.3050500e-01   1.4026800e-01
   5.7931798e-02   1.9609999e-01
  -3.4423399e-02   2.0960999e-01
  -1.2232500e-01   1.7578199e-01
  -1.8215799e-01   1.0338000e-01
  -1.9867599e-01   1.2332500e-02
  -1.6959899e-01  -7.3001698e-02
  -1.0525200e-01  -1.3166300e-01
  -2.3985299e-02  -1.5169400e-01
   5.3992698e-02  -1.3178300e-01
   1.1165100e-01  -7.9486497e-02
   1.3776900e-01  -7.9954997e-03
   1.2769000e-01   6.6788698e-02
   8.3493297e-02   1.2845100e-01
   1.4200500e-02   1.6233099e-01
  -6.4638198e-02   1.5864099e-01
  -1.3332800e-01   1.1601500e-01
  -1.7292299e-01   4.3672899e-02
  -1.7140799e-01  -3.9772799e-02
  -1.2846700e-01  -1.1146400e-01
  -5.6250998e-02  -1.5175300e-01
   2.4633599e-02  -1.5076400e-01
   9.2229197e-02  -1.1113500e-01
   1.3018700e-01  -4.5988598e-02
   1.3173300e-01   2.6389999e-02
   9.9714097e-02   8.8340997e-02
   4.3894999e-02   1.2676000e-01
  -2.2358399e-02   1.3456400e-01
  -8.4593097e-02   1.1066600e-01
  -1.2901500e-01   5.9792898e-02
  -1.4445700e-01  -7.5463797e-03
  -1.2518600e-01  -7.5850397e-02
  -7.3780198e-02  -1.2741200e-01
  -2.2251099e-03  -1.4724100e-01
   7.0429898e-02  -1.2850700e-01
   1.2378700e-01  -7.5814397e-02
   1.4305900e-01  -4.2682699e-03
   1.2411400e-01   6.5647798e-02
   7.4305298e-02   1.1512200e-01
   8.9900697e-03   1.3279100e-01
  -5.4190498e-02   1.1699200e-01
  -1.0046000e-01   7.4361097e-02
  -1.2067400e-01   1.6473499e-02
  -1.1173200e-01  -4.3396999e-02
  -7.5947097e-02  -9.2364497e-02
  -2.0565799e-02  -1.1931900e-01
   4.2542599e-02  -1.1667800e-01
   9.8131997e-02  -8.2837897e-02
   1.3077900e-01  -2.4294299e-02
   1.2972400e-01   4.4431698e-02
   9.3406497e-02   1.0422800e-01
   3.1179799e-02   1.3749900e-01
  -3.9233999e-02   1.3443800e-01
  -9.7751297e-02   9.6493097e-02
  -1.2871700e-01   3.5423299e-02
  -1.2546000e-01  -3.1364799e-02
  -9.1020397e-02  -8.6721197e-02
  -3.5604299e-02  -1.1824800e-01
   2.7209199e-02  -1.2012300e-01
   8.3613097e-02  -9.2790497e-02
   1.2145700e-01  -4.1959999e-02
   1.3159700e-01   2.2125099e-02
   1.0966300e-01   8.5464397e-02
   5.8226798e-02   1.3225400e-01
  -1.1947900e-02   1.4868499e-01
  -8.3272497e-02   1.2775800e-01
  -1.3593700e-01   7.2897497e-02
  -1.5440899e-01  -1.8929499e-03
  -1.3303300e-01  -7.6099897e-02
  -7.8041597e-02  -1.2948000e-01
  -5.0760098e-03  -1.4857299e-01
   6.6416898e-02  -1.3021200e-01
   1.1917600e-01  -8.1049997e-02
   1.4211700e-01  -1.4221100e-02
   1.3154700e-01   5.4713198e-02
   9.0502797e-02   1.1089500e-01
   2.7579599e-02   1.4213000e-01
  -4.4081498e-02   1.4049200e-01
  -1.0822700e-01   1.0427300e-01
  -1.4833999e-01   3.9826299e-02
  -1.5209699e-01  -3.8186999e-02
  -1.1605200e-01  -1.0955100e-01
  -4.8208998e-02  -1.5421399e-01
   3.3442899e-02  -1.5900699e-01
   1.0639600e-01  -1.2240000e-01
   1.5096699e-01  -5.5021598e-02
   1.5636199e-01   2.4251299e-02
   1.2307200e-01   9.4651397e-02
   6.1282898e-02   1.3946900e-01
  -1.3171300e-02   1.4951199e-01
  -8.3103397e-02   1.2376300e-01
  -1.3316600e-01   6.8346798e-02
  -1.5195599e-01  -4.9277998e-03
  -1.3382600e-01  -8.0090897e-02
  -8.0758197e-02  -1.3926800e-01
  -3.5166199e-03  -1.6638999e-01
   7.9397997e-02  -1.5200899e-01
   1.4594099e-01  -9.7411097e-02
   1.7709799e-01  -1.5732399e-02
   1.6338899e-01   7.1254297e-02
   1.0834900e-01   1.3987299e-01
   2.7321499e-02   1.7209799e-01
  -5.7853598e-02   1.6078699e-01
  -1.2576100e-01   1.1072900e-01
  -1.6106599e-01   3.5832099e-02
  -1.5724299e-01  -4.5596798e-02
  -1.1651300e-01  -1.1533000e-01
  -4.8297298e-02  -1.5837499e-01
   3.2675899e-02  -1.6505099e-01
   1.0846800e-01  -1.3271700e-01
   1.6088399e-01  -6.7206398e-02
   1.7567499e-01   1.6966099e-02
   1.4716699e-01   9.8958996e-02
   8.1321197e-02   1.5686899e-01
  -4.8161198e-03   1.7453299e-01
  -8.7851697e-02   1.4712599e-01
  -1.4544499e-01   8.2950197e-02
  -1.6333299e-01   4.7277598e-04
  -1.3911199e-01  -7.7993397e-02
  -8.1642997e-02  -1.3314200e-01
  -7.0771897e-03  -1.5339499e-01
   6.6219598e-02  -1.3638500e-01
   1.2185100e-01  -8.7885697e-02
   1.4798099e-01  -1.9647099e-02
   1.3884899e-01   5.2831398e-02
   9.5899996e-02   1.1264600e-01
   2.8445999e-02   1.4458099e-01
  -4.7150398e-02   1.3906299e-01
  -1.1077800e-01   9.5879596e-02
  -1.4420199e-01   2.5703399e-02
  -1.3719699e-01  -5.2124998e-02
  -9.1489597e-02  -1.1539900e-01
  -2.0469299e-02  -1.4631699e-01
   5.5391798e-02  -1.3715899e-01
   1.1538200e-01  -9.2066697e-02
   1.4469899e-01  -2.4602799e-02
   1.3768699e-01   4.7230698e-02
   9.7758296e-02   1.0610900e-01
   3.5175899e-02   1.3892799e-01
  -3.5712599e-02   1.3853999e-01
  -9.8952696e-02   1.0445400e-01
  -1.3941799e-01   4.3174298e-02
  -1.4579299e-01  -3.2039699e-02
  -1.1399300e-01  -1.0298100e-01
  -4.9736098e-02  -1.5054499e-01
   3.1512099e-02  -1.6038399e-01
   1.0822100e-01  -1.2809400e-01
   1.5928499e-01  -6.1434598e-02
   1.7082399e-01   2.1785199e-02
   1.4042699e-01   9.9458996e-02
   7.7173897e-02   1.5209299e-01
  -2.1067899e-03   1.6804999e-01
  -7.8260797e-02   1.4547799e-01
  -1.3458199e-01   9.1161897e-02
  -1.5968399e-01   1.7778899e-02
  -1.4865799e-01  -5.8936998e-02
  -1.0345100e-01  -1.2261700e-01
  -3.2951499e-02  -1.5872599e-01
   4.7664498e-02  -1.5758999e-01
   1.1932000e-01  -1.1758600e-01
   1.6353799e-01  -4.7040998e-02
   1.6802499e-01   3.6793299e-02
   1.3109399e-01   1.1221900e-01
   6.2703998e-02   1.5969799e-01
  -1.8668399e-02   1.6793199e-01
  -9.2066196e-02   1.3687199e-01
  -1.4036199e-01   7.6645397e-02
  -1.5436099e-01   3.4070499e-03
  -1.3368599e-01  -6.5659897e-02
  -8.5166297e-02  -1.1620300e-01
  -2.0304899e-02  -1.3871199e-01
   4.6973298e-02  -1.2926500e-01
   1.0223300e-01  -8.9916897e-02
   1.3275699e-01  -2.8963499e-02
   1.3048399e-01   3.9679898e-02
   9.4980896e-02   9.8964596e-02
   3.4844199e-02   1.3317699e-01
  -3.3902399e-02   1.3304399e-01
  -9.2498096e-02   9.9197896e-02
  -1.2554500e-01   4.2144698e-02
  -1.2588700e-01  -2.1467899e-02
  -9.6190796e-02  -7.4603497e-02
  -4.6881198e-02  -1.0501500e-01
   8.1153497e-03  -1.0785700e-01
   5.5610298e-02  -8.5373397e-02
   8.5823897e-02  -4.4796898e-02
   9.3327496e-02   3.9572298e-03
   7.7142397e-02   4.9975298e-02
   4.0857098e-02   8.2684597e-02
  -7.2716697e-03   9.3628596e-02
  -5.5129698e-02   7.8905597e-02
  -8.9325896e-02   4.1380898e-02
  -9.9319996e-02  -8.8922196e-03
  -8.1522397e-02  -5.7109098e-02
  -4.1234698e-02  -8.8569097e-02
   8.8857496e-03  -9.3962696e-02
   5.3373298e-02  -7.2628497e-02
   7.9436997e-02  -3.2300399e-02
   8.0898497e-02   1.4281099e-02
   5.9145698e-02   5.4001698e-02
   2.1380199e-02   7.7090997e-02
  -2.2312599e-02   7.8781597e-02
  -6.1513498e-02   5.9204698e-02
  -8.7053297e-02   2.2623899e-02
  -9.2114496e-02  -2.3192999e-02
  -7.3591197e-02  -6.7633597e-02
  -3.3736999e-02  -9.8777896e-02
   1.8893099e-02  -1.0635500e-01
   7.0537297e-02  -8.5497497e-02
   1.0587900e-01  -3.9573598e-02
   1.1322700e-01   1.9740199e-02
   8.8991596e-02   7.5775997e-02
   3.9262598e-02   1.1242000e-01
  -2.2307299e-02   1.1946900e-01
  -7.9243197e-02   9.5503896e-02
  -1.1736200e-01   4.7412998e-02
  -1.2820499e-01  -1.2596799e-02
  -1.1004200e-01  -7.0687497e-02
  -6.7083897e-02  -1.1430000e-01
  -8.1050897e-03  -1.3392199e-01
   5.4843398e-02  -1.2428799e-01
   1.0791300e-01  -8.5619497e-02
   1.3783599e-01  -2.4691199e-02
   1.3536899e-01   4.5321698e-02
   9.8815596e-02   1.0725500e-01
   3.5833099e-02   1.4459699e-01
  -3.7937098e-02   1.4684299e-01
  -1.0341100e-01   1.1323100e-01
  -1.4406799e-01   5.3043598e-02
  -1.5088999e-01  -1.7674399e-02
  -1.2428199e-01  -8.1402097e-02
  -7.2687797e-02  -1.2406599e-01
  -9.1633796e-03  -1.3786699e-01
   5.2231598e-02  -1.2171600e-01
   9.9025996e-02  -8.0215797e-02
   1.2188099e-01  -2.2332599e-02
   1.1577900e-01   3.9815098e-02
   8.1303497e-02   9.2526396e-02
   2.5560999e-02   1.2309799e-01
  -3.8378598e-02   1.2330699e-01
  -9.4326696e-02   9.2569596e-02
  -1.2769099e-01   3.9016498e-02
  -1.3029599e-01  -2.2581699e-02
  -1.0310300e-01  -7.5555397e-02
  -5.5515998e-02  -1.0677100e-01
  -1.6692999e-03  -1.1039700e-01
   4.4429298e-02  -8.8615896e-02
   7.2727697e-02  -4.9547898e-02
   7.8724497e-02  -3.9563498e-03
   6.3071997e-02   3.7593998e-02
   3.0351999e-02   6.6368497e-02
  -1.1972099e-02   7.6266997e-02
  -5.4340398e-02   6.4621097e-02
  -8.6317496e-02   3.3279899e-02
  -9.8872296e-02  -1.0687300e-02
