   1.2141900e+01   2.2181100e-06
   1.1700300e+01   3.0157100e+00
   1.0466100e+01   5.7569600e+00
   8.5900800e+00   8.0196000e+00
   6.2574400e+00   9.6859600e+00
   3.6391100e+00   1.0705100e+01
   8.7950500e-01   1.1051500e+01
  -1.8790100e+00   1.0699800e+01
  -4.4636400e+00   9.6368200e+00
  -6.6659000e+00   7.9029400e+00
  -8.2775100e+00   5.6279400e+00
  -9.1492900e+00   3.0292800e+00
  -9.2356900e+00   3.6653300e-01
  -8.5959700e+00  -2.1226000e+00
  -7.3536000e+00  -4.2665300e+00
  -5.6438200e+00  -5.9610900e+00
  -3.5854900e+00  -7.1368400e+00
  -1.2924400e+00  -7.7253600e+00
   1.0924600e+00  -7.6564600e+00
   3.3757800e+00  -6.8920100e+00
   5.3309200e+00  -5.4718100e+00
   6.7510400e+00  -3.5350400e+00
   7.5064200e+00  -1.2967400e+00
   7.5703900e+00   1.0094500e+00
   6.9995500e+00   3.1873700e+00
   5.8861600e+00   5.1003400e+00
   4.3187300e+00   6.6524600e+00
   2.3779000e+00   7.7530000e+00
   1.6542900e-01   8.2990800e+00
  -2.1631400e+00   8.1962600e+00
  -4.3954800e+00   7.4055700e+00
  -6.3009600e+00   5.9829300e+00
  -7.6909800e+00   4.0801800e+00
  -8.4643600e+00   1.9032600e+00
  -8.6110000e+00  -3.4661600e-01
  -8.1767300e+00  -2.5120700e+00
  -7.2191500e+00  -4.4785100e+00
  -5.7883800e+00  -6.1433000e+00
  -3.9451100e+00  -7.3877700e+00
  -1.7974600e+00  -8.0815000e+00
   4.7789700e-01  -8.1221900e+00
   2.6545300e+00  -7.4852300e+00
   4.5098900e+00  -6.2476500e+00
   5.8823400e+00  -4.5676200e+00
   6.6973300e+00  -2.6321200e+00
   6.9505000e+00  -6.0679300e-01
   6.6663500e+00   1.3812900e+00
   5.8671900e+00   3.2238300e+00
   4.5768200e+00   4.7986400e+00
   2.8541100e+00   5.9580900e+00
   8.2710900e-01   6.5555200e+00
  -1.3046800e+00   6.4963200e+00
  -3.3092400e+00   5.7796900e+00
  -4.9815700e+00   4.5020000e+00
  -6.1880900e+00   2.8189400e+00
  -6.8709700e+00   8.9259200e-01
  -7.0171900e+00  -1.1417000e+00
  -6.6214900e+00  -3.1707200e+00
  -5.6753800e+00  -5.0729600e+00
  -4.1913600e+00  -6.6947700e+00
  -2.2429800e+00  -7.8600300e+00
   1.3634900e-02  -8.4145500e+00
   2.3588000e+00  -8.2784400e+00
   4.5620800e+00  -7.4720100e+00
   6.4376400e+00  -6.0985700e+00
   7.8695500e+00  -4.2974400e+00
   8.7969200e+00  -2.2005600e+00
   9.1783000e+00   7.9162000e-02
   8.9686600e+00   2.4258200e+00
   8.1305800e+00   4.6897700e+00
   6.6730900e+00   6.6804300e+00
   4.6878400e+00   8.1974500e+00
   2.3521000e+00   9.0849900e+00
  -1.0901900e-01   9.2757500e+00
  -2.4798600e+00   8.7969200e+00
  -4.5962500e+00   7.7373300e+00
  -6.3496600e+00   6.2015300e+00
  -7.6597900e+00   4.2840200e+00
  -8.4445700e+00   2.0789500e+00
  -8.6172100e+00  -2.8836200e-01
  -8.1174100e+00  -2.6398200e+00
  -6.9555000e+00  -4.7581300e+00
  -5.2362000e+00  -6.4343100e+00
  -3.1415800e+00  -7.5221300e+00
  -8.8128000e-01  -7.9660400e+00
   1.3588700e+00  -7.7878300e+00
   3.4394300e+00  -7.0463500e+00
   5.2530800e+00  -5.8024400e+00
   6.6935200e+00  -4.1147500e+00
   7.6397100e+00  -2.0662200e+00
   7.9745700e+00   2.0453900e-01
   7.6293500e+00   2.4979400e+00
   6.6232800e+00   4.5866600e+00
   5.0692900e+00   6.2712300e+00
   3.1399800e+00   7.4248200e+00
   1.0153200e+00   8.0013500e+00
  -1.1542000e+00   8.0076800e+00
  -3.2490600e+00   7.4655200e+00
  -5.1544200e+00   6.3943700e+00
  -6.7350100e+00   4.8280500e+00
  -7.8387900e+00   2.8498100e+00
  -8.3339000e+00   6.1438500e-01
  -8.1569300e+00  -1.6661500e+00
  -7.3395600e+00  -3.7701100e+00
  -5.9950800e+00  -5.5199400e+00
  -4.2739800e+00  -6.8101500e+00
  -2.3189600e+00  -7.5965100e+00
  -2.4781600e-01  -7.8617000e+00
   1.8300400e+00  -7.5883900e+00
   3.7843000e+00  -6.7631900e+00
   5.4526000e+00  -5.4086700e+00
   6.6642900e+00  -3.6173600e+00
   7.2887600e+00  -1.5578100e+00
   7.2777100e+00   5.5786100e-01
   6.6736800e+00   2.5278200e+00
   5.5805400e+00   4.2033400e+00
   4.1177400e+00   5.4967800e+00
   2.3904000e+00   6.3570100e+00
   4.9278100e-01   6.7377400e+00
  -1.4642000e+00   6.5883300e+00
  -3.3300000e+00   5.8770100e+00
  -4.9219700e+00   4.6300800e+00
  -6.0657400e+00   2.9558800e+00
  -6.6455700e+00   1.0319400e+00
  -6.6328300e+00  -9.4043200e-01
  -6.0756900e+00  -2.7867800e+00
  -5.0602900e+00  -4.3850700e+00
  -3.6728900e+00  -5.6552800e+00
  -1.9894300e+00  -6.5291300e+00
  -9.5846700e-02  -6.9298100e+00
   1.8824400e+00  -6.7828100e+00
   3.7716200e+00  -6.0530300e+00
   5.3760800e+00  -4.7815900e+00
   6.5284200e+00  -3.0936400e+00
   7.1327100e+00  -1.1681400e+00
   7.1748500e+00   8.1236200e-01
   6.6970000e+00   2.7007500e+00
   5.7584600e+00   4.3913700e+00
   4.4129900e+00   5.7968400e+00
   2.7180900e+00   6.8213100e+00
   7.6501800e-01   7.3576300e+00
  -1.2988100e+00   7.3163100e+00
  -3.2791800e+00   6.6683400e+00
  -4.9769200e+00   5.4713600e+00
  -6.2387200e+00   3.8590400e+00
  -6.9861600e+00   1.9992400e+00
  -7.2078400e+00   4.8014600e-02
  -6.9257600e+00  -1.8720300e+00
  -6.1648000e+00  -3.6602700e+00
  -4.9492700e+00  -5.2102400e+00
  -3.3278600e+00  -6.3947400e+00
  -1.4047100e+00  -7.0822500e+00
   6.5235700e-01  -7.1785200e+00
   2.6392500e+00  -6.6660300e+00
   4.3656300e+00  -5.6140600e+00
   5.6976900e+00  -4.1519100e+00
   6.5692300e+00  -2.4236000e+00
   6.9596000e+00  -5.5420600e-01
   6.8609200e+00   1.3525600e+00
   6.2629100e+00   3.1910500e+00
   5.1684600e+00   4.8302000e+00
   3.6273000e+00   6.1155500e+00
   1.7593700e+00   6.9027900e+00
  -2.5438700e-01   7.1036500e+00
  -2.2133600e+00   6.7142500e+00
  -3.9465600e+00   5.8074700e+00
  -5.3407500e+00   4.4958100e+00
  -6.3338000e+00   2.8915800e+00
  -6.8856800e+00   1.0907500e+00
  -6.9547700e+00  -8.1263700e-01
  -6.5015400e+00  -2.6993500e+00
  -5.5187800e+00  -4.4133300e+00
  -4.0652800e+00  -5.7821000e+00
  -2.2752800e+00  -6.6613200e+00
  -3.3221100e-01  -6.9762700e+00
   1.5790800e+00  -6.7340500e+00
   3.3126500e+00  -6.0007800e+00
   4.7715100e+00  -4.8622300e+00
   5.8877400e+00  -3.3969200e+00
   6.5948700e+00  -1.6788000e+00
   6.8195800e+00   1.9741400e-01
   6.5033900e+00   2.0938900e+00
   5.6402400e+00   3.8345100e+00
   4.3021200e+00   5.2409500e+00
   2.6314100e+00   6.1800300e+00
   8.0227600e-01   6.5934400e+00
  -1.0251700e+00   6.4926000e+00
  -2.7299700e+00   5.9266900e+00
  -4.2232300e+00   4.9494400e+00
  -5.4220100e+00   3.6097300e+00
  -6.2311800e+00   1.9702000e+00
  -6.5531800e+00   1.3556200e-01
  -6.3230400e+00  -1.7370100e+00
  -5.5449600e+00  -3.4600300e+00
  -4.3037500e+00  -4.8612900e+00
  -2.7412600e+00  -5.8256600e+00
  -1.0125100e+00  -6.3085400e+00
   7.5027700e-01  -6.3163500e+00
   2.4449200e+00  -5.8732000e+00
   3.9796800e+00  -5.0009600e+00
   5.2492600e+00  -3.7279100e+00
   6.1318200e+00  -2.1172800e+00
   6.5155600e+00  -2.9010600e-01
   6.3398800e+00   1.5803600e+00
   5.6230500e+00   3.3052000e+00
   4.4571500e+00   4.7268700e+00
   2.9732000e+00   5.7486400e+00
   1.3003300e+00   6.3311900e+00
  -4.5470300e-01   6.4648300e+00
  -2.1983100e+00   6.1430600e+00
  -3.8251300e+00   5.3597700e+00
  -5.2037600e+00   4.1328900e+00
  -6.1911000e+00   2.5349300e+00
  -6.6710700e+00   7.0376500e-01
  -6.5935500e+00  -1.1793700e+00
  -5.9879700e+00  -2.9345400e+00
  -4.9430700e+00  -4.4235900e+00
  -3.5680800e+00  -5.5633300e+00
  -1.9624400e+00  -6.3085300e+00
  -2.1287900e-01  -6.6237900e+00
   1.5857100e+00  -6.4704000e+00
   3.3080500e+00  -5.8210000e+00
   4.7990700e+00  -4.6920600e+00
   5.9040100e+00  -3.1684300e+00
   6.5118700e+00  -1.3986500e+00
   6.5849200e+00   4.4019100e-01
   6.1562000e+00   2.1871700e+00
   5.2991400e+00   3.7251500e+00
   4.0928300e+00   4.9774500e+00
   2.6073400e+00   5.8835200e+00
   9.1669900e-01   6.3780900e+00
  -8.7561500e-01   6.3948200e+00
  -2.6243300e+00   5.8949200e+00
  -4.1594300e+00   4.9006500e+00
  -5.3268700e+00   3.5078100e+00
  -6.0287600e+00   1.8655800e+00
  -6.2385600e+00   1.3476000e-01
  -5.9841900e+00  -1.5494400e+00
  -5.3147600e+00  -3.0885400e+00
  -4.2768400e+00  -4.4046500e+00
  -2.9170500e+00  -5.4161700e+00
  -1.3058900e+00  -6.0303000e+00
   4.4004100e-01  -6.1631100e+00
   2.1600300e+00  -5.7757100e+00
   3.6807700e+00  -4.9011700e+00
   4.8603300e+00  -3.6418200e+00
   5.6181700e+00  -2.1372300e+00
   5.9343600e+00  -5.2348400e-01
   5.8234900e+00   1.0905100e+00
   5.3060100e+00   2.6181800e+00
   4.4000500e+00   3.9723300e+00
   3.1390600e+00   5.0484500e+00
   1.5992500e+00   5.7332700e+00
  -8.8054400e-02   5.9374200e+00
  -1.7541200e+00   5.6314900e+00
  -3.2334300e+00   4.8605300e+00
  -4.4033300e+00   3.7266000e+00
  -5.1993300e+00   2.3511700e+00
  -5.6005800e+00   8.4270700e-01
  -5.6015100e+00  -7.1080900e-01
  -5.1944200e+00  -2.2248100e+00
  -4.3777400e+00  -3.5959700e+00
  -3.1834100e+00  -4.6985600e+00
  -1.7004000e+00  -5.4083700e+00
  -7.2802200e-02  -5.6415600e+00
   1.5311500e+00  -5.3832900e+00
   2.9618100e+00  -4.6872300e+00
   4.1169600e+00  -3.6470500e+00
   4.9414500e+00  -2.3607800e+00
   5.4042400e+00  -9.1193300e-01
   5.4751900e+00   6.2259600e-01
   5.1228000e+00   2.1496100e+00
   4.3364900e+00   3.5453600e+00
   3.1565500e+00   4.6673900e+00
   1.6873400e+00   5.3898600e+00
   8.0423100e-02   5.6411900e+00
  -1.5045400e+00   5.4200900e+00
  -2.9372900e+00   4.7808300e+00
  -4.1311300e+00   3.8002600e+00
  -5.0296100e+00   2.5508300e+00
  -5.5821400e+00   1.0976400e+00
  -5.7321400e+00  -4.8244600e-01
  -5.4306300e+00  -2.0793700e+00
  -4.6671000e+00  -3.5486600e+00
  -3.4948800e+00  -4.7377500e+00
  -2.0303400e+00  -5.5264100e+00
  -4.2367700e-01  -5.8564000e+00
   1.1812600e+00  -5.7327900e+00
   2.6732200e+00  -5.1993000e+00
   3.9726000e+00  -4.3080500e+00
   5.0106000e+00  -3.1062800e+00
   5.7105700e+00  -1.6481200e+00
   5.9911300e+00  -1.8748100e-02
   5.7928700e+00   1.6524600e+00
   5.1110000e+00   3.2056100e+00
   4.0102300e+00   4.4868900e+00
   2.6098100e+00   5.3868900e+00
   1.0474300e+00   5.8575200e+00
  -5.5483400e-01   5.9000500e+00
  -2.1020900e+00   5.5368400e+00
  -3.5134000e+00   4.7904700e+00
  -4.7002400e+00   3.6860900e+00
  -5.5592800e+00   2.2737900e+00
  -5.9907300e+00   6.5066500e-01
  -5.9325900e+00  -1.0386900e+00
  -5.3882400e+00  -2.6292700e+00
  -4.4277100e+00  -3.9761100e+00
  -3.1615300e+00  -4.9839000e+00
  -1.7048000e+00  -5.6095900e+00
  -1.5493300e-01  -5.8412200e+00
   1.4050900e+00  -5.6733100e+00
   2.8865000e+00  -5.0996400e+00
   4.1792100e+00  -4.1298800e+00
   5.1591200e+00  -2.8161800e+00
   5.7183100e+00  -1.2670200e+00
   5.8001700e+00   3.6641000e-01
   5.4163000e+00   1.9261400e+00
   4.6342600e+00   3.2846100e+00
   3.5458100e+00   4.3612300e+00
   2.2378600e+00   5.1120300e+00
   7.8507900e-01   5.5057000e+00
  -7.3509000e-01   5.5084800e+00
  -2.2218800e+00   5.0921200e+00
  -3.5468900e+00   4.2601200e+00
  -4.5754100e+00   3.0717700e+00
  -5.2029800e+00   1.6435500e+00
  -5.3845100e+00   1.2334200e-01
  -5.1376100e+00  -1.3480500e+00
  -4.5200600e+00  -2.6646100e+00
  -3.5989400e+00  -3.7573000e+00
  -2.4337500e+00  -4.5751200e+00
  -1.0833800e+00  -5.0649800e+00
   3.7249800e-01  -5.1699800e+00
   1.8191300e+00  -4.8505400e+00
   3.1160400e+00  -4.1138800e+00
   4.1290200e+00  -3.0294100e+00
   4.7662400e+00  -1.7166800e+00
   4.9962000e+00  -3.1178700e-01
   4.8379000e+00   1.0668300e+00
   4.3333300e+00   2.3328500e+00
   3.5239700e+00   3.4216900e+00
   2.4482500e+00   4.2693100e+00
   1.1596100e+00   4.8015000e+00
  -2.5256300e-01   4.9465300e+00
  -1.6596600e+00   4.6646100e+00
  -2.9163900e+00   3.9739400e+00
  -3.8978500e+00   2.9536700e+00
  -4.5287700e+00   1.7203200e+00
  -4.7880000e+00   3.9259500e-01
  -4.6888300e+00  -9.3302100e-01
  -4.2530800e+00  -2.1826000e+00
  -3.4994800e+00  -3.2866200e+00
  -2.4548800e+00  -4.1629300e+00
  -1.1775200e+00  -4.7191600e+00
   2.2860700e-01  -4.8773700e+00
   1.6238400e+00  -4.6057700e+00
   2.8650500e+00  -3.9356300e+00
   3.8413800e+00  -2.9511400e+00
   4.4920600e+00  -1.7588600e+00
   4.7982300e+00  -4.5737100e-01
   4.7590700e+00   8.7394000e-01
   4.3735300e+00   2.1635200e+00
   3.6426600e+00   3.3278800e+00
   2.5909000e+00   4.2643000e+00
   1.2882000e+00   4.8668200e+00
  -1.4679200e-01   5.0583800e+00
  -1.5692300e+00   4.8183700e+00
  -2.8444500e+00   4.1871900e+00
  -3.8762800e+00   3.2454000e+00
  -4.6118100e+00   2.0824100e+00
  -5.0240900e+00   7.7625400e-01
  -5.0906400e+00  -6.0408400e-01
  -4.7870500e+00  -1.9802500e+00
  -4.1025000e+00  -3.2495300e+00
  -3.0653800e+00  -4.2903300e+00
  -1.7585500e+00  -4.9894800e+00
  -3.0966100e-01  -5.2757300e+00
   1.1400300e+00  -5.1379600e+00
   2.4698400e+00  -4.6173300e+00
   3.5964600e+00  -3.7804300e+00
   4.4666300e+00  -2.6935200e+00
   5.0365100e+00  -1.4155000e+00
   5.2582100e+00  -1.1353800e-02
   5.0870700e+00   1.4284100e+00
   4.5064800e+00   2.7824900e+00
   3.5518700e+00   3.9172500e+00
   2.3150100e+00   4.7204100e+00
   9.2287700e-01   5.1297900e+00
  -4.9659300e-01   5.1394400e+00
  -1.8406500e+00   4.7819100e+00
  -3.0355100e+00   4.1015200e+00
  -4.0206800e+00   3.1392300e+00
  -4.7310700e+00   1.9387900e+00
  -5.0954500e+00   5.6673300e-01
  -5.0560600e+00  -8.7318000e-01
  -4.5970900e+00  -2.2469700e+00
  -3.7616200e+00  -3.4190000e+00
  -2.6436100e+00  -4.2860800e+00
  -1.3592500e+00  -4.7964800e+00
  -1.5956600e-02  -4.9440700e+00
   1.3019900e+00  -4.7453600e+00
   2.5254600e+00  -4.2189900e+00
   3.5818500e+00  -3.3835900e+00
   4.3853600e+00  -2.2745900e+00
   4.8484000e+00  -9.6468600e-01
   4.9095400e+00   4.3119100e-01
   4.5596300e+00   1.7749000e+00
   3.8478200e+00   2.9388400e+00
   2.8629400e+00   3.8344300e+00
   1.7028100e+00   4.4189300e+00
   4.5182300e-01   4.6802100e+00
  -8.2043700e-01   4.6145200e+00
  -2.0433300e+00   4.2165300e+00
  -3.1295400e+00   3.4899000e+00
  -3.9768200e+00   2.4697600e+00
  -4.4907000e+00   1.2380000e+00
  -4.6150500e+00  -8.3605200e-02
  -4.3505700e+00  -1.3614300e+00
  -3.7488700e+00  -2.4830900e+00
  -2.8871200e+00  -3.3757200e+00
  -1.8412000e+00  -4.0010000e+00
  -6.7518900e-01  -4.3353000e+00
   5.4871700e-01  -4.3537300e+00
   1.7520100e+00  -4.0328000e+00
   2.8323100e+00  -3.3706600e+00
   3.6773600e+00  -2.4094000e+00
   4.1948600e+00  -1.2406900e+00
   4.3399200e+00   1.2334000e-02
   4.1223800e+00   1.2273800e+00
   3.5908600e+00   2.3097100e+00
   2.8059600e+00   3.1983800e+00
   1.8222900e+00   3.8523100e+00
   6.9044000e-01   4.2316000e+00
  -5.2591700e-01   4.2920000e+00
  -1.7352600e+00   3.9994900e+00
  -2.8218500e+00   3.3552600e+00
  -3.6701200e+00   2.4122600e+00
  -4.1962100e+00   1.2693200e+00
  -4.3672600e+00   4.4750100e-02
  -4.1971600e+00  -1.1544700e+00
  -3.7244400e+00  -2.2491600e+00
  -2.9898800e+00  -3.1827000e+00
  -2.0301800e+00  -3.9031900e+00
  -8.9053600e-01  -4.3513200e+00
   3.5656200e-01  -4.4670100e+00
   1.6048300e+00  -4.2127500e+00
   2.7295200e+00  -3.5977100e+00
   3.6180300e+00  -2.6845400e+00
   4.1976400e+00  -1.5728900e+00
   4.4437200e+00  -3.6952800e-01
   4.3660700e+00   8.3567600e-01
   3.9860500e+00   1.9742800e+00
   3.3232400e+00   2.9858400e+00
   2.4012000e+00   3.8017900e+00
   1.2665200e+00   4.3436100e+00
   3.7278100e-03   4.5407700e+00
  -1.2691600e+00   4.3580100e+00
  -2.4254400e+00   3.8133500e+00
  -3.3613400e+00   2.9737500e+00
  -4.0151800e+00   1.9311800e+00
  -4.3644800e+00   7.7500100e-01
  -4.4068600e+00  -4.2160700e-01
  -4.1421100e+00  -1.5952300e+00
  -3.5703500e+00  -2.6754200e+00
  -2.7078800e+00  -3.5753600e+00
  -1.6072600e+00  -4.2016800e+00
  -3.6401700e-01  -4.4804800e+00
   8.9881000e-01  -4.3829900e+00
   2.0608100e+00  -3.9339200e+00
   3.0311900e+00  -3.1971700e+00
   3.7570400e+00  -2.2493400e+00
   4.2114500e+00  -1.1593900e+00
   4.3743300e+00   1.3110100e-02
   4.2236300e+00   1.2038800e+00
   3.7452200e+00   2.3292100e+00
   2.9544000e+00   3.2866800e+00
   1.9119600e+00   3.9755200e+00
   7.2019100e-01   4.3256300e+00
  -5.0106100e-01   4.3167800e+00
  -1.6445600e+00   3.9761000e+00
  -2.6338100e+00   3.3571400e+00
  -3.4203500e+00   2.5163400e+00
  -3.9670600e+00   1.5032200e+00
  -4.2341200e+00   3.6923600e-01
  -4.1815400e+00  -8.1528900e-01
  -3.7882700e+00  -1.9531800e+00
  -3.0742600e+00  -2.9322500e+00
  -2.1081300e+00  -3.6527000e+00
  -9.9293600e-01  -4.0537000e+00
   1.6216400e-01  -4.1228600e+00
   1.2668500e+00  -3.8842600e+00
   2.2567200e+00  -3.3756100e+00
   3.0820900e+00  -2.6323100e+00
   3.6915900e+00  -1.6891900e+00
   4.0272000e+00  -5.9641400e-01
   4.0377700e+00   5.6589900e-01
   3.7030700e+00   1.6895900e+00
   3.0511900e+00   2.6598900e+00
   2.1559400e+00   3.3849100e+00
   1.1147800e+00   3.8152800e+00
   2.1240900e-02   3.9429000e+00
  -1.0508200e+00   3.7829400e+00
  -2.0436600e+00   3.3543400e+00
  -2.9001700e+00   2.6743200e+00
  -3.5527200e+00   1.7701800e+00
  -3.9291700e+00   6.9737000e-01
  -3.9747000e+00  -4.5273800e-01
  -3.6756200e+00  -1.5653400e+00
  -3.0683600e+00  -2.5297200e+00
  -2.2270100e+00  -3.2656600e+00
  -1.2376300e+00  -3.7332100e+00
  -1.7642300e-01  -3.9224300e+00
   8.9518400e-01  -3.8340300e+00
   1.9189200e+00  -3.4676300e+00
   2.8249500e+00  -2.8273900e+00
   3.5297800e+00  -1.9401200e+00
   3.9524500e+00  -8.7064700e-01
   4.0406100e+00   2.8018000e-01
   3.7891300e+00   1.3967900e+00
   3.2390800e+00   2.3777100e+00
   2.4580600e+00   3.1546600e+00
   1.5159700e+00   3.6918600e+00
   4.7247000e-01   3.9703500e+00
  -6.1769000e-01   3.9723500e+00
  -1.6893100e+00   3.6799000e+00
  -2.6575500e+00   3.0897800e+00
  -3.4262800e+00   2.2333400e+00
  -3.9119100e+00   1.1848100e+00
  -4.0685100e+00   4.9288100e-02
  -3.8979500e+00  -1.0638000e+00
  -3.4394700e+00  -2.0658400e+00
  -2.7472300e+00  -2.8982000e+00
  -1.8721400e+00  -3.5229900e+00
  -8.6009400e-01  -3.9065900e+00
   2.3515200e-01  -4.0118700e+00
   1.3378600e+00  -3.8074600e+00
   2.3498800e+00  -3.2884700e+00
   3.1686400e+00  -2.4930600e+00
   3.7142700e+00  -1.5013400e+00
   3.9491700e+00  -4.1533000e-01
   3.8783100e+00   6.6810500e-01
   3.5322700e+00   1.6746400e+00
   2.9468300e+00   2.5514600e+00
   2.1542600e+00   3.2530700e+00
   1.1913300e+00   3.7288400e+00
   1.1552800e-01   3.9252500e+00
  -9.8644200e-01   3.8039500e+00
  -2.0081900e+00   3.3634000e+00
  -2.8483700e+00   2.6483900e+00
  -3.4360600e+00   1.7394200e+00
  -3.7417100e+00   7.2827000e-01
  -3.7684600e+00  -3.0474800e-01
  -3.5329400e+00  -1.2981900e+00
  -3.0512500e+00  -2.2002300e+00
  -2.3407400e+00  -2.9540800e+00
  -1.4350600e+00  -3.4932700e+00
  -3.9874600e-01  -3.7540100e+00
   6.7280600e-01  -3.6980900e+00
   1.6717500e+00  -3.3308900e+00
   2.5048400e+00  -2.7016200e+00
   3.1128900e+00  -1.8852800e+00
   3.4718200e+00  -9.5844200e-01
   3.5779700e+00   1.5464900e-02
   3.4313700e+00   9.8360000e-01
   3.0308900e+00   1.8899300e+00
   2.3854600e+00   2.6648000e+00
   1.5316700e+00   3.2299300e+00
   5.4268000e-01   3.5186300e+00
  -4.8136700e-01   3.4989100e+00
  -1.4376200e+00   3.1842000e+00
  -2.2452300e+00   2.6244000e+00
  -2.8559000e+00   1.8840600e+00
  -3.2463100e+00   1.0229300e+00
  -3.4016800e+00   9.1086500e-02
  -3.3054200e+00  -8.6078700e-01
  -2.9444600e+00  -1.7676200e+00
  -2.3266200e+00  -2.5472400e+00
  -1.4962200e+00  -3.1147900e+00
  -5.3446200e-01  -3.4070400e+00
   4.5843200e-01  -3.4012900e+00
   1.3891400e+00  -3.1169200e+00
   2.1895700e+00  -2.5994600e+00
   2.8178100e+00  -1.8996000e+00
   3.2450500e+00  -1.0617100e+00
   3.4418200e+00  -1.2857800e-01
   3.3768500e+00   8.4435500e-01
   3.0310300e+00   1.7797200e+00
   2.4167900e+00   2.5848600e+00
   1.5877200e+00   3.1734000e+00
   6.2974100e-01   3.4892000e+00
  -3.6190200e-01   3.5177500e+00
  -1.3057400e+00   3.2789300e+00
  -2.1435300e+00   2.8079700e+00
  -2.8330500e+00   2.1394500e+00
  -3.3337400e+00   1.3055500e+00
  -3.5996100e+00   3.4796300e-01
  -3.5877300e+00  -6.6841300e-01
  -3.2778800e+00  -1.6538200e+00
  -2.6894300e+00  -2.5092400e+00
  -1.8825800e+00  -3.1513600e+00
  -9.4192600e-01  -3.5319500e+00
   4.7604500e-02  -3.6402900e+00
   1.0171100e+00  -3.4896200e+00
   1.9138400e+00  -3.0993700e+00
   2.6890200e+00  -2.4874100e+00
   3.2865800e+00  -1.6775000e+00
   3.6450400e+00  -7.1462100e-01
   3.7142300e+00   3.2591000e-01
   3.4763000e+00   1.3458200e+00
   2.9566100e+00   2.2458900e+00
   2.2162400e+00   2.9499500e+00
   1.3311100e+00   3.4166400e+00
   3.7139700e-01   3.6334800e+00
  -6.0585500e-01   3.6007400e+00
  -1.5490900e+00   3.3191800e+00
  -2.3991200e+00   2.7918000e+00
  -3.0845800e+00   2.0380200e+00
  -3.5329900e+00   1.1082700e+00
  -3.6924600e+00   8.5607100e-02
  -3.5498600e+00  -9.2989500e-01
  -3.1334800e+00  -1.8457300e+00
  -2.4985800e+00  -2.5958700e+00
  -1.7062500e+00  -3.1436000e+00
  -8.0990100e-01  -3.4697700e+00
   1.4290900e-01  -3.5583500e+00
   1.0981500e+00  -3.3923600e+00
   1.9854700e+00  -2.9644600e+00
   2.7221800e+00  -2.2940700e+00
   3.2318400e+00  -1.4373100e+00
   3.4666000e+00  -4.8004400e-01
   3.4191300e+00   4.8327400e-01
   3.1168600e+00   1.3724500e+00
   2.6037700e+00   2.1325300e+00
   1.9231800e+00   2.7285100e+00
   1.1132200e+00   3.1313400e+00
   2.1615800e-01   3.3089900e+00
  -7.0863800e-01   3.2315500e+00
  -1.5813600e+00   2.8878900e+00
  -2.3143200e+00   2.3015600e+00
  -2.8345800e+00   1.5333200e+00
  -3.1028500e+00   6.6660400e-01
  -3.1171400e+00  -2.1546400e-01
  -2.9004100e+00  -1.0473400e+00
  -2.4825100e+00  -1.7831700e+00
  -1.8901400e+00  -2.3858300e+00
  -1.1512200e+00  -2.8149200e+00
  -3.0838100e-01  -3.0257000e+00
   5.7145900e-01  -2.9822800e+00
   1.4020100e+00  -2.6766000e+00
   2.0968400e+00  -2.1392300e+00
   2.5919200e+00  -1.4336300e+00
   2.8579200e+00  -6.3658800e-01
   2.8955900e+00   1.8247900e-01
   2.7199800e+00   9.7080200e-01
   2.3465300e+00   1.6865000e+00
   1.7897000e+00   2.2858500e+00
   1.0742600e+00   2.7166600e+00
   2.4886400e-01   2.9259600e+00
  -6.1092200e-01   2.8785200e+00
  -1.4156200e+00   2.5739000e+00
  -2.0844600e+00   2.0498700e+00
  -2.5640200e+00   1.3693500e+00
  -2.8322800e+00   5.9953300e-01
  -2.8877000e+00  -2.0309500e-01
  -2.7340700e+00  -9.9337600e-01
  -2.3736200e+00  -1.7266800e+00
  -1.8140500e+00  -2.3483800e+00
  -1.0833800e+00  -2.7950900e+00
  -2.3971200e-01  -3.0098200e+00
   6.3379900e-01  -2.9621700e+00
   1.4481100e+00  -2.6600400e+00
   2.1303900e+00  -2.1450000e+00
   2.6358800e+00  -1.4746600e+00
   2.9440800e+00  -7.0447700e-01
   3.0449900e+00   1.1933300e-01
   2.9282900e+00   9.5307800e-01
   2.5849300e+00   1.7434800e+00
   2.0205900e+00   2.4228000e+00
   1.2701000e+00   2.9185000e+00
   4.0066800e-01   3.1731200e+00
  -5.0089600e-01   3.1623500e+00
  -1.3501400e+00   2.8992700e+00
  -2.0828400e+00   2.4230700e+00
  -2.6588800e+00   1.7806000e+00
  -3.0526600e+00   1.0141800e+00
  -3.2404500e+00   1.6292500e-01
  -3.1966800e+00  -7.2601900e-01
  -2.9036800e+00  -1.5878500e+00
  -2.3682100e+00  -2.3429800e+00
  -1.6319700e+00  -2.9136700e+00
  -7.6705000e-01  -3.2451600e+00
   1.4231800e-01  -3.3181700e+00
   1.0206200e+00  -3.1456400e+00
   1.8120500e+00  -2.7574300e+00
   2.4768100e+00  -2.1851500e+00
   2.9791800e+00  -1.4579000e+00
   3.2794300e+00  -6.1062600e-01
   3.3385400e+00   3.0352700e-01
   3.1338300e+00   1.2093200e+00
   2.6748200e+00   2.0201600e+00
   2.0073400e+00   2.6588300e+00
   1.2019100e+00   3.0760400e+00
   3.3340100e-01   3.2555600e+00
  -5.3507500e-01   3.2047700e+00
  -1.3551200e+00   2.9391600e+00
  -2.0839800e+00   2.4734000e+00
  -2.6738100e+00   1.8253800e+00
  -3.0707900e+00   1.0288300e+00
  -3.2273000e+00   1.4307600e-01
  -3.1202800e+00  -7.5042100e-01
  -2.7628800e+00  -1.5650300e+00
  -2.2012400e+00  -2.2301500e+00
  -1.4980300e+00  -2.7039500e+00
  -7.1389700e-01  -2.9710400e+00
   1.0147500e-01  -3.0295000e+00
   9.0490000e-01  -2.8788800e+00
   1.6484200e+00  -2.5191900e+00
   2.2731800e+00  -1.9615700e+00
   2.7163600e+00  -1.2416900e+00
   2.9286300e+00  -4.2387900e-01
   2.8912100e+00   4.0949100e-01
   2.6211400e+00   1.1784100e+00
   2.1612800e+00   1.8231400e+00
   1.5624400e+00   2.3094300e+00
   8.6982700e-01   2.6202000e+00
   1.2214000e-01   2.7426100e+00
  -6.3883000e-01   2.6622600e+00
  -1.3583500e+00   2.3699400e+00
  -1.9693800e+00   1.8760900e+00
  -2.4064300e+00   1.2212700e+00
  -2.6247800e+00   4.7319700e-01
  -2.6131000e+00  -2.8951900e-01
  -2.3912600e+00  -9.9757099e-01
  -1.9960100e+00  -1.6027500e+00
  -1.4650800e+00  -2.0757500e+00
  -8.3083900e-01  -2.3946700e+00
  -1.2637900e-01  -2.5355500e+00
   6.0303400e-01  -2.4741000e+00
   1.2947500e+00  -2.1985000e+00
   1.8768100e+00  -1.7240100e+00
   2.2862900e+00  -1.0977100e+00
   2.4867800e+00  -3.8854400e-01
   2.4742900e+00   3.3175700e-01
   2.2686500e+00   1.0052600e+00
   1.8979400e+00   1.5922200e+00
   1.3877700e+00   2.0631600e+00
   7.6255700e-01   2.3877500e+00
   5.6204800e-02   2.5314100e+00
  -6.7825000e-01   2.4643600e+00
  -1.3701200e+00   2.1775200e+00
  -1.9456000e+00   1.6938000e+00
  -2.3473400e+00   1.0657800e+00
  -2.5472500e+00   3.6054800e-01
  -2.5450800e+00  -3.5887500e-01
  -2.3558600e+00  -1.0439500e+00
  -1.9966900e+00  -1.6579300e+00
  -1.4829700e+00  -2.1653100e+00
  -8.3623400e-01  -2.5243000e+00
  -9.6171999e-02  -2.6908800e+00
   6.7458400e-01  -2.6333600e+00
   1.3991200e+00  -2.3479700e+00
   2.0048200e+00  -1.8643600e+00
   2.4408900e+00  -1.2366500e+00
   2.6844500e+00  -5.2586100e-01
   2.7332200e+00   2.1475100e-01
   2.5922200e+00   9.4289499e-01
   2.2658200e+00   1.6193500e+00
   1.7613900e+00   2.1981200e+00
   1.1013600e+00   2.6251500e+00
   3.3306000e-01   2.8493000e+00
  -4.7298700e-01   2.8396200e+00
  -1.2377800e+00   2.5974700e+00
  -1.8932000e+00   2.1552100e+00
  -2.3946500e+00   1.5625500e+00
  -2.7201800e+00   8.7011999e-01
  -2.8597500e+00   1.2094300e-01
  -2.8046000e+00  -6.4585100e-01
  -2.5463300e+00  -1.3848500e+00
  -2.0868900e+00  -2.0383800e+00
  -1.4515200e+00  -2.5423700e+00
  -6.9394400e-01  -2.8424400e+00
   1.1221800e-01  -2.9104800e+00
   8.9151599e-01  -2.7510500e+00
   1.5835400e+00  -2.3939400e+00
   2.1488600e+00  -1.8787300e+00
   2.5625900e+00  -1.2426300e+00
   2.8032700e+00  -5.1921900e-01
   2.8477200e+00   2.5291800e-01
   2.6772900e+00   1.0209000e+00
   2.2916500e+00   1.7175900e+00
   1.7195900e+00   2.2739300e+00
   1.0178300e+00   2.6371500e+00
   2.5712100e-01   2.7836000e+00
  -4.9598300e-01   2.7185700e+00
  -1.1907300e+00   2.4646300e+00
  -1.7912900e+00   2.0477500e+00
  -2.2671100e+00   1.4915200e+00
  -2.5846100e+00   8.2256999e-01
  -2.7088900e+00   8.1337999e-02
  -2.6158400e+00  -6.7252400e-01
  -2.3065000e+00  -1.3668600e+00
  -1.8130600e+00  -1.9337400e+00
  -1.1913400e+00  -2.3264500e+00
  -5.0411900e-01  -2.5264300e+00
   1.9407800e-01  -2.5371800e+00
   8.6179499e-01  -2.3711700e+00
   1.4642800e+00  -2.0404800e+00
   1.9637100e+00  -1.5580200e+00
   2.3161500e+00  -9.4766399e-01
   2.4800300e+00  -2.5384100e-01
   2.4313800e+00   4.5880200e-01
   2.1757000e+00   1.1180100e+00
   1.7477200e+00   1.6621100e+00
   1.1989300e+00   2.0527800e+00
   5.8126400e-01   2.2754800e+00
  -6.2663900e-02   2.3293100e+00
  -6.9766600e-01   2.2157100e+00
  -1.2866500e+00   1.9352900e+00
  -1.7837300e+00   1.4954000e+00
  -2.1377000e+00   9.2185799e-01
  -2.3056800e+00   2.6460800e-01
  -2.2684400e+00  -4.0898500e-01
  -2.0371900e+00  -1.0305900e+00
  -1.6472400e+00  -1.5473800e+00
  -1.1430900e+00  -1.9287800e+00
  -5.6536400e-01  -2.1611100e+00
   5.2232300e-02  -2.2363600e+00
   6.7594300e-01  -2.1452500e+00
   1.2627400e+00  -1.8809100e+00
   1.7586400e+00  -1.4504200e+00
   2.1085200e+00  -8.8511699e-01
   2.2723400e+00  -2.4047800e-01
   2.2375600e+00   4.1614000e-01
   2.0197000e+00   1.0229200e+00
   1.6513600e+00   1.5356800e+00
   1.1680000e+00   1.9281900e+00
   6.0027200e-01   2.1831700e+00
  -2.2650600e-02   2.2829900e+00
  -6.6353300e-01   2.2089000e+00
  -1.2709800e+00   1.9504800e+00
  -1.7840800e+00   1.5183800e+00
  -2.1469300e+00   9.5052399e-01
  -2.3245400e+00   3.0573000e-01
  -2.3100600e+00  -3.5188200e-01
  -2.1195400e+00  -9.6833699e-01
  -1.7788600e+00  -1.5059000e+00
  -1.3129700e+00  -1.9379800e+00
  -7.4478099e-01  -2.2393900e+00
  -1.0319100e-01  -2.3815600e+00
   5.6786300e-01  -2.3383000e+00
   1.2085300e+00  -2.0988700e+00
   1.7536400e+00  -1.6790100e+00
   2.1494900e+00  -1.1213600e+00
   2.3664800e+00  -4.8407200e-01
   2.4004300e+00   1.7543200e-01
   2.2630000e+00   8.1132399e-01
   1.9697400e+00   1.3892400e+00
   1.5348000e+00   1.8779300e+00
   9.7598299e-01   2.2417000e+00
   3.2491000e-01   2.4417700e+00
  -3.6708600e-01   2.4473900e+00
  -1.0342000e+00   2.2498300e+00
  -1.6110500e+00   1.8692000e+00
  -2.0486600e+00   1.3490400e+00
  -2.3219600e+00   7.4197199e-01
  -2.4255300e+00   9.5944699e-02
  -2.3624400e+00  -5.5069000e-01
  -2.1359600e+00  -1.1638500e+00
  -1.7507600e+00  -1.7049100e+00
  -1.2223500e+00  -2.1277500e+00
  -5.8660000e-01  -2.3862500e+00
   9.9486499e-02  -2.4487300e+00
   7.6853499e-01  -2.3099000e+00
   1.3593600e+00  -1.9920800e+00
   1.8294400e+00  -1.5352000e+00
   2.1565500e+00  -9.8237899e-01
   2.3305200e+00  -3.7089400e-01
   2.3434600e+00   2.6655000e-01
   2.1869900e+00   8.9349499e-01
   1.8593300e+00   1.4632400e+00
   1.3765900e+00   1.9217100e+00
   7.7905699e-01   2.2199500e+00
   1.2618900e-01   2.3289300e+00
  -5.1785000e-01   2.2472100e+00
  -1.0995100e+00   1.9966300e+00
  -1.5830300e+00   1.6097200e+00
  -1.9466000e+00   1.1181300e+00
  -2.1728500e+00   5.4958900e-01
  -2.2428600e+00  -6.5887099e-02
  -2.1395500e+00  -6.8736299e-01
  -1.8587900e+00  -1.2610000e+00
  -1.4198100e+00  -1.7286700e+00
  -8.6639699e-01  -2.0431800e+00
  -2.5686800e-01  -2.1806700e+00
   3.5159300e-01  -2.1427500e+00
   9.1443599e-01  -1.9477900e+00
   1.4009800e+00  -1.6186800e+00
   1.7869600e+00  -1.1760300e+00
   2.0464300e+00  -6.4113199e-01
   2.1511800e+00  -4.4893900e-02
   2.0795700e+00   5.6596800e-01
   1.8291300e+00   1.1325200e+00
   1.4234700e+00   1.5966900e+00
   9.0797499e-01   1.9163700e+00
   3.3646800e-01   2.0733900e+00
  -2.4282300e-01   2.0700900e+00
  -7.9335299e-01   1.9185800e+00
  -1.2863000e+00   1.6312700e+00
  -1.6920000e+00   1.2200700e+00
  -1.9756700e+00   7.0389899e-01
  -2.1026300e+00   1.1762100e-01
  -2.0508000e+00  -4.8622200e-01
  -1.8219000e+00  -1.0464100e+00
  -1.4433800e+00  -1.5083400e+00
  -9.5934999e-01  -1.8363900e+00
  -4.1641000e-01  -2.0164000e+00
   1.4634200e-01  -2.0481500e+00
   6.9763499e-01  -1.9350700e+00
   1.2067200e+00  -1.6797100e+00
   1.6363900e+00  -1.2885300e+00
   1.9440100e+00  -7.8176399e-01
   2.0917900e+00  -1.9980500e-01
   2.0602400e+00   4.0053800e-01
   1.8558000e+00   9.5904099e-01
   1.5074000e+00   1.4268700e+00
   1.0544400e+00   1.7743900e+00
   5.3453600e-01   1.9883000e+00
  -2.1068000e-02   2.0623100e+00
  -5.8290999e-01   1.9899000e+00
  -1.1151700e+00   1.7655200e+00
  -1.5725500e+00   1.3935800e+00
  -1.9068800e+00   8.9806399e-01
  -2.0805300e+00   3.2441100e-01
  -2.0782500e+00  -2.6929900e-01
  -1.9098400e+00  -8.2711099e-01
  -1.6021600e+00  -1.3070500e+00
  -1.1867900e+00  -1.6834800e+00
  -6.9182199e-01  -1.9403900e+00
  -1.4295400e-01  -2.0629100e+00
   4.2890100e-01  -2.0348400e+00
   9.8124199e-01  -1.8452600e+00
   1.4620200e+00  -1.4995200e+00
   1.8208900e+00  -1.0260900e+00
   2.0232000e+00  -4.7319300e-01
   2.0581500e+00   1.0352800e-01
   1.9362100e+00   6.5501499e-01
   1.6786200e+00   1.1458900e+00
   1.3071700e+00   1.5517400e+00
   8.4144599e-01   1.8509000e+00
   3.0451400e-01   2.0190200e+00
  -2.6884100e-01   2.0322400e+00
  -8.2961099e-01   1.8776100e+00
  -1.3218900e+00   1.5635300e+00
  -1.6967600e+00   1.1221400e+00
  -1.9244800e+00   6.0127299e-01
  -1.9975200e+00   5.0657900e-02
  -1.9238800e+00  -4.8876600e-01
  -1.7165200e+00  -9.8658999e-01
  -1.3872800e+00  -1.4166400e+00
  -9.4964599e-01  -1.7497400e+00
  -4.2715400e-01  -1.9530300e+00
   1.4026900e-01  -1.9981800e+00
   6.9878699e-01  -1.8734600e+00
   1.1921900e+00  -1.5912100e+00
   1.5759900e+00  -1.1852700e+00
   1.8256900e+00  -6.9964399e-01
   1.9347800e+00  -1.7595700e-01
   1.9058200e+00   3.5246200e-01
   1.7421700e+00   8.5742899e-01
   1.4472900e+00   1.3082900e+00
   1.0318300e+00   1.6678600e+00
   5.2235500e-01   1.8971100e+00
  -3.6129900e-02   1.9667500e+00
  -5.8765799e-01   1.8685000e+00
  -1.0790600e+00   1.6180600e+00
  -1.4718400e+00   1.2480900e+00
  -1.7454700e+00   7.9591199e-01
  -1.8914500e+00   2.9437200e-01
  -1.9045100e+00  -2.2876600e-01
  -1.7786600e+00  -7.4436499e-01
  -1.5116400e+00  -1.2154200e+00
  -1.1144500e+00  -1.5976600e+00
  -6.1802899e-01  -1.8489100e+00
  -7.0936299e-02  -1.9419200e+00
   4.7193900e-01  -1.8724800e+00
   9.6295799e-01  -1.6576200e+00
   1.3695600e+00  -1.3255900e+00
   1.6726200e+00  -9.0510999e-01
   1.8585900e+00  -4.2106500e-01
   1.9131600e+00   1.0147600e-01
   1.8224700e+00   6.2968699e-01
   1.5816100e+00   1.1197400e+00
   1.2042300e+00   1.5224800e+00
   7.2532899e-01   1.7957700e+00
   1.9426400e-01   1.9162000e+00
  -3.3833700e-01   1.8826900e+00
  -8.3168499e-01   1.7105200e+00
  -1.2576900e+00   1.4206400e+00
  -1.5956100e+00   1.0325300e+00
  -1.8245700e+00   5.6499799e-01
  -1.9214300e+00   4.3321200e-02
  -1.8669700e+00  -4.9448800e-01
  -1.6565000e+00  -9.9897099e-01
  -1.3071600e+00  -1.4191800e+00
  -8.5612099e-01  -1.7159000e+00
  -3.5013800e-01  -1.8700200e+00
   1.6702100e-01  -1.8814300e+00
   6.6147199e-01  -1.7604600e+00
   1.1073200e+00  -1.5189500e+00
   1.4795800e+00  -1.1678100e+00
   1.7492300e+00  -7.2240399e-01
   1.8861300e+00  -2.1044000e-01
   1.8688400e+00   3.2497500e-01
   1.6950000e+00   8.3138499e-01
   1.3847700e+00   1.2595700e+00
   9.7465699e-01   1.5752300e+00
   5.0556099e-01   1.7628700e+00
   1.3016800e-02   1.8207400e+00
  -4.7479200e-01   1.7518200e+00
  -9.3163999e-01   1.5585900e+00
  -1.3266800e+00   1.2456000e+00
  -1.6236800e+00   8.2758899e-01
  -1.7885500e+00   3.3597200e-01
  -1.8008300e+00  -1.8250000e-01
  -1.6617000e+00  -6.7571299e-01
  -1.3928200e+00  -1.0991800e+00
  -1.0270600e+00  -1.4242500e+00
  -5.9739699e-01  -1.6373800e+00
  -1.3141400e-01  -1.7326600e+00
   3.4606600e-01  -1.7047300e+00
   8.0605999e-01  -1.5481900e+00
   1.2114600e+00  -1.2643800e+00
   1.5210400e+00  -8.7002699e-01
   1.7002100e+00  -4.0047700e-01
   1.7320000e+00   9.6157799e-02
   1.6210400e+00   5.7119799e-01
   1.3883200e+00   9.8654499e-01
   1.0606400e+00   1.3183900e+00
   6.6253799e-01   1.5526400e+00
   2.1556400e-01   1.6772900e+00
  -2.5581400e-01   1.6789400e+00
  -7.1798599e-01   1.5470200e+00
  -1.1282900e+00   1.2829400e+00
  -1.4433100e+00   9.0712699e-01
  -1.6309300e+00   4.5795200e-01
  -1.6787000e+00  -1.7738500e-02
  -1.5933100e+00  -4.7687299e-01
  -1.3924700e+00  -8.8773099e-01
  -1.0954900e+00  -1.2290900e+00
  -7.1941099e-01  -1.4835500e+00
  -2.8267500e-01  -1.6318800e+00
   1.8770100e-01  -1.6541100e+00
   6.5259699e-01  -1.5375600e+00
   1.0654300e+00  -1.2862600e+00
   1.3833700e+00  -9.2464699e-01
   1.5785400e+00  -4.9215599e-01
   1.6423200e+00  -3.1889400e-02
   1.5809100e+00   4.1960300e-01
   1.4063100e+00   8.3540599e-01
   1.1298900e+00   1.1938100e+00
   7.6320799e-01   1.4716600e+00
   3.2471600e-01   1.6423600e+00
  -1.5403000e-01   1.6814600e+00
  -6.2881099e-01   1.5768300e+00
  -1.0514000e+00   1.3361900e+00
  -1.3817400e+00   9.8664799e-01
  -1.5963500e+00   5.6595999e-01
  -1.6882700e+00   1.1142200e-01
  -1.6600600e+00  -3.4667100e-01
  -1.5159900e+00  -7.8371099e-01
  -1.2599600e+00  -1.1745000e+00
  -9.0042699e-01  -1.4887200e+00
  -4.5808299e-01  -1.6933500e+00
   3.0610400e-02  -1.7618200e+00
   5.1825099e-01  -1.6841400e+00
   9.5771699e-01  -1.4711000e+00
   1.3132000e+00  -1.1496900e+00
   1.5645800e+00  -7.5286499e-01
   1.7036700e+00  -3.1064800e-01
   1.7265200e+00   1.5190500e-01
   1.6288200e+00   6.1003599e-01
   1.4083300e+00   1.0332300e+00
   1.0725200e+00   1.3842900e+00
   6.4532499e-01   1.6260200e+00
   1.6665000e-01   1.7322000e+00
  -3.1605500e-01   1.6956700e+00
  -7.5963099e-01   1.5285000e+00
  -1.1332800e+00   1.2543200e+00
  -1.4186700e+00   8.9872699e-01
  -1.6038000e+00   4.8411699e-01
  -1.6768100e+00   3.1934700e-02
  -1.6255600e+00  -4.3099199e-01
  -1.4439600e+00  -8.6854099e-01
  -1.1405100e+00  -1.2386200e+00
  -7.4212799e-01  -1.5030700e+00
  -2.8970000e-01  -1.6382300e+00
   1.7260300e-01  -1.6397000e+00
   6.0767499e-01  -1.5185400e+00
   9.8947799e-01  -1.2924700e+00
   1.2995200e+00  -9.7861099e-01
   1.5203000e+00  -5.9282699e-01
   1.6322400e+00  -1.5515300e-01
   1.6176100e+00   3.0422400e-01
   1.4693700e+00   7.4455699e-01
   1.1983700e+00   1.1218200e+00
   8.3350399e-01   1.3999800e+00
   4.1381399e-01   1.5593600e+00
  -2.2392200e-02   1.5973100e+00
  -4.4475499e-01   1.5216800e+00
  -8.3061499e-01   1.3427000e+00
  -1.1593300e+00   1.0695800e+00
  -1.4072400e+00   7.1396399e-01
  -1.5486400e+00   2.9674200e-01
  -1.5633400e+00  -1.4808800e-01
  -1.4459300e+00  -5.7709199e-01
  -1.2101900e+00  -9.4745099e-01
  -8.8523699e-01  -1.2275800e+00
  -5.0581899e-01  -1.4019800e+00
  -1.0310900e-01  -1.4681000e+00
   2.9841900e-01  -1.4287700e+00
   6.7727199e-01  -1.2866500e+00
   1.0089700e+00  -1.0450700e+00
   1.2641000e+00  -7.1442099e-01
   1.4133900e+00  -3.1844200e-01
   1.4373300e+00   1.0541000e-01
   1.3339700e+00   5.1327999e-01
   1.1195700e+00   8.6600799e-01
   8.2156999e-01   1.1373200e+00
   4.6889899e-01   1.3146300e+00
   8.5990899e-02   1.3933200e+00
  -3.0622600e-01   1.3701000e+00
  -6.8466599e-01   1.2410900e+00
  -1.0197400e+00   1.0066100e+00
  -1.2773200e+00   6.7867599e-01
  -1.4271200e+00   2.8499600e-01
  -1.4524400e+00  -1.3456700e-01
  -1.3550500e+00  -5.3780799e-01
  -1.1519800e+00  -8.9037199e-01
  -8.6688899e-01  -1.1703600e+00
  -5.2223299e-01  -1.3655300e+00
  -1.3727200e-01  -1.4667400e+00
   2.6769200e-01  -1.4638900e+00
   6.6557899e-01  -1.3481500e+00
   1.0212900e+00  -1.1193500e+00
   1.2975400e+00  -7.9273499e-01
   1.4650300e+00  -3.9952399e-01
   1.5105600e+00   2.0093300e-02
   1.4380900e+00   4.2750199e-01
   1.2627100e+00   7.9331699e-01
   1.0021900e+00   1.0980300e+00
   6.7243799e-01   1.3268900e+00
   2.8945200e-01   1.4643800e+00
  -1.2472800e-01   1.4938300e+00
  -5.3802599e-01   1.4033400e+00
  -9.1089299e-01   1.1940400e+00
  -1.2051600e+00   8.8447399e-01
  -1.3941200e+00   5.0739199e-01
  -1.4675900e+00   1.0060400e-01
  -1.4294000e+00  -3.0248000e-01
  -1.2899700e+00  -6.7686999e-01
  -1.0598900e+00  -1.0032400e+00
  -7.4933999e-01  -1.2621600e+00
  -3.7308999e-01  -1.4312600e+00
   4.3637399e-02  -1.4887800e+00
   4.6424199e-01  -1.4219000e+00
   8.4696799e-01  -1.2340900e+00
   1.1552100e+00  -9.4607499e-01
   1.3657600e+00  -5.8950799e-01
   1.4701800e+00  -1.9733500e-01
   1.4696400e+00   2.0293300e-01
   1.3679400e+00   5.8937199e-01
   1.1684100e+00   9.4071999e-01
   8.7714599e-01   1.2317800e+00
   5.0955199e-01   1.4341800e+00
   9.4396199e-02   1.5233700e+00
  -3.2890800e-01   1.4875400e+00
  -7.1918999e-01   1.3325300e+00
  -1.0434600e+00   1.0793000e+00
  -1.2820100e+00   7.5561099e-01
  -1.4263600e+00   3.8785599e-01
  -1.4729000e+00  -2.0632700e-03
  -1.4179900e+00  -3.9357399e-01
  -1.2588800e+00  -7.6202599e-01
  -9.9968099e-01  -1.0767200e+00
  -6.5768999e-01  -1.3054500e+00
  -2.6444500e-01  -1.4235300e+00
   1.4037900e-01  -1.4216100e+00
   5.1896699e-01  -1.3072400e+00
   8.4325099e-01  -1.0993400e+00
   1.0963300e+00  -8.1977599e-01
   1.2679000e+00  -4.8794699e-01
   1.3484800e+00  -1.2151500e-01
   1.3278300e+00   2.5844500e-01
   1.1994100e+00   6.2326799e-01
   9.6773399e-01   9.3820499e-01
   6.5273199e-01   1.1700300e+00
   2.8734600e-01   1.2964100e+00
  -9.0942999e-02   1.3111800e+00
  -4.4945999e-01   1.2223600e+00
  -7.6500799e-01   1.0450400e+00
  -1.0218900e+00   7.9446099e-01
  -1.2063400e+00   4.8420099e-01
  -1.3029000e+00   1.3005900e-01
  -1.2965700e+00  -2.4447900e-01
  -1.1798300e+00  -6.0668399e-01
  -9.5949999e-01  -9.1960799e-01
  -6.5811999e-01  -1.1514400e+00
  -3.0835700e-01  -1.2835000e+00
   5.6298299e-02  -1.3121500e+00
   4.0866999e-01  -1.2440500e+00
   7.2892699e-01  -1.0889900e+00
   1.0002600e+00  -8.5585999e-01
   1.2040100e+00  -5.5447799e-01
   1.3192600e+00  -2.0126900e-01
   1.3283800e+00   1.7662600e-01
   1.2250000e+00   5.4315699e-01
   1.0189200e+00   8.6119099e-01
   7.3402999e-01   1.1019400e+00
   4.0066199e-01   1.2502800e+00
   4.7081499e-02   1.3033000e+00
  -3.0437600e-01   1.2640700e+00
  -6.3509999e-01   1.1361100e+00
  -9.2505099e-01   9.2293599e-01
  -1.1500900e+00   6.3279399e-01
  -1.2851700e+00   2.8445100e-01
  -1.3121000e+00  -9.1314399e-02
  -1.2269400e+00  -4.5685699e-01
  -1.0418000e+00  -7.7695099e-01
  -7.7985799e-01  -1.0266700e+00
  -4.6706499e-01  -1.1933900e+00
  -1.2598600e-01  -1.2726700e+00
   2.2451600e-01  -1.2622400e+00
   5.6490399e-01  -1.1593500e+00
   8.7064299e-01  -9.6380199e-01
   1.1127000e+00  -6.8423899e-01
   1.2638500e+00  -3.4250799e-01
   1.3072200e+00   2.8126400e-02
   1.2415500e+00   3.9065699e-01
   1.0797300e+00   7.1345399e-01
   8.4193699e-01   9.7538899e-01
   5.4834399e-01   1.1645600e+00
   2.1627600e-01   1.2729200e+00
  -1.3703000e-01   1.2920000e+00
  -4.8937999e-01   1.2137300e+00
  -8.1153599e-01   1.0361700e+00
  -1.0711000e+00   7.6975999e-01
  -1.2408400e+00   4.3905199e-01
  -1.3063900e+00   7.7808999e-02
  -1.2684500e+00  -2.7985400e-01
  -1.1385600e+00  -6.0686899e-01
  -9.3189499e-01  -8.8499699e-01
  -6.6235199e-01  -1.1011100e+00
  -3.4321199e-01  -1.2421200e+00
   8.1014199e-03  -1.2936200e+00
   3.6590599e-01  -1.2439400e+00
   6.9723799e-01  -1.0913000e+00
   9.6861398e-01  -8.4847599e-01
   1.1548400e+00  -5.4138499e-01
   1.2444600e+00  -2.0190600e-01
   1.2388400e+00   1.4055300e-01
   1.1461600e+00   4.6361399e-01
   9.7547298e-01   7.5053899e-01
   7.3502799e-01   9.8538898e-01
   4.3587599e-01   1.1497600e+00
   9.7128598e-02   1.2247100e+00
  -2.5214100e-01   1.1973700e+00
  -5.7709099e-01   1.0677500e+00
  -8.4558499e-01   8.5082099e-01
  -1.0359200e+00   5.7215499e-01
  -1.1392700e+00   2.5981000e-01
  -1.1560300e+00  -6.2227599e-02
  -1.0897500e+00  -3.7527899e-01
  -9.4350698e-01  -6.6228499e-01
  -7.2169599e-01  -9.0339099e-01
  -4.3537999e-01  -1.0754900e+00
  -1.0653200e-01  -1.1572700e+00
   2.3305900e-01  -1.1368800e+00
   5.4859599e-01  -1.0170700e+00
   8.1097899e-01  -8.1419099e-01
   1.0022000e+00  -5.5177599e-01
   1.1146500e+00  -2.5302100e-01
   1.1459900e+00   6.2881599e-02
   1.0943200e+00   3.7893799e-01
   9.5779398e-01   6.7570999e-01
   7.3912999e-01   9.2872898e-01
   4.5128099e-01   1.1112500e+00
   1.1942100e-01   1.2015100e+00
  -2.2319700e-01   1.1899000e+00
  -5.4351499e-01   1.0815200e+00
  -8.1612599e-01   8.9233099e-01
  -1.0256300e+00   6.4203399e-01
  -1.1634500e+00   3.4854499e-01
  -1.2226600e+00   2.7565400e-02
  -1.1956400e+00  -3.0347999e-01
  -1.0769200e+00  -6.2135199e-01
  -8.6926199e-01  -8.9718398e-01
  -5.8820499e-01  -1.1021400e+00
  -2.6112100e-01  -1.2155100e+00
   7.9312699e-02  -1.2301200e+00
   4.0338999e-01  -1.1518600e+00
   6.8941099e-01  -9.9400998e-01
   9.2301698e-01  -7.7089499e-01
   1.0926600e+00  -4.9526999e-01
   1.1858400e+00  -1.8080400e-01
   1.1898900e+00   1.5317900e-01
   1.0973500e+00   4.7946699e-01
   9.1223898e-01   7.6622399e-01
   6.5229199e-01   9.8458698e-01
   3.4519199e-01   1.1161200e+00
   2.0814700e-02   1.1555900e+00
  -2.9561199e-01   1.1078100e+00
  -5.8551099e-01   9.8150098e-01
  -8.3392399e-01   7.8502999e-01
  -1.0250800e+00   5.2696199e-01
  -1.1410800e+00   2.2054700e-01
  -1.1658100e+00  -1.1218300e-01
  -1.0916400e+00  -4.4088099e-01
  -9.2445598e-01  -7.3279699e-01
  -6.8309099e-01  -9.6097198e-01
  -3.9340199e-01  -1.1097800e+00
  -8.0740599e-02  -1.1747600e+00
   2.3436300e-01  -1.1577900e+00
   5.3523599e-01  -1.0619100e+00
   8.0482399e-01  -8.8989498e-01
   1.0226900e+00  -6.4764199e-01
   1.1667300e+00  -3.4930999e-01
   1.2193400e+00  -1.9547000e-02
   1.1741600e+00   3.0985699e-01
   1.0387200e+00   6.0755299e-01
   8.3124399e-01   8.4996698e-01
   5.7368699e-01   1.0241100e+00
   2.8583299e-01   1.1249000e+00
  -1.5997100e-02   1.1499500e+00
  -3.1572399e-01   1.0965100e+00
  -5.9343799e-01   9.6310698e-01
  -8.2482499e-01   7.5476899e-01
  -9.8571298e-01   4.8736199e-01
  -1.0593600e+00   1.8723200e-01
  -1.0417600e+00  -1.1457700e-01
  -9.4157898e-01  -3.9023299e-01
  -7.7487799e-01  -6.2039099e-01
  -5.5860999e-01  -7.9409699e-01
  -3.0725999e-01  -9.0453998e-01
  -3.4416399e-02  -9.4484898e-01
   2.4292600e-01  -9.0781798e-01
   5.0176799e-01  -7.9016899e-01
   7.1538299e-01  -5.9816699e-01
   8.5992298e-01  -3.5008799e-01
   9.2141698e-01  -7.3063699e-02
   8.9872198e-01   2.0412700e-01
   8.0079199e-01   4.5794099e-01
   6.4061799e-01   6.7260099e-01
   4.3035399e-01   8.3756998e-01
   1.8091100e-01   9.4305598e-01
  -9.4395498e-02   9.7791098e-01
  -3.7585499e-01   9.3225898e-01
  -6.3716899e-01   8.0330899e-01
  -8.5037298e-01   6.0006799e-01
  -9.9333298e-01   3.4318199e-01
  -1.0552000e+00   5.9520399e-02
  -1.0366100e+00  -2.2519800e-01
  -9.4509198e-01  -4.9117499e-01
  -7.8955099e-01  -7.2424999e-01
  -5.7790599e-01  -9.1199098e-01
  -3.1939699e-01  -1.0402800e+00
  -2.9106799e-02  -1.0939600e+00
   2.6961099e-01  -1.0618600e+00
   5.4770699e-01  -9.4287398e-01
   7.7723399e-01  -7.4865099e-01
   9.3840198e-01  -5.0082399e-01
   1.0226600e+00  -2.2431200e-01
   1.0303800e+00   5.8909399e-02
   9.6567398e-01   3.3186099e-01
   8.3256498e-01   5.8003099e-01
   6.3551999e-01   7.8737499e-01
   3.8365799e-01   9.3504998e-01
   9.4824698e-02   1.0048600e+00
  -2.0436300e-01   9.8565398e-01
  -4.8358899e-01   8.7838598e-01
  -7.1633699e-01   6.9630199e-01
  -8.8532298e-01   4.6004999e-01
  -9.8290798e-01   1.9103300e-01
  -1.0071600e+00  -9.2637598e-02
  -9.5730398e-01  -3.7547799e-01
  -8.3249998e-01  -6.4087299e-01
  -6.3495999e-01  -8.6825698e-01
  -3.7489699e-01  -1.0345400e+00
  -7.3026899e-02  -1.1198000e+00
   2.4202800e-01  -1.1137600e+00
   5.4045699e-01  -1.0189200e+00
   7.9814498e-01  -8.4821098e-01
   9.9970698e-01  -6.1909099e-01
   1.1365500e+00  -3.4822899e-01
   1.2024500e+00  -5.0178599e-02
   1.1908700e+00   2.5980399e-01
   1.0965200e+00   5.6200299e-01
   9.2028098e-01   8.3154098e-01
   6.7363399e-01   1.0424500e+00
   3.7887599e-01   1.1745100e+00
   6.4259599e-02   1.2186600e+00
  -2.4316200e-01   1.1776100e+00
  -5.2265199e-01   1.0616200e+00
  -7.6017399e-01   8.8291198e-01
  -9.4491998e-01   6.5255099e-01
  -1.0656700e+00   3.8186099e-01
  -1.1106100e+00   8.6374498e-02
  -1.0713800e+00  -2.1156900e-01
  -9.4858898e-01  -4.8467899e-01
  -7.5465699e-01  -7.0673699e-01
  -5.1157199e-01  -8.5933898e-01
  -2.4464100e-01  -9.3522898e-01
   2.3816100e-02  -9.3650598e-01
   2.7708699e-01  -8.6958098e-01
   5.0213899e-01  -7.4094099e-01
   6.8573099e-01  -5.5681999e-01
   8.1256598e-01  -3.2662099e-01
   8.6776998e-01  -6.6824899e-02
   8.4247198e-01   1.9846400e-01
   7.3867799e-01   4.4175899e-01
   5.6983599e-01   6.3910399e-01
   3.5648899e-01   7.7550098e-01
   1.1981100e-01   8.4572298e-01
  -1.2281500e-01   8.5072698e-01
  -3.5777399e-01   7.9292698e-01
  -5.7182699e-01   6.7421299e-01
  -7.4900598e-01   4.9815599e-01
  -8.7116698e-01   2.7442199e-01
  -9.2266198e-01   2.1441800e-02
  -8.9628798e-01  -2.3547200e-01
  -7.9643698e-01  -4.7010099e-01
  -6.3723599e-01  -6.6190599e-01
  -4.3694999e-01  -7.9928698e-01
  -2.1246000e-01  -8.7802398e-01
   2.2681300e-02  -8.9690498e-01
   2.5603499e-01  -8.5441998e-01
   4.7258899e-01  -7.4935498e-01
   6.5342799e-01  -5.8482599e-01
   7.7877398e-01  -3.7244299e-01
   8.3396798e-01  -1.3290800e-01
   8.1457598e-01   1.0814400e-01
   7.2721698e-01   3.2684399e-01
   5.8569399e-01   5.0624999e-01
   4.0526799e-01   6.3712899e-01
   1.9902200e-01   7.1471399e-01
  -2.1582900e-02   7.3473598e-01
  -2.4321299e-01   6.9232599e-01
  -4.4787299e-01   5.8495599e-01
  -6.1394499e-01   4.1725099e-01
  -7.2126698e-01   2.0379800e-01
  -7.5730798e-01  -3.2663899e-02
  -7.2048998e-01  -2.6701499e-01
  -6.1865999e-01  -4.7801799e-01
  -4.6411599e-01  -6.5133799e-01
  -2.6888099e-01  -7.7809498e-01
  -4.3482999e-02  -8.5100898e-01
   2.0048000e-01  -8.6193198e-01
   4.4672599e-01  -8.0324998e-01
   6.7334899e-01  -6.7249999e-01
   8.5626498e-01  -4.7680099e-01
   9.7547398e-01  -2.3357800e-01
   1.0203200e+00   3.3402099e-02
   9.9055898e-01   3.0037799e-01
   8.9300998e-01   5.4839299e-01
   7.3660798e-01   7.6393798e-01
   5.2963399e-01   9.3599798e-01
   2.8090999e-01   1.0527800e+00
   3.4996899e-03   1.1014900e+00
  -2.8266999e-01   1.0719700e+00
  -5.5218499e-01   9.6206498e-01
  -7.7950798e-01   7.8060798e-01
  -9.4530498e-01   5.4592299e-01
  -1.0399400e+00   2.8043999e-01
  -1.0623300e+00   4.9488899e-03
  -1.0157200e+00  -2.6402599e-01
  -9.0391798e-01  -5.1273899e-01
  -7.3092798e-01  -7.2681498e-01
  -5.0413099e-01  -8.8952998e-01
  -2.3803599e-01  -9.8403698e-01
   4.4898299e-02  -9.9860698e-01
   3.1787599e-01  -9.3147698e-01
   5.5609099e-01  -7.9192998e-01
   7.4202098e-01  -5.9680499e-01
   8.6669498e-01  -3.6480799e-01
   9.2688398e-01  -1.1238100e-01
   9.2106198e-01   1.4651200e-01
   8.4765798e-01   3.9747399e-01
   7.0711298e-01   6.2286399e-01
   5.0608999e-01   8.0224298e-01
   2.6027099e-01   9.1670498e-01
  -6.9809198e-03   9.5462198e-01
  -2.6988599e-01   9.1508698e-01
  -5.0640199e-01   8.0683498e-01
  -7.0162198e-01   6.4356599e-01
  -8.4687098e-01   4.3904399e-01
  -9.3608398e-01   2.0522900e-01
  -9.6299098e-01  -4.5831599e-02
  -9.2174198e-01  -2.9864899e-01
  -8.1078798e-01  -5.3297699e-01
  -6.3705399e-01  -7.2651698e-01
  -4.1700399e-01  -8.6054998e-01
  -1.7325200e-01  -9.2506098e-01
   7.1405298e-02  -9.2014698e-01
   2.9890999e-01  -8.5309198e-01
   4.9705399e-01  -7.3350498e-01
   6.5691999e-01  -5.7010599e-01
   7.6948698e-01  -3.7123399e-01
   8.2474198e-01  -1.4808100e-01
   8.1452098e-01   8.2561998e-02
   7.3723998e-01   2.9902599e-01
   6.0101199e-01   4.7933299e-01
   4.2259199e-01   6.0707599e-01
   2.2252299e-01   6.7498298e-01
   1.9506100e-02   6.8414498e-01
  -1.7254400e-01   6.3997699e-01
  -3.4345799e-01   5.4817099e-01
  -4.8348999e-01   4.1368099e-01
  -5.8111299e-01   2.4317999e-01
  -6.2435099e-01   4.8610799e-02
  -6.0518199e-01  -1.5158400e-01
  -5.2404699e-01  -3.3530399e-01
  -3.9113099e-01  -4.8244999e-01
  -2.2332799e-01  -5.8000699e-01
  -3.8780099e-02  -6.2351599e-01
   1.4746600e-01  -6.1449899e-01
   3.2417199e-01  -5.5627199e-01
   4.8133399e-01  -4.5154799e-01
   6.0716699e-01  -3.0362699e-01
   6.8779098e-01  -1.1999100e-01
   7.1059098e-01   8.4902798e-02
   6.6927598e-01   2.9043299e-01
   5.6718399e-01   4.7440999e-01
   4.1644699e-01   6.1886099e-01
   2.3354899e-01   7.1350598e-01
   3.4271399e-02   7.5512398e-01
  -1.6873600e-01   7.4397698e-01
  -3.6466899e-01   6.8049598e-01
  -5.4141799e-01   5.6500299e-01
  -6.8382698e-01   4.0068099e-01
  -7.7555798e-01   1.9730300e-01
  -8.0388498e-01  -2.7569099e-02
  -7.6442298e-01  -2.5147399e-01
  -6.6259198e-01  -4.5264299e-01
  -5.1090699e-01  -6.1494199e-01
  -3.2405199e-01  -7.2933398e-01
  -1.1514600e-01  -7.9160698e-01
   1.0454200e-01  -7.9881798e-01
   3.2295099e-01  -7.4768798e-01
   5.2452599e-01  -6.3646198e-01
   6.9040598e-01  -4.6889899e-01
   8.0224998e-01  -2.5717499e-01
   8.4760398e-01  -2.1083099e-02
   8.2341698e-01   2.1648099e-01
   7.3550798e-01   4.3512099e-01
   5.9464999e-01   6.2026999e-01
   4.1219599e-01   7.6267598e-01
   1.9830100e-01   8.5530498e-01
  -3.6437299e-02   8.9079498e-01
  -2.7786699e-01   8.6198798e-01
  -5.0689699e-01   7.6551698e-01
  -7.0178298e-01   6.0586599e-01
  -8.4327998e-01   3.9674499e-01
  -9.1958898e-01   1.5836300e-01
  -9.2809898e-01  -8.7872298e-02
  -8.7315298e-01  -3.2397999e-01
  -7.6184198e-01  -5.3672599e-01
  -6.0109899e-01  -7.1556898e-01
  -3.9807199e-01  -8.4969598e-01
  -1.6308300e-01  -9.2721698e-01
   8.7730198e-02  -9.3777498e-01
   3.3285999e-01  -8.7706898e-01
   5.4950399e-01  -7.5008198e-01
   7.1909998e-01  -5.7058399e-01
   8.3099098e-01  -3.5700599e-01
   8.8223098e-01  -1.2734900e-01
   8.7429098e-01   1.0371800e-01
   8.0954698e-01   3.2418799e-01
   6.9037098e-01   5.2188799e-01
   5.2140299e-01   6.8252798e-01
   3.1293599e-01   7.9093598e-01
   8.2313098e-02   8.3522598e-01
  -1.4844000e-01   8.1128798e-01
  -3.5777099e-01   7.2448398e-01
  -5.2951499e-01   5.8736499e-01
  -6.5472198e-01   4.1496699e-01
  -7.2978798e-01   2.2084099e-01
  -7.5295998e-01   1.6231100e-02
  -7.2229598e-01  -1.8774500e-01
  -6.3683898e-01  -3.7739499e-01
  -5.0009099e-01  -5.3613699e-01
  -3.2289699e-01  -6.4761698e-01
  -1.2309200e-01  -7.0059998e-01
   7.8448098e-02  -6.9247698e-01
   2.6311999e-01  -6.2910698e-01
   4.1808399e-01  -5.2122699e-01
   5.3610999e-01  -3.8006999e-01
   6.1268698e-01  -2.1516299e-01
   6.4320398e-01  -3.5433499e-02
   6.2281398e-01   1.4788700e-01
   5.4931999e-01   3.1955899e-01
   4.2692399e-01   4.6191199e-01
   2.6780499e-01   5.5930399e-01
   8.9922398e-02   6.0275998e-01
  -8.7847198e-02   5.9185998e-01
  -2.5028799e-01   5.3280399e-01
  -3.8744599e-01   4.3429899e-01
  -4.9285099e-01   3.0431099e-01
  -5.6045799e-01   1.4984700e-01
  -5.8325098e-01  -2.0560399e-02
  -5.5502799e-01  -1.9417999e-01
  -4.7428399e-01  -3.5399799e-01
  -3.4730199e-01  -4.8204499e-01
  -1.8795100e-01  -5.6439799e-01
  -1.3984100e-02  -5.9473298e-01
   1.5791300e-01  -5.7433599e-01
   3.1524499e-01  -5.0892599e-01
   4.4942099e-01  -4.0490699e-01
   5.5305999e-01  -2.6781199e-01
   6.1767498e-01  -1.0387900e-01
   6.3411798e-01   7.6925998e-02
   5.9592498e-01   2.5931999e-01
   5.0332199e-01   4.2448699e-01
   3.6493299e-01   5.5464199e-01
   1.9577599e-01   6.3769198e-01
   1.2719400e-02   6.6917498e-01
  -1.6968500e-01   6.5058598e-01
  -3.4051299e-01   5.8579098e-01
  -4.9069899e-01   4.7844499e-01
  -6.1032398e-01   3.3235199e-01
  -6.8776398e-01   1.5426300e-01
  -7.1200198e-01  -4.3446599e-02
  -6.7686598e-01  -2.4283599e-01
  -5.8431198e-01  -4.2386299e-01
  -4.4440299e-01  -5.6940198e-01
  -2.7189999e-01  -6.6880498e-01
  -8.1761398e-02  -7.1805698e-01
   1.1356500e-01  -7.1701998e-01
   3.0365599e-01  -6.6633698e-01
   4.7756599e-01  -5.6657398e-01
   6.2195798e-01  -4.2030699e-01
   7.2208698e-01  -2.3537099e-01
   7.6560298e-01  -2.6429299e-02
   7.4683898e-01   1.8687799e-01
   6.6875198e-01   3.8449899e-01
   5.4122099e-01   5.5056699e-01
   3.7698599e-01   6.7536098e-01
   1.8803399e-01   7.5390198e-01
  -1.5270400e-02   7.8293698e-01
  -2.2229999e-01   7.5910198e-01
  -4.1966799e-01   6.7997198e-01
  -5.9082498e-01   5.4731099e-01
  -7.1882498e-01   3.6995499e-01
  -7.9090398e-01   1.6381000e-01
  -8.0201498e-01  -5.1510499e-02
  -7.5510198e-01  -2.5753199e-01
  -6.5817898e-01  -4.4032899e-01
  -5.2046399e-01  -5.9071398e-01
  -3.5031999e-01  -7.0186098e-01
  -1.5617500e-01  -7.6684998e-01
   5.0852999e-02  -7.7855798e-01
   2.5529099e-01  -7.3236398e-01
   4.3863699e-01  -6.2978298e-01
   5.8344398e-01  -4.8026599e-01
   6.7781798e-01  -2.9954799e-01
   7.1755998e-01  -1.0537400e-01
   7.0485698e-01   8.6752298e-02
   6.4482198e-01   2.6529799e-01
   5.4263198e-01   4.2137099e-01
   4.0330199e-01   5.4610398e-01
   2.3396999e-01   6.2944998e-01
   4.6453999e-02   6.6186898e-01
  -1.4248000e-01   6.3806698e-01
  -3.1404499e-01   5.6017798e-01
  -4.5209899e-01   4.3803099e-01
  -5.4673998e-01   2.8612399e-01
  -5.9477498e-01   1.1924000e-01
  -5.9722998e-01  -5.0518999e-02
  -5.5616098e-01  -2.1367899e-01
  -4.7332899e-01  -3.6111399e-01
  -3.5169099e-01  -4.8198999e-01
  -1.9832699e-01  -5.6418998e-01
  -2.6154299e-02  -5.9747598e-01
   1.4743600e-01  -5.7745198e-01
   3.0464699e-01  -5.0758699e-01
   4.3168999e-01  -3.9786599e-01
   5.2091299e-01  -2.6096299e-01
   5.6968698e-01  -1.0853200e-01
   5.7742798e-01   5.0074299e-02
   5.4339998e-01   2.0628999e-01
   4.6712899e-01   3.4987499e-01
   3.5111799e-01   4.6807799e-01
   2.0358999e-01   5.4772298e-01
   3.8798799e-02   5.7923498e-01
  -1.2583300e-01   5.6000398e-01
  -2.7423699e-01   4.9485599e-01
  -3.9512399e-01   3.9337399e-01
  -4.8243899e-01   2.6602699e-01
  -5.3313198e-01   1.2175400e-01
  -5.4449098e-01  -3.1622499e-02
  -5.1343199e-01  -1.8504299e-01
  -4.3849499e-01  -3.2637099e-01
  -3.2305699e-01  -4.4114099e-01
  -1.7714499e-01  -5.1599799e-01
  -1.6143100e-02  -5.4281498e-01
   1.4312500e-01  -5.2083898e-01
   2.8658299e-01  -4.5558099e-01
   4.0486899e-01  -3.5541899e-01
   4.9228399e-01  -2.2843899e-01
   5.4417998e-01  -8.1646298e-02
   5.5530698e-01   7.7274698e-02
   5.2078498e-01   2.3754699e-01
   4.3919899e-01   3.8470799e-01
   3.1551599e-01   5.0296499e-01
   1.6150000e-01   5.7938298e-01
  -7.0256098e-03   6.0735398e-01
  -1.7444499e-01   5.8721298e-01
  -3.2852399e-01   5.2390098e-01
  -4.6076499e-01   4.2361799e-01
  -5.6436198e-01   2.9197799e-01
  -6.3198598e-01   1.3484400e-01
  -6.5563698e-01  -3.9185499e-02
  -6.2912098e-01  -2.1704499e-01
  -5.5154698e-01  -3.8217799e-01
  -4.2930299e-01  -5.1814398e-01
  -2.7492399e-01  -6.1282298e-01
  -1.0343000e-01  -6.6066098e-01
   7.1523598e-02  -6.6179498e-01
   2.3934599e-01  -6.1913498e-01
   3.9144799e-01  -5.3580698e-01
   5.1891898e-01  -4.1494399e-01
   6.1136698e-01  -2.6179199e-01
   6.5841298e-01  -8.6201397e-02
   6.5318098e-01   9.6883397e-02
   5.9545898e-01   2.6989999e-01
   4.9230899e-01   4.1690999e-01
   3.5562499e-01   5.2707898e-01
   1.9825799e-01   5.9541898e-01
   3.1268899e-02   6.2080398e-01
  -1.3618200e-01   6.0319898e-01
  -2.9484099e-01   5.4246898e-01
  -4.3347899e-01   4.3974499e-01
  -5.3920298e-01   3.0020599e-01
  -6.0035598e-01   1.3487300e-01
  -6.1031098e-01  -4.0377199e-02
  -5.6966498e-01  -2.0839799e-01
  -4.8538499e-01  -3.5488899e-01
  -3.6757099e-01  -4.7059999e-01
  -2.2612999e-01  -5.5063598e-01
  -6.9525498e-02  -5.9195298e-01
   9.3945297e-02  -5.9144098e-01
   2.5391299e-01  -5.4632298e-01
   3.9709599e-01  -4.5672099e-01
   5.0914998e-01  -3.2837299e-01
   5.7843098e-01  -1.7323299e-01
   5.9936298e-01  -7.0908698e-03
   5.7325698e-01   1.5448100e-01
   5.0623298e-01   2.9941799e-01
   4.0588099e-01   4.1985099e-01
   2.7907999e-01   5.1033598e-01
   1.3232100e-01   5.6555598e-01
  -2.6143999e-02   5.7972398e-01
  -1.8452999e-01   5.4847398e-01
  -3.2807399e-01   4.7198699e-01
  -4.4215099e-01   3.5696999e-01
  -5.1620698e-01   2.1582699e-01
  -5.4607098e-01   6.3302898e-02
  -5.3334898e-01  -8.7329897e-02
  -4.8262498e-01  -2.2624199e-01
  -3.9871599e-01  -3.4631699e-01
  -2.8597699e-01  -4.4091999e-01
  -1.4993300e-01  -5.0244998e-01
   4.0264499e-04  -5.2325398e-01
   1.5178800e-01  -4.9858998e-01
   2.8875399e-01  -4.2958299e-01
   3.9744499e-01  -3.2398899e-01
   4.6901099e-01  -1.9405299e-01
   5.0053898e-01  -5.2779898e-02
   4.9326498e-01   8.8987397e-02
   4.4973799e-01   2.2303799e-01
   3.7222099e-01   3.4206099e-01
   2.6349899e-01   4.3765899e-01
   1.2927200e-01   5.0019298e-01
  -2.0041799e-02   5.2107998e-01
  -1.6993499e-01   4.9618998e-01
  -3.0496799e-01   4.2799699e-01
  -4.1266999e-01   3.2494599e-01
  -4.8583698e-01   1.9841299e-01
  -5.2206298e-01   5.9291998e-02
  -5.2131598e-01  -8.3604497e-02
  -4.8373198e-01  -2.2266299e-01
  -4.0946399e-01  -3.4936399e-01
  -3.0069599e-01  -4.5315999e-01
  -1.6412599e-01  -5.2278298e-01
  -1.1707800e-02  -5.4949398e-01
   1.4135000e-01  -5.3022598e-01
   2.8036499e-01  -4.6851398e-01
   3.9447199e-01  -3.7261399e-01
   4.7754698e-01  -2.5218699e-01
   5.2664498e-01  -1.1581800e-01
   5.3960198e-01   2.9127699e-02
   5.1399398e-01   1.7469799e-01
   4.4842099e-01   3.1055399e-01
   3.4519699e-01   4.2413499e-01
   2.1225799e-01   5.0325198e-01
   6.2578198e-02   5.3967398e-01
  -8.8891997e-02   5.3143098e-01
  -2.2896099e-01   4.8238898e-01
  -3.4836899e-01   3.9956899e-01
  -4.4136799e-01   2.9023099e-01
  -5.0358998e-01   1.6071999e-01
  -5.3034398e-01   1.7616899e-02
  -5.1698198e-01  -1.3015400e-01
  -4.6131898e-01  -2.7040599e-01
  -3.6632699e-01  -3.8924499e-01
  -2.4099199e-01  -4.7450898e-01
  -9.8443597e-02  -5.1902498e-01
   4.7618598e-02  -5.2168498e-01
   1.8597399e-01  -4.8585698e-01
   3.0868499e-01  -4.1651899e-01
   4.0963899e-01  -3.1831699e-01
   4.8251698e-01  -1.9584399e-01
   5.2024098e-01  -5.5642098e-02
   5.1671298e-01   9.2036297e-02
   4.6980298e-01   2.3355199e-01
   3.8344199e-01   3.5461899e-01
   2.6718999e-01   4.4397199e-01
   1.3340800e-01   4.9572498e-01
  -6.1611798e-03   5.0913198e-01
  -1.4229500e-01   4.8627098e-01
  -2.6777199e-01   4.2965299e-01
  -3.7542599e-01   3.4159199e-01
  -4.5681098e-01   2.2571799e-01
  -5.0301898e-01   8.9215397e-02
  -5.0743498e-01  -5.6298598e-02
  -4.6866298e-01  -1.9641499e-01
  -3.9154699e-01  -3.1739899e-01
  -2.8552499e-01  -4.0942999e-01
  -1.6139499e-01  -4.6773298e-01
  -2.8643899e-02  -4.9121598e-01
   1.0508900e-01  -4.8005398e-01
   2.3252499e-01  -4.3427699e-01
   3.4493299e-01  -3.5453199e-01
   4.3193999e-01  -2.4435399e-01
   4.8361098e-01  -1.1201800e-01
   4.9369098e-01   2.9794999e-02
   4.6185098e-01   1.6672499e-01
   3.9345699e-01   2.8631399e-01
   2.9705399e-01   3.8030899e-01
   1.8135999e-01   4.4448798e-01
   5.3765498e-02   4.7666398e-01
  -7.8936697e-02   4.7475998e-01
  -2.0863399e-01   4.3669999e-01
  -3.2480199e-01   3.6231399e-01
  -4.1562099e-01   2.5577699e-01
  -4.7097998e-01   1.2655500e-01
  -4.8555298e-01  -1.2177400e-02
  -4.5997198e-01  -1.4687999e-01
  -3.9943299e-01  -2.6673699e-01
  -3.1086699e-01  -3.6470699e-01
  -2.0072399e-01  -4.3631498e-01
  -7.4810797e-02  -4.7758798e-01
   6.0074598e-02  -4.8414098e-01
   1.9441599e-01  -4.5238398e-01
   3.1600399e-01  -3.8210799e-01
   4.1224299e-01  -2.7848099e-01
   4.7352598e-01  -1.5181299e-01
   4.9559298e-01  -1.4978599e-02
   4.7947098e-01   1.1994500e-01
   4.2930499e-01   2.4378599e-01
   3.4981299e-01   3.5007499e-01
   2.4525899e-01   4.3324898e-01
   1.2049900e-01   4.8712998e-01
  -1.7010899e-02   5.0527998e-01
  -1.5622999e-01   4.8327498e-01
  -2.8380399e-01   4.2136999e-01
  -3.8718099e-01   3.2559799e-01
  -4.5775198e-01   2.0634699e-01
  -4.9210898e-01   7.5273697e-02
  -4.9090198e-01  -5.7494698e-02
  -4.5641298e-01  -1.8421699e-01
  -3.9085999e-01  -2.9833799e-01
  -2.9666999e-01  -3.9268899e-01
  -1.7837199e-01  -4.5896898e-01
  -4.4368698e-02  -4.8933998e-01
   9.3155697e-02  -4.7929798e-01
   2.2060799e-01  -4.2984498e-01
   3.2635999e-01  -3.4742699e-01
   4.0311199e-01  -2.4162199e-01
   4.4794298e-01  -1.2211900e-01
   4.6044298e-01   3.0584599e-03
   4.4063998e-01   1.2717300e-01
   3.8847399e-01   2.4304499e-01
   3.0523199e-01   3.4180899e-01
   1.9572899e-01   4.1360799e-01
   6.9349398e-02   4.5015798e-01
  -6.1235598e-02   4.4760798e-01
  -1.8313299e-01   4.0778899e-01
  -2.8627299e-01   3.3702599e-01
  -3.6465299e-01   2.4339199e-01
  -4.1533199e-01   1.3431700e-01
  -4.3637098e-01   1.6061399e-02
  -4.2560898e-01  -1.0496700e-01
  -3.8138599e-01  -2.2051799e-01
  -3.0473299e-01  -3.2022899e-01
  -2.0127799e-01  -3.9348399e-01
  -8.1206797e-02  -4.3245398e-01
   4.3013798e-02  -4.3439798e-01
   1.5986999e-01  -4.0176599e-01
   2.6101699e-01  -3.4017199e-01
   3.4131899e-01  -2.5578099e-01
   3.9718399e-01  -1.5395499e-01
   4.2487598e-01  -3.9900799e-02
   4.2043098e-01   7.9536497e-02
   3.8145499e-01   1.9476399e-01
   3.0951499e-01   2.9433499e-01
   2.1128099e-01   3.6766899e-01
   9.7345496e-02   4.0800099e-01
  -2.0668999e-02   4.1372398e-01
  -1.3294200e-01   3.8739699e-01
  -2.3255199e-01   3.3335899e-01
  -3.1450699e-01   2.5577099e-01
  -3.7394899e-01   1.5847199e-01
  -4.0530999e-01   4.6494398e-02
  -4.0342299e-01  -7.2237797e-02
  -3.6597799e-01  -1.8677199e-01
  -2.9557599e-01  -2.8511599e-01
  -1.9979199e-01  -3.5734199e-01
  -8.9069997e-02  -3.9792999e-01
   2.6271399e-02  -4.0597598e-01
   1.3801199e-01  -3.8342999e-01
   2.3996599e-01  -3.3289699e-01
   3.2642299e-01  -2.5671099e-01
   3.9076299e-01  -1.5790799e-01
   4.2574198e-01  -4.2143698e-02
   4.2559098e-01   8.1234497e-02
   3.8861199e-01   2.0017399e-01
   3.1843499e-01   3.0268699e-01
   2.2299499e-01   3.7980599e-01
   1.1189100e-01   4.2694598e-01
  -6.1541398e-03   4.4309498e-01
  -1.2415200e-01   4.2875598e-01
  -2.3584299e-01   3.8444499e-01
  -3.3406699e-01   3.1094999e-01
  -4.1023498e-01   2.1111199e-01
  -4.5576798e-01   9.1589797e-02
  -4.6478198e-01  -3.7022599e-02
  -4.3629298e-01  -1.6220899e-01
  -3.7444299e-01  -2.7260399e-01
  -2.8661499e-01  -3.6028899e-01
  -1.8078999e-01  -4.2106898e-01
  -6.3896298e-02  -4.5294698e-01
   5.7920198e-02  -4.5432898e-01
   1.7774699e-01  -4.2356098e-01
   2.8672599e-01  -3.6026599e-01
   3.7461999e-01  -2.6746599e-01
   4.3216498e-01  -1.5272199e-01
   4.5382798e-01  -2.7185099e-02
   4.3920598e-01   9.7099996e-02
   3.9222598e-01   2.1002799e-01
   3.1882199e-01   3.0474399e-01
   2.2480499e-01   3.7692299e-01
   1.1534800e-01   4.2302498e-01
  -3.8413199e-03   4.3921998e-01
  -1.2493300e-01   4.2207198e-01
  -2.3763699e-01   3.7062999e-01
  -3.3084499e-01   2.8835799e-01
  -3.9546598e-01   1.8335299e-01
  -4.2674298e-01   6.6458297e-02
  -4.2462698e-01  -5.1625598e-02
  -3.9218298e-01  -1.6245799e-01
  -3.3333699e-01  -2.6006799e-01
  -2.5167199e-01  -3.3957299e-01
  -1.5101199e-01  -3.9571198e-01
  -3.7098799e-02  -4.2278398e-01
   8.1275797e-02  -4.1634398e-01
   1.9296399e-01  -3.7555099e-01
   2.8691499e-01  -3.0446399e-01
   3.5498299e-01  -2.1123399e-01
   3.9339598e-01  -1.0563500e-01
   4.0212598e-01   3.5085899e-03
   3.8290999e-01   1.0941600e-01
   3.3755299e-01   2.0659399e-01
   2.6782199e-01   2.8926399e-01
   1.7688399e-01   3.5059499e-01
   7.0980797e-02   3.8373098e-01
  -4.0269098e-02   3.8412898e-01
  -1.4555299e-01   3.5165899e-01
  -2.3469799e-01   2.9095799e-01
  -3.0096299e-01   2.0975099e-01
  -3.4146699e-01   1.1625800e-01
  -3.5580299e-01   1.7376299e-02
  -3.4416099e-01  -8.1333997e-02
  -3.0653599e-01  -1.7427299e-01
  -2.4366399e-01  -2.5452299e-01
  -1.5888599e-01  -3.1406399e-01
  -5.9326798e-02  -3.4570999e-01
   4.4798398e-02  -3.4561699e-01
   1.4259899e-01  -3.1469299e-01
   2.2523399e-01  -2.5794899e-01
   2.8732999e-01  -1.8228899e-01
   3.2642699e-01  -9.4271796e-02
   3.4125599e-01   6.9489197e-04
   3.3041799e-01   9.7463196e-02
   2.9265499e-01   1.8962599e-01
   2.2854499e-01   2.6895699e-01
   1.4229499e-01   3.2664599e-01
   4.2076398e-02   3.5580599e-01
  -6.1612498e-02   3.5365499e-01
  -1.5867599e-01   3.2198299e-01
  -2.4159099e-01   2.6567799e-01
  -3.0580399e-01   1.9043499e-01
  -3.4848499e-01   1.0128500e-01
  -3.6694399e-01   2.8180499e-03
  -3.5821599e-01  -9.9372996e-02
  -3.2030699e-01  -1.9752599e-01
  -2.5424599e-01  -2.8210799e-01
  -1.6533599e-01  -3.4391299e-01
  -6.2521397e-02  -3.7666298e-01
   4.3923098e-02  -3.7848798e-01
   1.4496299e-01  -3.5142899e-01
   2.3409899e-01  -2.9949399e-01
   3.0683799e-01  -2.2677499e-01
   3.5917399e-01  -1.3696999e-01
   3.8660398e-01  -3.4457599e-02
   3.8474598e-01   7.4181797e-02
   3.5128999e-01   1.7972499e-01
   2.8793199e-01   2.7169299e-01
   2.0079299e-01   3.4094499e-01
   9.8899996e-02   3.8192098e-01
  -8.3613297e-03   3.9320398e-01
  -1.1322400e-01   3.7625598e-01
  -2.0983899e-01   3.3347999e-01
  -2.9311099e-01   2.6712699e-01
  -3.5736999e-01   1.7982599e-01
  -3.9629898e-01   7.6156597e-02
  -4.0447998e-01  -3.6193599e-02
  -3.7965398e-01  -1.4692699e-01
  -3.2409799e-01  -2.4530099e-01
  -2.4413199e-01  -3.2275499e-01
  -1.4800999e-01  -3.7442998e-01
  -4.3611498e-02  -3.9880698e-01
   6.2641797e-02  -3.9605298e-01
   1.6518499e-01  -3.6653698e-01
   2.5791399e-01  -3.1073299e-01
   3.3347299e-01  -2.3056799e-01
   3.8416198e-01  -1.3104599e-01
   4.0413898e-01  -2.0690799e-02
   3.9149798e-01   8.9862396e-02
   3.4884199e-01   1.9043299e-01
