   5.1000000e+00   5.5728000e-16
   4.8886700e+00   1.2795500e+00
   4.3152000e+00   2.4004700e+00
   3.4877200e+00   3.2627400e+00
   2.5244200e+00   3.8393500e+00
   1.5086700e+00   4.1509800e+00
   4.8183600e-01   4.2202900e+00
  -5.2622500e-01   4.0431000e+00
  -1.4579800e+00   3.5989700e+00
  -2.2158000e+00   2.8921900e+00
  -2.6908800e+00   1.9891500e+00
  -2.8154400e+00   1.0199900e+00
  -2.6014200e+00   1.3784500e-01
  -2.1372200e+00  -5.3878100e-01
  -1.5441600e+00  -9.6282800e-01
  -9.2306800e-01  -1.1518600e+00
  -3.2727400e-01  -1.1470000e+00
   2.2269300e-01  -9.7129400e-01
   6.9964700e-01  -6.1979200e-01
   1.0410000e+00  -8.7850200e-02
   1.1574600e+00   5.8657800e-01
   9.7639700e-01   1.3027000e+00
   4.8943000e-01   1.9190400e+00
  -2.3092400e-01   2.3066200e+00
  -1.0591100e+00   2.3985100e+00
  -1.8703400e+00   2.2031200e+00
  -2.5836100e+00   1.7753200e+00
  -3.1666400e+00   1.1696100e+00
  -3.6045400e+00   4.1173100e-01
  -3.8617000e+00  -4.9108300e-01
  -3.8706100e+00  -1.5116700e+00
  -3.5598500e+00  -2.5695900e+00
  -2.9024600e+00  -3.5332200e+00
  -1.9487600e+00  -4.2610600e+00
  -8.1779800e-01  -4.6566300e+00
   3.4855600e-01  -4.7002400e+00
   1.4382100e+00  -4.4376800e+00
   2.3933800e+00  -3.9369600e+00
   3.1941600e+00  -3.2467600e+00
   3.8193400e+00  -2.3869800e+00
   4.2190000e+00  -1.3758600e+00
   4.3237000e+00  -2.6911800e-01
   4.0855400e+00   8.2367000e-01
   3.5209700e+00   1.7631600e+00
   2.7220100e+00   2.4320300e+00
   1.8249700e+00   2.7801700e+00
   9.5665600e-01   2.8330500e+00
   1.9376900e-01   2.6596000e+00
  -4.3914900e-01   2.3248500e+00
  -9.3730500e-01   1.8624700e+00
  -1.2782000e+00   1.2853600e+00
  -1.4113500e+00   6.2238500e-01
  -1.2854100e+00  -5.1367800e-02
  -8.9282500e-01  -6.1910700e-01
  -2.9749800e-01  -9.6329700e-01
   3.7791100e-01  -1.0168500e+00
   9.9907200e-01  -7.8954400e-01
   1.4705200e+00  -3.5223500e-01
   1.7567000e+00   2.0831600e-01
   1.8629100e+00   8.3056300e-01
   1.7954900e+00   1.4866400e+00
   1.5350800e+00   2.1556600e+00
   1.0454600e+00   2.7869200e+00
   3.1210100e-01   3.2861500e+00
  -6.1992700e-01   3.5402900e+00
  -1.6396300e+00   3.4667700e+00
  -2.6039900e+00   3.0536300e+00
  -3.3910200e+00   2.3624600e+00
  -3.9371500e+00   1.4929600e+00
  -4.2359200e+00   5.3503300e-01
  -4.3038900e+00  -4.5769500e-01
  -4.1433500e+00  -1.4569000e+00
  -3.7324600e+00  -2.4241900e+00
  -3.0509900e+00  -3.2835200e+00
  -2.1213100e+00  -3.9274700e+00
  -1.0310500e+00  -4.2572600e+00
   8.3209600e-02  -4.2299800e+00
   1.0836400e+00  -3.8796900e+00
   1.8792300e+00  -3.2974400e+00
   2.4431000e+00  -2.5846500e+00
   2.7908400e+00  -1.8128900e+00
   2.9401300e+00  -1.0168100e+00
   2.8846700e+00  -2.2077200e-01
   2.6030400e+00   5.2610800e-01
   2.0949200e+00   1.1382200e+00
   1.4150400e+00   1.5184700e+00
   6.7550800e-01   1.6047900e+00
   1.0396700e-02   1.4051800e+00
  -4.7553300e-01   9.9599200e-01
  -7.4026900e-01   4.8384300e-01
  -7.9944400e-01  -4.1870900e-02
  -6.9032400e-01  -5.3364500e-01
  -4.3457800e-01  -9.7352500e-01
  -2.8835400e-02  -1.3382000e+00
   5.3066300e-01  -1.5729800e+00
   1.2103000e+00  -1.5988100e+00
   1.9203300e+00  -1.3505000e+00
   2.5337600e+00  -8.1946400e-01
   2.9333800e+00  -6.9431400e-02
   3.0562700e+00   7.8738700e-01
   2.9067200e+00   1.6378700e+00
   2.5312800e+00   2.4067700e+00
   1.9774000e+00   3.0618700e+00
   1.2676500e+00   3.5868100e+00
   4.0827400e-01   3.9470100e+00
  -5.7683200e-01   4.0792100e+00
  -1.6159900e+00   3.9158900e+00
  -2.5907600e+00   3.4283700e+00
  -3.3721400e+00   2.6568400e+00
  -3.8695600e+00   1.7037600e+00
  -4.0600300e+00   6.9374700e-01
  -3.9791200e+00  -2.7334000e-01
  -3.6830400e+00  -1.1449300e+00
  -3.2115800e+00  -1.9018900e+00
  -2.5791400e+00  -2.5238900e+00
  -1.7984400e+00  -2.9646400e+00
  -9.1556200e-01  -3.1594600e+00
  -2.5252800e-02  -3.0616200e+00
   7.4969200e-01  -2.6808800e+00
   1.3042800e+00  -2.0944400e+00
   1.5920300e+00  -1.4200900e+00
   1.6334300e+00  -7.6855900e-01
   1.4881100e+00  -2.0699900e-01
   1.2129100e+00   2.4369600e-01
   8.3693600e-01   5.8051500e-01
   3.7040000e-01   7.8487600e-01
  -1.6286200e-01   8.1289000e-01
  -6.9802900e-01   6.1892800e-01
  -1.1324800e+00   1.9546500e-01
  -1.3617500e+00  -4.0161600e-01
  -1.3252500e+00  -1.0633900e+00
  -1.0306000e+00  -1.6692500e+00
  -5.4049700e-01  -2.1321400e+00
   6.6989700e-02  -2.4180300e+00
   7.3531000e-01  -2.5297700e+00
   1.4376200e+00  -2.4719000e+00
   2.1535400e+00  -2.2264500e+00
   2.8363300e+00  -1.7603200e+00
   3.4000300e+00  -1.0592300e+00
   3.7409100e+00  -1.6200000e-01
   3.7812700e+00   8.3301400e-01
   3.5057000e+00   1.7973100e+00
   2.9648100e+00   2.6193700e+00
   2.2444500e+00   3.2385500e+00
   1.4231700e+00   3.6448100e+00
   5.4819800e-01   3.8490000e+00
  -3.5543900e-01   3.8496200e+00
  -1.2536300e+00   3.6235600e+00
  -2.0782300e+00   3.1486300e+00
  -2.7319900e+00   2.4401700e+00
  -3.1237500e+00   1.5720200e+00
  -3.2108400e+00   6.6289100e-01
  -3.0187100e+00  -1.6561700e-01
  -2.6241600e+00  -8.3202000e-01
  -2.1142700e+00  -1.3111900e+00
  -1.5504300e+00  -1.6158400e+00
  -9.6134600e-01  -1.7607800e+00
  -3.6640400e-01  -1.7393700e+00
   1.9306000e-01  -1.5308500e+00
   6.4266500e-01  -1.1324300e+00
   8.9664000e-01  -5.8987400e-01
   8.9909800e-01  -5.0858600e-04
   6.5590500e-01   5.1762700e-01
   2.3398900e-01   8.7137100e-01
  -2.7180400e-01   1.0228100e+00
  -7.8102600e-01   9.8557600e-01
  -1.2501400e+00   7.9332100e-01
  -1.6622100e+00   4.6642600e-01
  -1.9960700e+00   3.0294600e-03
  -2.2027800e+00  -5.9948400e-01
  -2.2112700e+00  -1.3108000e+00
  -1.9620200e+00  -2.0503500e+00
  -1.4454400e+00  -2.7033700e+00
  -7.1672100e-01  -3.1624600e+00
   1.2458200e-01  -3.3676500e+00
   9.7653100e-01  -3.3187300e+00
   1.7697200e+00  -3.0539200e+00
   2.4726400e+00  -2.6132000e+00
   3.0679200e+00  -2.0151100e+00
   3.5221000e+00  -1.2637600e+00
   3.7757500e+00  -3.7891900e-01
   3.7647400e+00   5.7672600e-01
   3.4587500e+00   1.4977400e+00
   2.8885800e+00   2.2676000e+00
   2.1413800e+00   2.8024300e+00
   1.3254500e+00   3.0776100e+00
   5.2856800e-01   3.1207100e+00
  -2.0270000e-01   2.9782900e+00
  -8.5132400e-01   2.6827900e+00
  -1.3991700e+00   2.2440800e+00
  -1.8046700e+00   1.6702100e+00
  -2.0089200e+00   9.9870300e-01
  -1.9678500e+00   3.1089200e-01
  -1.6868100e+00  -2.8571800e-01
  -1.2312900e+00  -6.9798500e-01
  -7.0374400e-01  -8.8380600e-01
  -2.0150100e-01  -8.6044700e-01
   2.1617900e-01  -6.8052300e-01
   5.3116000e-01  -3.9480400e-01
   7.4165500e-01  -2.9597700e-02
   8.3235000e-01   4.0595900e-01
   7.6520700e-01   8.9113800e-01
   4.9995600e-01   1.3688900e+00
   2.9585400e-02   1.7480100e+00
  -5.9652200e-01   1.9346300e+00
  -1.2809900e+00   1.8731000e+00
  -1.9148100e+00   1.5683900e+00
  -2.4177300e+00   1.0752200e+00
  -2.7563700e+00   4.6318000e-01
  -2.9305100e+00  -2.1632100e-01
  -2.9420600e+00  -9.3791100e-01
  -2.7732500e+00  -1.6820300e+00
  -2.3926100e+00  -2.4056400e+00
  -1.7851000e+00  -3.0302900e+00
  -9.8291300e-01  -3.4605900e+00
  -7.2098100e-02  -3.6231700e+00
   8.3296500e-01  -3.4994500e+00
   1.6313600e+00  -3.1299400e+00
   2.2663200e+00  -2.5875200e+00
   2.7257600e+00  -1.9397800e+00
   3.0163800e+00  -1.2271800e+00
   3.1340500e+00  -4.7067400e-01
   3.0551200e+00   3.0064200e-01
   2.7561300e+00   1.0269400e+00
   2.2464900e+00   1.6213900e+00
   1.5878700e+00   2.0011900e+00
   8.8285700e-01   2.1254600e+00
   2.3805900e-01   2.0135200e+00
  -2.7437600e-01   1.7308000e+00
  -6.3190200e-01   1.3527400e+00
  -8.4575000e-01   9.3250100e-01
  -9.2932500e-01   4.9426500e-01
  -8.7689700e-01   5.3550300e-02
  -6.6961800e-01  -3.5478900e-01
  -3.0387100e-01  -6.6615600e-01
   1.8109300e-01  -8.0492400e-01
   6.9978800e-01  -7.2108300e-01
   1.1473100e+00  -4.1912200e-01
   1.4398600e+00   4.1762800e-02
   1.5423600e+00   5.7657600e-01
   1.4659200e+00   1.1121800e+00
   1.2402000e+00   1.6078500e+00
   8.8376300e-01   2.0467000e+00
   3.9554200e-01   2.4085100e+00
  -2.2642500e-01   2.6484100e+00
  -9.5494600e-01   2.7014500e+00
  -1.7177100e+00   2.5122200e+00
  -2.4108700e+00   2.0693400e+00
  -2.9358400e+00   1.4194700e+00
  -3.2352200e+00   6.4988900e-01
  -3.3046700e+00  -1.4855000e-01
  -3.1745500e+00  -9.1280000e-01
  -2.8776000e+00  -1.6130200e+00
  -2.4279500e+00  -2.2319200e+00
  -1.8269400e+00  -2.7377900e+00
  -1.0897200e+00  -3.0752800e+00
  -2.6995500e-01  -3.1839500e+00
   5.3968300e-01  -3.0325000e+00
   1.2351500e+00  -2.6438000e+00
   1.7399700e+00  -2.0914100e+00
   2.0296000e+00  -1.4689300e+00
   2.1258700e+00  -8.5283300e-01
   2.0679600e+00  -2.8361300e-01
   1.8828100e+00   2.2442700e-01
   1.5771800e+00   6.5606700e-01
   1.1557700e+00   9.7497500e-01
   6.4917000e-01   1.1286300e+00
   1.2724400e-01   1.0766600e+00
  -3.1594100e-01   8.2199800e-01
  -5.9793300e-01   4.2107300e-01
  -6.8089000e-01  -3.6034000e-02
  -5.7973800e-01  -4.6285500e-01
  -3.4142100e-01  -8.0619900e-01
  -1.1922000e-02  -1.0495200e+00
   3.8424600e-01  -1.1912800e+00
   8.3806200e-01  -1.2183300e+00
   1.3306000e+00  -1.0972400e+00
   1.8106900e+00  -7.9210700e-01
   2.1962800e+00  -2.9617600e-01
   2.4020300e+00   3.4703200e-01
   2.3758400e+00   1.0504600e+00
   2.1194900e+00   1.7154400e+00
   1.6796900e+00   2.2678200e+00
   1.1174800e+00   2.6746600e+00
   4.7868900e-01   2.9327400e+00
  -2.1359700e-01   3.0411500e+00
  -9.4139800e-01   2.9816500e+00
  -1.6657400e+00   2.7235800e+00
  -2.3154800e+00   2.2504600e+00
  -2.8033800e+00   1.5878500e+00
  -3.0605000e+00   8.0987900e-01
  -3.0660100e+00   1.7238500e-02
  -2.8517300e+00  -6.9988000e-01
  -2.4790600e+00  -1.2895000e+00
  -2.0056000e+00  -1.7390800e+00
  -1.4653400e+00  -2.0528200e+00
  -8.7503300e-01  -2.2253600e+00
  -2.5863900e-01  -2.2336100e+00
   3.3224300e-01  -2.0539400e+00
   8.2111400e-01  -1.6913900e+00
   1.1338100e+00  -1.1974900e+00
   1.2324000e+00  -6.6092700e-01
   1.1321800e+00  -1.7510300e-01
   8.8976500e-01   1.9628400e-01
   5.7141100e-01   4.3330500e-01
   2.2404600e-01   5.4629800e-01
  -1.3120500e-01   5.4791700e-01
  -4.8129100e-01   4.3386800e-01
  -7.9625100e-01   1.8778600e-01
  -1.0194700e+00  -1.9372400e-01
  -1.0838500e+00  -6.7618500e-01
  -9.4432200e-01  -1.1836100e+00
  -6.0403900e-01  -1.6218200e+00
  -1.1526300e-01  -1.9145200e+00
   4.4580500e-01  -2.0283200e+00
   1.0125300e+00  -1.9711900e+00
   1.5466000e+00  -1.7683600e+00
   2.0309500e+00  -1.4358100e+00
   2.4457400e+00  -9.7230400e-01
   2.7492600e+00  -3.7568100e-01
   2.8813700e+00   3.3031400e-01
   2.7897900e+00   1.0813200e+00
   2.4609300e+00   1.7838700e+00
   1.9331300e+00   2.3478000e+00
   1.2818500e+00   2.7186400e+00
   5.8700300e-01   2.8887800e+00
  -9.5183900e-02   2.8818200e+00
  -7.3754500e-01   2.7240600e+00
  -1.3239900e+00   2.4255000e+00
  -1.8254200e+00   1.9847000e+00
  -2.1912000e+00   1.4123000e+00
  -2.3651500e+00   7.5334400e-01
  -2.3161700e+00   8.8391800e-02
  -2.0609200e+00  -4.9061500e-01
  -1.6615700e+00  -9.1500300e-01
  -1.1990000e+00  -1.1615700e+00
  -7.3978400e-01  -1.2483300e+00
  -3.1891800e-01  -1.2090900e+00
   5.1916300e-02  -1.0670500e+00
   3.6041300e-01  -8.2730200e-01
   5.7537400e-01  -4.9262200e-01
   6.5061200e-01  -8.8473700e-02
   5.4991800e-01   3.2461300e-01
   2.7504400e-01   6.6386300e-01
  -1.2457900e-01   8.5590700e-01
  -5.6890400e-01   8.6646400e-01
  -9.8021500e-01   7.0825900e-01
  -1.3098600e+00   4.2311700e-01
  -1.5418100e+00   5.2739500e-02
  -1.6738700e+00  -3.7987800e-01
  -1.6938600e+00  -8.6559100e-01
  -1.5715900e+00  -1.3866900e+00
  -1.2743100e+00  -1.8967500e+00
  -7.9487900e-01  -2.3213200e+00
  -1.7104600e-01  -2.5821500e+00
   5.1986700e-01  -2.6297900e+00
   1.1889800e+00  -2.4625700e+00
   1.7681100e+00  -2.1193800e+00
   2.2252200e+00  -1.6527600e+00
   2.5547000e+00  -1.1025900e+00
   2.7532700e+00  -4.8890900e-01
   2.8022300e+00   1.7269800e-01
   2.6715200e+00   8.4780600e-01
   2.3432100e+00   1.4727900e+00
   1.8365800e+00   1.9686000e+00
   1.2146800e+00   2.2713200e+00
   5.6528800e-01   2.3590800e+00
  -3.1919900e-02   2.2567900e+00
  -5.3035400e-01   2.0162300e+00
  -9.1817400e-01   1.6864500e+00
  -1.1985400e+00   1.2959100e+00
  -1.3660800e+00   8.5762700e-01
  -1.3993300e+00   3.9090300e-01
  -1.2756600e+00  -6.0231300e-02
  -9.9735600e-01  -4.2892600e-01
  -6.0796500e-01  -6.4939800e-01
  -1.8463300e-01  -6.8725600e-01
   1.9038100e-01  -5.5514200e-01
   4.6049400e-01  -3.0285400e-01
   6.0784300e-01   1.0613600e-02
   6.4179700e-01   3.4297300e-01
   5.7424400e-01   6.7488400e-01
   4.0218200e-01   9.9453600e-01
   1.1163500e-01   1.2753600e+00
  -3.0024000e-01   1.4669400e+00
  -8.0273300e-01   1.5090000e+00
  -1.3277900e+00   1.3602500e+00
  -1.7902800e+00   1.0221300e+00
  -2.1200700e+00   5.4021200e-01
  -2.2847500e+00  -1.7644600e-02
  -2.2889000e+00  -5.9111500e-01
  -2.1530400e+00  -1.1444800e+00
  -1.8900100e+00  -1.6608300e+00
  -1.4975400e+00  -2.1208600e+00
  -9.7246900e-01  -2.4856600e+00
  -3.3465000e-01  -2.6994300e+00
   3.5947100e-01  -2.7125500e+00
   1.0265300e+00  -2.5093600e+00
   1.5848700e+00  -2.1205000e+00
   1.9835600e+00  -1.6104200e+00
   2.2129500e+00  -1.0486000e+00
   2.2913700e+00  -4.8430100e-01
   2.2398700e+00   5.8648400e-02
   2.0651900e+00   5.6619900e-01
   1.7636300e+00   1.0126200e+00
   1.3419700e+00   1.3524600e+00
   8.3758600e-01   1.5345300e+00
   3.2002400e-01   1.5290200e+00
  -1.3001000e-01   1.3482200e+00
  -4.5147900e-01   1.0451300e+00
  -6.2321400e-01   6.9011700e-01
  -6.6073600e-01   3.4150300e-01
  -5.9397500e-01   2.9848900e-02
  -4.4369500e-01  -2.3517100e-01
  -2.1444100e-01  -4.4360100e-01
   9.1702300e-02  -5.6870200e-01
   4.5282200e-01  -5.7000000e-01
   8.1572100e-01  -4.1526600e-01
   1.1068300e+00  -1.0563800e-01
   1.2601700e+00   3.1518300e-01
   1.2440700e+00   7.7556400e-01
   1.0687700e+00   1.2050800e+00
   7.7103100e-01   1.5586100e+00
   3.8826100e-01   1.8199900e+00
  -5.8327000e-02   1.9857200e+00
  -5.5978400e-01   2.0437600e+00
  -1.0996500e+00   1.9659900e+00
  -1.6357800e+00   1.7217400e+00
  -2.1005200e+00   1.3028000e+00
  -2.4219000e+00   7.4107900e-01
  -2.5528100e+00   1.0447600e-01
  -2.4883700e+00  -5.2768500e-01
  -2.2601800e+00  -1.0934400e+00
  -1.9127600e+00  -1.5623700e+00
  -1.4799800e+00  -1.9274900e+00
  -9.7845600e-01  -2.1840000e+00
  -4.2082500e-01  -2.3132900e+00
   1.6337500e-01  -2.2862000e+00
   7.1811300e-01  -2.0838200e+00
   1.1726600e+00  -1.7200900e+00
   1.4686900e+00  -1.2482000e+00
   1.5845100e+00  -7.4419700e-01
   1.5399500e+00  -2.7796100e-01
   1.3791400e+00   1.0935200e-01
   1.1442700e+00   4.0728000e-01
   8.5943500e-01   6.1881600e-01
   5.3488000e-01   7.3944300e-01
   1.8616300e-01   7.5002900e-01
  -1.4914400e-01   6.2983400e-01
  -4.1268500e-01   3.7973900e-01
  -5.4627500e-01   3.7221900e-02
  -5.1898300e-01  -3.2989900e-01
  -3.4155400e-01  -6.4849500e-01
  -5.8175800e-02  -8.6765700e-01
   2.7811600e-01  -9.7078000e-01
   6.2864700e-01  -9.6582300e-01
   9.7508400e-01  -8.6347500e-01
   1.3060300e+00  -6.6143900e-01
   1.5971900e+00  -3.4755500e-01
   1.8029100e+00   8.0698900e-02
   1.8682700e+00   5.9602500e-01
   1.7547100e+00   1.1374200e+00
   1.4614900e+00   1.6278300e+00
   1.0275900e+00   2.0025900e+00
   5.1270400e-01   2.2300900e+00
  -2.9244600e-02   2.3116900e+00
  -5.6561900e-01   2.2633500e+00
  -1.0803200e+00   2.0946400e+00
  -1.5551100e+00   1.8017900e+00
  -1.9541100e+00   1.3801100e+00
  -2.2257800e+00   8.4534000e-01
  -2.3233400e+00   2.4614400e-01
  -2.2296200e+00  -3.4397800e-01
  -1.9686100e+00  -8.5189500e-01
  -1.5949700e+00  -1.2308900e+00
  -1.1686700e+00  -1.4705600e+00
  -7.3236000e-01  -1.5854500e+00
  -3.0636300e-01  -1.5927800e+00
   9.7702200e-02  -1.4970900e+00
   4.5777000e-01  -1.2933400e+00
   7.3383300e-01  -9.8545100e-01
   8.8002100e-01  -6.0442400e-01
   8.6871800e-01  -2.1030000e-01
   7.0936600e-01   1.2616100e-01
   4.4780800e-01   3.5087900e-01
   1.4592100e-01   4.4480900e-01
  -1.4453900e-01   4.2164100e-01
  -3.9629100e-01   3.0828700e-01
  -6.0080600e-01   1.2382800e-01
  -7.4963100e-01  -1.2710300e-01
  -8.1948600e-01  -4.4236900e-01
  -7.7460800e-01  -8.0246100e-01
  -5.8610400e-01  -1.1599400e+00
  -2.5448800e-01  -1.4487000e+00
   1.8164400e-01  -1.6087100e+00
   6.5813600e-01  -1.6099900e+00
   1.1110400e+00  -1.4599700e+00
   1.4983100e+00  -1.1902600e+00
   1.8035300e+00  -8.3371700e-01
   2.0217400e+00  -4.0929200e-01
   2.1406000e+00   7.4874700e-02
   2.1334100e+00   6.0396600e-01
   1.9708200e+00   1.1401400e+00
   1.6431900e+00   1.6222000e+00
   1.1766500e+00   1.9842400e+00
   6.3002000e-01   2.1816400e+00
   7.3296900e-02   2.2070000e+00
  -4.3799900e-01   2.0855800e+00
  -8.7583800e-01   1.8547200e+00
  -1.2329200e+00   1.5427700e+00
  -1.5038900e+00   1.1629300e+00
  -1.6709900e+00   7.2482500e-01
  -1.7066000e+00   2.5313700e-01
  -1.5916400e+00  -2.0347700e-01
  -1.3359000e+00  -5.8247400e-01
  -9.8424500e-01  -8.3139700e-01
  -6.0256500e-01  -9.2973900e-01
  -2.5204400e-01  -8.9379700e-01
   3.1128500e-02  -7.6179000e-01
   2.3796200e-01  -5.7065900e-01
   3.7162400e-01  -3.4138400e-01
   4.2873900e-01  -8.2467100e-02
   3.9276500e-01   1.9316600e-01
   2.4527100e-01   4.5307400e-01
  -1.3374200e-02   6.4599000e-01
  -3.5031100e-01   7.2018900e-01
  -7.0527300e-01   6.4767700e-01
  -1.0125700e+00   4.3746200e-01
  -1.2257300e+00   1.2874000e-01
  -1.3286400e+00  -2.3074500e-01
  -1.3273600e+00  -6.0548300e-01
  -1.2308500e+00  -9.7788800e-01
  -1.0367900e+00  -1.3366800e+00
  -7.3404700e-01  -1.6592200e+00
  -3.1989900e-01  -1.9036700e+00
   1.8181800e-01  -2.0194800e+00
   7.1679200e-01  -1.9700700e+00
   1.2155400e+00  -1.7523200e+00
   1.6187100e+00  -1.3988100e+00
   1.8957600e+00  -9.6128300e-01
   2.0454200e+00  -4.8721000e-01
   2.0797000e+00  -5.6666200e-03
   2.0051800e+00   4.6877600e-01
   1.8166100e+00   9.1959700e-01
   1.5077000e+00   1.3143100e+00
   1.0902300e+00   1.6059500e+00
   6.0549700e-01   1.7509500e+00
   1.1764800e-01   1.7315200e+00
  -3.0854000e-01   1.5663500e+00
  -6.3096800e-01   1.3017900e+00
  -8.3947100e-01   9.8956500e-01
  -9.4613600e-01   6.6651500e-01
  -9.6563100e-01   3.4977100e-01
  -9.0132700e-01   4.8633200e-02
  -7.4782000e-01  -2.1834600e-01
  -5.0725200e-01  -4.1638000e-01
  -2.0569700e-01  -5.0486900e-01
   1.0467100e-01  -4.5882000e-01
   3.6151400e-01  -2.8589800e-01
   5.1668300e-01  -2.6329800e-02
   5.5288800e-01   2.6484300e-01
   4.8212600e-01   5.4105200e-01
   3.2859500e-01   7.7727900e-01
   1.0990900e-01   9.6535300e-01
  -1.6909700e-01   1.0974700e+00
  -5.0599700e-01   1.1527900e+00
  -8.8307600e-01   1.0991300e+00
  -1.2576200e+00   9.1011200e-01
  -1.5697600e+00   5.8528500e-01
  -1.7643600e+00   1.5834400e-01
  -1.8125800e+00  -3.1358100e-01
  -1.7188800e+00  -7.7269100e-01
  -1.5097300e+00  -1.1800200e+00
  -1.2133000e+00  -1.5192000e+00
  -8.4582600e-01  -1.7841200e+00
  -4.1404100e-01  -1.9622000e+00
   6.9364500e-02  -2.0279300e+00
   5.7100700e-01  -1.9530600e+00
   1.0361400e+00  -1.7264900e+00
   1.4049400e+00  -1.3689700e+00
   1.6357300e+00  -9.3083900e-01
   1.7195100e+00  -4.7322700e-01
   1.6764500e+00  -4.5212200e-02
   1.5378500e+00   3.2809600e-01
   1.3273900e+00   6.3990900e-01
   1.0553200e+00   8.8518600e-01
   7.2861600e-01   1.0477100e+00
   3.6755400e-01   1.1020500e+00
   1.4015600e-02   1.0298100e+00
  -2.7712200e-01   8.3789400e-01
  -4.5918200e-01   5.6449600e-01
  -5.1337100e-01   2.6700300e-01
  -4.5355600e-01  -7.2971500e-04
  -3.1342000e-01  -2.0667500e-01
  -1.2589500e-01  -3.4297500e-01
   9.0119900e-02  -4.1284100e-01
   3.2698000e-01  -4.1387700e-01
   5.7337900e-01  -3.3190600e-01
   8.0074200e-01  -1.5075600e-01
   9.6348800e-01   1.2934000e-01
   1.0151200e+00   4.7924200e-01
   9.2985800e-01   8.4499700e-01
   7.1480100e-01   1.1671600e+00
   4.0435400e-01   1.4027900e+00
   4.1206100e-02   1.5358400e+00
  -3.4227600e-01   1.5701700e+00
  -7.2943200e-01   1.5126300e+00
  -1.1092400e+00   1.3602700e+00
  -1.4605600e+00   1.1022800e+00
  -1.7449900e+00   7.3517600e-01
  -1.9157900e+00   2.7916600e-01
  -1.9381000e+00  -2.1797000e-01
  -1.8065500e+00  -6.9412900e-01
  -1.5477700e+00  -1.0953400e+00
  -1.2060500e+00  -1.3926800e+00
  -8.2255200e-01  -1.5831100e+00
  -4.2257200e-01  -1.6755600e+00
  -1.8644300e-02  -1.6742800e+00
   3.7491400e-01  -1.5729500e+00
   7.2936500e-01  -1.3640300e+00
   1.0025500e+00  -1.0558400e+00
   1.1546100e+00  -6.8311300e-01
   1.1680400e+00  -3.0145400e-01
   1.0575600e+00   3.2174900e-02
   8.6282600e-01   2.8031700e-01
   6.2874700e-01   4.3363400e-01
   3.8738300e-01   5.0266900e-01
   1.5333000e-01   5.0046000e-01
  -6.5941600e-02   4.3002900e-01
  -2.5485300e-01   2.8634400e-01
  -3.8322800e-01   7.0726200e-02
  -4.1527100e-01  -1.9438800e-01
  -3.2858300e-01  -4.6314000e-01
  -1.2959700e-01  -6.8010200e-01
   1.4605900e-01  -8.0193600e-01
   4.4904300e-01  -8.1252100e-01
   7.3701400e-01  -7.2198300e-01
   9.8655700e-01  -5.5175500e-01
   1.1893400e+00  -3.1782600e-01
   1.3376100e+00  -2.4957000e-02
   1.4120900e+00   3.2431700e-01
   1.3832800e+00   7.1392900e-01
   1.2265000e+00   1.1053600e+00
   9.3995900e-01   1.4442900e+00
   5.5249900e-01   1.6799000e+00
   1.1445200e-01   1.7842900e+00
  -3.2244800e-01   1.7591600e+00
  -7.2258300e-01   1.6260900e+00
  -1.0701700e+00   1.4087300e+00
  -1.3585400e+00   1.1203800e+00
  -1.5752800e+00   7.6600800e-01
  -1.6962500e+00   3.5585700e-01
  -1.6944200e+00  -8.1252600e-02
  -1.5576400e+00  -4.9696900e-01
  -1.3019900e+00  -8.3763500e-01
  -9.7019500e-01  -1.0649600e+00
  -6.1531500e-01  -1.1693500e+00
  -2.8032500e-01  -1.1671400e+00
   1.2734500e-02  -1.0848700e+00
   2.5805500e-01  -9.4256900e-01
   4.5144500e-01  -7.4829300e-01
   5.7866500e-01  -5.0700200e-01
   6.1692400e-01  -2.3535200e-01
   5.4916600e-01   3.0640200e-02
   3.8051100e-01   2.4290700e-01
   1.4395000e-01   3.6006100e-01
  -1.1003600e-01   3.6510900e-01
  -3.3357200e-01   2.7009800e-01
  -4.9786700e-01   1.0503400e-01
  -5.9565800e-01  -1.0034000e-01
  -6.2980000e-01  -3.2856500e-01
  -5.9841400e-01  -5.7228500e-01
  -4.8916100e-01  -8.2109900e-01
  -2.8770800e-01  -1.0493000e+00
   5.8909800e-03  -1.2158300e+00
   3.6579900e-01  -1.2783400e+00
   7.4365600e-01  -1.2125600e+00
   1.0855400e+00  -1.0234600e+00
   1.3516400e+00  -7.4069600e-01
   1.5258200e+00  -4.0193200e-01
   1.6098200e+00  -3.6205000e-02
   1.6082800e+00   3.4115200e-01
   1.5173400e+00   7.1977500e-01
   1.3260200e+00   1.0802600e+00
   1.0297700e+00   1.3875500e+00
   6.4507800e-01   1.5985900e+00
   2.1338300e-01   1.6803700e+00
  -2.1041000e-01   1.6257400e+00
  -5.7782400e-01   1.4561000e+00
  -8.6211100e-01   1.2090800e+00
  -1.0593600e+00   9.2004100e-01
  -1.1764100e+00   6.1058800e-01
  -1.2160000e+00   2.9106200e-01
  -1.1713300e+00  -2.6615600e-02
  -1.0342400e+00  -3.1754600e-01
  -8.1036800e-01  -5.4444200e-01
  -5.2891600e-01  -6.7144400e-01
  -2.3804200e-01  -6.8201100e-01
   1.2253600e-02  -5.8814100e-01
   1.8879300e-01  -4.2419900e-01
   2.8322100e-01  -2.2965100e-01
   3.0499700e-01  -3.2840000e-02
   2.6604100e-01   1.5339800e-01
   1.6944300e-01   3.2276000e-01
   1.0962000e-02   4.6189600e-01
  -2.0827900e-01   5.4439400e-01
  -4.6850800e-01   5.3852200e-01
  -7.2891600e-01   4.2408500e-01
  -9.3971400e-01   2.0641300e-01
  -1.0613800e+00  -8.2938400e-02
  -1.0784000e+00  -3.9966600e-01
  -9.9877999e-01  -7.0514600e-01
  -8.4101400e-01  -9.7729800e-01
  -6.1915100e-01  -1.2074800e+00
  -3.3743200e-01  -1.3877100e+00
   1.9126100e-03  -1.4998100e+00
   3.8461800e-01  -1.5163100e+00
   7.7620100e-01  -1.4136600e+00
   1.1275600e+00  -1.1885600e+00
   1.3920400e+00  -8.6508600e-01
   1.5428300e+00  -4.8701300e-01
   1.5793400e+00  -1.0008800e-01
   1.5189100e+00   2.6370200e-01
   1.3810500e+00   5.8972900e-01
   1.1763000e+00   8.7144500e-01
   9.0781600e-01   1.0971300e+00
   5.8335900e-01   1.2443900e+00
   2.2732600e-01   1.2878300e+00
  -1.1808900e-01   1.2148100e+00
  -4.0529100e-01   1.0376700e+00
  -5.9970300e-01   7.9270300e-01
  -6.9187700e-01   5.2589000e-01
  -6.9547100e-01   2.7477400e-01
  -6.3342800e-01   5.8552500e-02
  -5.2309200e-01  -1.1802700e-01
  -3.7115000e-01  -2.5176300e-01
  -1.8130300e-01  -3.3049400e-01
   3.2521500e-02  -3.3417000e-01
   2.3910100e-01  -2.4743700e-01
   3.9612500e-01  -7.4386500e-02
   4.6674400e-01   1.5604200e-01
   4.3549400e-01   3.9897000e-01
   3.1279500e-01   6.1135400e-01
   1.2539900e-01   7.6682400e-01
  -9.9751799e-02   8.5818500e-01
  -3.4639700e-01   8.8749800e-01
  -6.0727800e-01   8.5286800e-01
  -8.7255300e-01   7.4314500e-01
  -1.1187800e+00   5.4525700e-01
  -1.3085800e+00   2.5879000e-01
  -1.4030200e+00  -9.3627199e-02
  -1.3788400e+00  -4.6887800e-01
  -1.2387800e+00  -8.1823100e-01
  -1.0078600e+00  -1.1049300e+00
  -7.1879200e-01  -1.3129700e+00
  -3.9708700e-01  -1.4423000e+00
  -5.6342100e-02  -1.4956600e+00
   2.9420500e-01  -1.4682400e+00
   6.3719900e-01  -1.3488700e+00
   9.4104899e-01  -1.1317900e+00
   1.1665500e+00  -8.3000100e-01
   1.2827900e+00  -4.7895400e-01
   1.2815300e+00  -1.2670300e-01
   1.1799400e+00   1.8372800e-01
   1.0099500e+00   4.2815000e-01
   8.0190800e-01   6.0253400e-01
   5.7414000e-01   7.1245700e-01
   3.3498500e-01   7.5992500e-01
   9.4113199e-02   7.3831700e-01
  -1.2719400e-01   6.3947600e-01
  -2.9629100e-01   4.6725700e-01
  -3.8129400e-01   2.4641800e-01
  -3.6705700e-01   1.8906000e-02
  -2.6369100e-01  -1.7120000e-01
  -1.0141100e-01  -2.9437800e-01
   8.4644999e-02  -3.4306400e-01
   2.6895400e-01  -3.2572200e-01
   4.3976100e-01  -2.5327700e-01
   5.9129800e-01  -1.2894000e-01
   7.1169900e-01   5.0688900e-02
   7.7744800e-01   2.8443400e-01
   7.6003300e-01   5.5460000e-01
   6.4091700e-01   8.2456099e-01
   4.2418800e-01   1.0492400e+00
   1.3754000e-01   1.1922300e+00
  -1.7945600e-01   1.2382400e+00
  -4.9173100e-01   1.1930400e+00
  -7.7859900e-01   1.0720900e+00
  -1.0312800e+00   8.8725099e-01
  -1.2416300e+00   6.4180600e-01
  -1.3924400e+00   3.3725600e-01
  -1.4579700e+00  -1.4182200e-02
  -1.4156300e+00  -3.8206100e-01
  -1.2606000e+00  -7.2240000e-01
  -1.0125300e+00  -9.9272099e-01
  -7.0905300e-01  -1.1677000e+00
  -3.9015000e-01  -1.2451500e+00
  -8.4067299e-02  -1.2389400e+00
   1.9615600e-01  -1.1651300e+00
   4.4462500e-01  -1.0319800e+00
   6.5080100e-01  -8.4105499e-01
   7.9441899e-01  -5.9793500e-01
   8.5210599e-01  -3.2300200e-01
   8.1142699e-01  -5.2793500e-02
   6.8195300e-01   1.7080900e-01
   4.9472900e-01   3.1694800e-01
   2.8981500e-01   3.7682200e-01
   1.0018400e-01   3.6220100e-01
  -5.7326200e-02   2.9334500e-01
  -1.7879200e-01   1.8571400e-01
  -2.6182800e-01   4.5275400e-02
  -2.9611600e-01  -1.2485700e-01
  -2.6413900e-01  -3.1265000e-01
  -1.5225000e-01  -4.9064800e-01
   3.6102200e-02  -6.2123600e-01
   2.7527600e-01  -6.7125700e-01
   5.2507100e-01  -6.2633600e-01
   7.4645000e-01  -4.9520400e-01
   9.1490099e-01  -3.0147600e-01
   1.0229500e+00  -6.9372600e-02
   1.0715800e+00   1.8610800e-01
   1.0584400e+00   4.5792400e-01
   9.7302299e-01   7.3679100e-01
   8.0295799e-01   1.0012700e+00
   5.4703300e-01   1.2172400e+00
   2.2463900e-01   1.3487400e+00
  -1.2617600e-01   1.3733800e+00
  -4.6174700e-01   1.2917600e+00
  -7.4848299e-01   1.1245900e+00
  -9.7094899e-01   8.9983499e-01
  -1.1278700e+00   6.3949400e-01
  -1.2205300e+00   3.5516700e-01
  -1.2435400e+00   5.4625300e-02
  -1.1856600e+00  -2.4707500e-01
  -1.0402200e+00  -5.2194800e-01
  -8.1712499e-01  -7.3474099e-01
  -5.4646100e-01  -8.5702899e-01
  -2.7000300e-01  -8.8017999e-01
  -2.5617600e-02  -8.1814299e-01
   1.6518300e-01  -6.9822600e-01
   2.9870100e-01  -5.4665200e-01
   3.7986200e-01  -3.7912100e-01
   4.1048800e-01  -2.0240100e-01
   3.8461100e-01  -2.4313600e-02
   2.9462600e-01   1.3698300e-01
   1.4334400e-01   2.5298900e-01
  -4.7872000e-02   2.9547700e-01
  -2.4212700e-01   2.5077000e-01
  -4.0021700e-01   1.2757600e-01
  -4.9554600e-01  -4.7281400e-02
  -5.2098400e-01  -2.4222600e-01
  -4.8384900e-01  -4.3394000e-01
  -3.9394100e-01  -6.1129900e-01
  -2.5437700e-01  -7.6863299e-01
  -6.2371700e-02  -8.9498599e-01
   1.8091000e-01  -9.6899999e-01
   4.5961600e-01  -9.6464799e-01
   7.4081199e-01  -8.6451199e-01
   9.8358199e-01  -6.7124300e-01
   1.1542400e+00  -4.0874600e-01
   1.2376300e+00  -1.1199300e-01
   1.2373900e+00   1.8751700e-01
   1.1660400e+00   4.7074400e-01
   1.0331800e+00   7.2912199e-01
   8.4092299e-01   9.5468399e-01
   5.8973000e-01   1.1312800e+00
   2.8961300e-01   1.2349300e+00
  -3.2992100e-02   1.2440800e+00
  -3.3913700e-01   1.1527000e+00
  -5.9060600e-01   9.7655199e-01
  -7.6395699e-01   7.4773999e-01
  -8.5610499e-01   5.0094100e-01
  -8.7834799e-01   2.6079100e-01
  -8.4409299e-01   3.8577400e-02
  -7.5986599e-01  -1.6076300e-01
  -6.2616600e-01  -3.2815000e-01
  -4.4686500e-01  -4.4566200e-01
  -2.3897200e-01  -4.9224800e-01
  -3.4076500e-02  -4.5619500e-01
   1.3104700e-01  -3.4518100e-01
   2.2899400e-01  -1.8610100e-01
   2.5175200e-01  -1.4205700e-02
   2.0967500e-01   1.4122500e-01
   1.2090200e-01   2.6511700e-01
  -4.8656500e-04   3.5398100e-01
  -1.4884000e-01   4.0587700e-01
  -3.2118600e-01   4.1189600e-01
  -5.0676500e-01   3.5661300e-01
  -6.8104999e-01   2.2782500e-01
  -8.1021299e-01   2.8403800e-02
  -8.6403599e-01  -2.1891000e-01
  -8.2879299e-01  -4.7804100e-01
  -7.1138599e-01  -7.1347699e-01
  -5.3229700e-01  -9.0229499e-01
  -3.1295800e-01  -1.0366700e+00
  -6.6881999e-02  -1.1164100e+00
   1.9940500e-01  -1.1385600e+00
   4.7738300e-01  -1.0928600e+00
   7.4762499e-01  -9.6728699e-01
   9.7912099e-01  -7.5961499e-01
   1.1387600e+00  -4.8602100e-01
   1.2050900e+00  -1.7964800e-01
   1.1769800e+00   1.2080200e-01
   1.0712900e+00   3.8505900e-01
   9.1173699e-01   5.9869800e-01
   7.1700399e-01   7.5982699e-01
   4.9668800e-01   8.6888199e-01
   2.5698500e-01   9.2032499e-01
   1.0592100e-02   9.0319899e-01
  -2.1808400e-01   8.1037199e-01
  -3.9775600e-01   6.4927099e-01
  -5.0271800e-01   4.4539800e-01
  -5.2454200e-01   2.3502400e-01
  -4.7483800e-01   5.1389100e-02
  -3.7729600e-01  -8.6503499e-02
  -2.5489900e-01  -1.7543600e-01
  -1.2139200e-01  -2.1997600e-01
   1.7498200e-02  -2.2202800e-01
   1.5525300e-01  -1.7651400e-01
   2.7620900e-01  -7.6678799e-02
   3.5534000e-01   7.5178199e-02
   3.6755300e-01   2.6028900e-01
   3.0043900e-01   4.4584300e-01
   1.6147600e-01   5.9660299e-01
  -2.5498600e-02   6.8825199e-01
  -2.3203300e-01   7.1371899e-01
  -4.3671500e-01   6.7896999e-01
  -6.2887199e-01   5.9246099e-01
  -8.0275899e-01   4.5688700e-01
  -9.4800899e-01   2.6971200e-01
  -1.0449400e+00   3.1842300e-02
  -1.0694700e+00  -2.4271900e-01
  -1.0049400e+00  -5.2451300e-01
  -8.5245799e-01  -7.7652199e-01
  -6.3223399e-01  -9.6767299e-01
  -3.7477900e-01  -1.0831000e+00
  -1.0798600e-01  -1.1246200e+00
   1.5101200e-01  -1.1021700e+00
   3.9428600e-01  -1.0232500e+00
   6.1440899e-01  -8.8877099e-01
   7.9657699e-01  -6.9812899e-01
   9.1873499e-01  -4.5915000e-01
   9.6060399e-01  -1.9442800e-01
   9.1542299e-01   6.1920499e-02
   7.9578299e-01   2.7590700e-01
   6.2903699e-01   4.2625100e-01
   4.4521300e-01   5.0959100e-01
   2.6571200e-01   5.3540900e-01
   1.0017000e-01   5.1520300e-01
  -4.7467200e-02   4.5439100e-01
  -1.6960000e-01   3.5291500e-01
  -2.5063800e-01   2.1352700e-01
  -2.7191200e-01   5.0583000e-02
  -2.2274600e-01  -1.0844500e-01
  -1.0955300e-01  -2.3113800e-01
   4.4042800e-02  -2.9306800e-01
   2.0668200e-01  -2.8690000e-01
   3.5201300e-01  -2.2172800e-01
   4.6619300e-01  -1.1383400e-01
   5.4577199e-01   2.3880800e-02
   5.8885899e-01   1.8594800e-01
   5.8745799e-01   3.6936900e-01
   5.2771100e-01   5.6430099e-01
   3.9846000e-01   7.4858899e-01
   2.0187000e-01   8.9153399e-01
  -4.2073600e-02   9.6530699e-01
  -3.0113800e-01   9.5652899e-01
  -5.4312699e-01   8.7021599e-01
  -7.4669799e-01   7.2374899e-01
  -9.0381899e-01   5.3571899e-01
  -1.0133200e+00   3.1793400e-01
  -1.0716500e+00   7.6083399e-02
  -1.0687300e+00  -1.8235300e-01
  -9.9274099e-01  -4.4008400e-01
  -8.4042299e-01  -6.6921299e-01
  -6.2491499e-01  -8.3952899e-01
  -3.7474600e-01  -9.3078099e-01
  -1.2386200e-01  -9.4059099e-01
   1.0083500e-01  -8.8269099e-01
   2.8626400e-01  -7.7712299e-01
   4.3043500e-01  -6.3971799e-01
   5.3345799e-01  -4.7829200e-01
   5.9008899e-01  -2.9759100e-01
   5.9006099e-01  -1.0812000e-01
   5.2623999e-01   6.9060099e-02
   4.0426100e-01   2.0643500e-01
   2.4590000e-01   2.8105400e-01
   8.2791599e-02   2.8505800e-01
  -5.5766599e-02   2.2837900e-01
  -1.5291000e-01   1.3188700e-01
  -2.0580000e-01   1.6052700e-02
  -2.1866900e-01  -1.0675800e-01
  -1.9351600e-01  -2.3137600e-01
  -1.2612200e-01  -3.5206900e-01
  -1.0630100e-02  -4.5503500e-01
   1.5091800e-01  -5.1801999e-01
   3.4182500e-01  -5.1846499e-01
   5.3267699e-01  -4.4489100e-01
   6.9154399e-01  -3.0351300e-01
   7.9591099e-01  -1.1535200e-01
   8.3852499e-01   9.4087699e-02
   8.2387499e-01   3.0523700e-01
   7.5890299e-01   5.0793999e-01
   6.4559499e-01   6.9643999e-01
   4.8130300e-01   8.6089499e-01
   2.6639700e-01   9.8306999e-01
   1.2934300e-02   1.0405800e+00
  -2.5302700e-01   1.0173600e+00
  -4.9826599e-01   9.1301999e-01
  -6.9438299e-01   7.4434299e-01
  -8.2708699e-01   5.3761399e-01
  -8.9687799e-01   3.1719500e-01
  -9.1157299e-01   9.8153999e-02
  -8.7696899e-01  -1.1252700e-01
  -7.9298899e-01  -3.0829300e-01
  -6.5810599e-01  -4.7592500e-01
  -4.7821000e-01  -5.9549299e-01
  -2.7240500e-01  -6.4828799e-01
  -7.0356699e-02  -6.2732599e-01
   9.7957499e-02  -5.4276799e-01
   2.1350400e-01  -4.1807700e-01
   2.7303700e-01  -2.7938600e-01
   2.8479300e-01  -1.4538800e-01
   2.5893600e-01  -2.4369300e-02
   2.0026600e-01   8.0526199e-02
   1.0861300e-01   1.6297800e-01
  -1.3872300e-02   2.0949400e-01
  -1.5480400e-01   2.0362500e-01
  -2.9002300e-01   1.3578200e-01
  -3.9069400e-01   1.1479400e-02
  -4.3481000e-01  -1.4833600e-01
  -4.1545000e-01  -3.1553700e-01
  -3.4042300e-01  -4.6615300e-01
  -2.2419500e-01  -5.8720399e-01
  -7.8471899e-02  -6.7500899e-01
   9.1551299e-02  -7.2742099e-01
   2.8290500e-01  -7.3694999e-01
   4.8656899e-01  -6.9082899e-01
   6.8246899e-01  -5.7854999e-01
   8.4265299e-01  -4.0138900e-01
   9.4137099e-01  -1.7661700e-01
   9.6549199e-01   6.7241499e-02
   9.1824599e-01   3.0124900e-01
   8.1407799e-01   5.0577699e-01
   6.6880899e-01   6.7289099e-01
   4.9244099e-01   8.0077999e-01
   2.8960700e-01   8.8552799e-01
   6.6541399e-02   9.1735199e-01
  -1.6170100e-01   8.8472599e-01
  -3.7035600e-01   7.8353399e-01
  -5.3219599e-01   6.2423499e-01
  -6.2845899e-01   4.3118900e-01
  -6.5607699e-01   2.3395600e-01
  -6.2634799e-01   5.6207899e-02
  -5.5636699e-01  -9.0464699e-02
  -4.5964799e-01  -2.0429900e-01
  -3.4261300e-01  -2.8544800e-01
  -2.0887200e-01  -3.2926900e-01
  -6.7087799e-02  -3.2648900e-01
   6.4610799e-02  -2.7037000e-01
   1.6210100e-01  -1.6536800e-01
   2.0500200e-01  -3.0325000e-02
   1.8614000e-01   1.0691400e-01
   1.1417500e-01   2.2028700e-01
   7.6844299e-03   2.9461000e-01
  -1.1487200e-01   3.2718700e-01
  -2.4211900e-01   3.2176700e-01
  -3.6911500e-01   2.8027400e-01
  -4.9053699e-01   1.9913600e-01
  -5.9392699e-01   7.3231499e-02
  -6.5920299e-01  -9.5634399e-02
  -6.6579299e-01  -2.9258100e-01
  -6.0280099e-01  -4.9117299e-01
  -4.7508399e-01  -6.6238399e-01
  -3.0090400e-01  -7.8525799e-01
  -1.0287400e-01  -8.5229999e-01
   1.0135800e-01  -8.6655199e-01
   3.0235700e-01  -8.3342199e-01
   4.9457299e-01  -7.5403499e-01
   6.6880599e-01  -6.2540099e-01
   8.0826599e-01  -4.4714999e-01
   8.9220199e-01  -2.2933900e-01
   9.0519199e-01   5.3004099e-03
   8.4561899e-01   2.2727200e-01
   7.2721099e-01   4.1094100e-01
   5.7243199e-01   5.4292299e-01
   4.0235700e-01   6.2290999e-01
   2.3000900e-01   6.5716699e-01
   6.1281399e-02   6.5024199e-01
  -9.8310999e-02   6.0142599e-01
  -2.3725700e-01   5.0858599e-01
  -3.3785600e-01   3.7606100e-01
  -3.8317500e-01   2.1997700e-01
  -3.6644100e-01   6.6080599e-02
  -2.9605600e-01  -5.9265499e-02
  -1.9238500e-01  -1.3914700e-01
  -7.8412499e-02  -1.7059000e-01
   2.9310900e-02  -1.6091400e-01
   1.2346300e-01  -1.1930000e-01
   2.0139400e-01  -5.0229199e-02
   2.5772800e-01   4.6312999e-02
   2.8068900e-01   1.6841200e-01
   2.5571500e-01   3.0512000e-01
   1.7416400e-01   4.3491699e-01
   4.0765500e-02   5.3188299e-01
  -1.2587400e-01   5.7591699e-01
  -3.0046000e-01   5.6023799e-01
  -4.6109399e-01   4.9127799e-01
  -5.9549499e-01   3.8163800e-01
  -6.9966399e-01   2.4170500e-01
  -7.7106899e-01   7.6196999e-02
  -8.0247399e-01  -1.1214600e-01
  -7.8187899e-01  -3.1520200e-01
  -6.9914599e-01  -5.1488899e-01
  -5.5454399e-01  -6.8583499e-01
  -3.6268800e-01  -8.0427699e-01
  -1.4851600e-01  -8.5741799e-01
   6.2261699e-02  -8.4696399e-01
   2.5189500e-01  -7.8475099e-01
   4.1288199e-01  -6.8406199e-01
   5.4315299e-01  -5.5316299e-01
   6.3876899e-01  -3.9558000e-01
   6.9046499e-01  -2.1624600e-01
   6.8722199e-01  -2.7999000e-02
   6.2440099e-01   1.4746500e-01
   5.1025999e-01   2.8590000e-01
   3.6557000e-01   3.7024800e-01
   2.1602400e-01   3.9721899e-01
   8.2372699e-02   3.7632100e-01
  -2.5219600e-02   3.2236300e-01
  -1.0533100e-01   2.4710400e-01
  -1.5831500e-01   1.5600200e-01
  -1.8026200e-01   5.1920499e-02
  -1.6301900e-01  -5.7880099e-02
  -1.0048700e-01  -1.5768300e-01
   3.6152700e-03  -2.2625200e-01
   1.3273600e-01  -2.4543000e-01
   2.6210900e-01  -2.0865000e-01
   3.6829300e-01  -1.2346200e-01
   4.3735299e-01  -6.4391399e-03
   4.6648199e-01   1.2570100e-01
   4.5875799e-01   2.6239600e-01
   4.1579099e-01   3.9880499e-01
   3.3435700e-01   5.2981999e-01
   2.0980100e-01   6.4399899e-01
   4.3563799e-02   7.2300699e-01
  -1.5121700e-01   7.4785499e-01
  -3.5088300e-01   7.0798799e-01
  -5.2911899e-01   6.0685499e-01
  -6.6647499e-01   4.6003199e-01
  -7.5533199e-01   2.8728300e-01
  -7.9748399e-01   1.0424600e-01
  -7.9695099e-01  -8.0590099e-02
  -7.5402599e-01  -2.6214900e-01
  -6.6530499e-01  -4.3207599e-01
  -5.2964199e-01  -5.7511999e-01
  -3.5515600e-01  -6.7224599e-01
  -1.6141100e-01  -7.0886299e-01
   2.5674900e-02  -6.8248599e-01
   1.8324700e-01  -6.0430699e-01
   2.9908500e-01  -4.9349599e-01
   3.7251199e-01  -3.6823100e-01
   4.0875599e-01  -2.3968800e-01
   4.1156599e-01  -1.1272400e-01
   3.7997599e-01   8.1763899e-03
   3.1160700e-01   1.1316200e-01
   2.0970300e-01   1.8671100e-01
   8.7985099e-02   2.1372000e-01
  -3.1102200e-02   1.8790300e-01
  -1.2429700e-01   1.1640700e-01
  -1.7651900e-01   1.7144800e-02
  -1.8502600e-01  -8.9421899e-02
  -1.5633500e-01  -1.8838900e-01
  -9.8783699e-02  -2.7303800e-01
  -1.6621500e-02  -3.4090000e-01
   8.9926799e-02  -3.8718599e-01
   2.1901700e-01  -4.0141399e-01
   3.6080600e-01  -3.7050499e-01
   4.9594099e-01  -2.8650800e-01
   6.0091399e-01  -1.5333600e-01
   6.5715699e-01   1.2599700e-02
   6.5783599e-01   1.8864100e-01
   6.0795899e-01   3.5484800e-01
   5.1823499e-01   4.9964899e-01
   3.9761799e-01   6.1881599e-01
   2.5013600e-01   7.0947899e-01
   7.8071899e-02   7.6459499e-01
  -1.1148800e-01   7.7278299e-01
  -3.0247200e-01   7.2415999e-01
  -4.7204599e-01   6.1800599e-01
  -5.9846599e-01   4.6643199e-01
  -6.6947699e-01   2.9099100e-01
  -6.8564299e-01   1.1426600e-01
  -6.5662999e-01  -4.7960299e-02
  -5.9355399e-01  -1.8888400e-01
  -5.0317299e-01  -3.0651800e-01
  -3.8802899e-01  -3.9720099e-01
  -2.5186000e-01  -4.5243699e-01
  -1.0545700e-01  -4.6196299e-01
   3.2342600e-02  -4.2098399e-01
   1.4014600e-01  -3.3608700e-01
   2.0266400e-01  -2.2508700e-01
   2.1669700e-01  -1.1040600e-01
   1.9045000e-01  -1.0303000e-02
   1.3698600e-01   6.6265299e-02
   6.6769099e-02   1.1815200e-01
  -1.5326300e-02   1.4588300e-01
  -1.0683000e-01   1.4623000e-01
  -2.0145100e-01   1.1211100e-01
  -2.8536400e-01   3.8122999e-02
  -3.3968600e-01  -7.2504499e-02
  -3.4807299e-01  -2.0507700e-01
  -3.0436500e-01  -3.3738600e-01
  -2.1501500e-01  -4.4815099e-01
  -9.4706599e-02  -5.2438499e-01
   4.1499699e-02  -5.6299299e-01
   1.8385300e-01  -5.6624199e-01
   3.2765400e-01  -5.3523199e-01
   4.6799499e-01  -4.6681299e-01
   5.9431999e-01  -3.5651699e-01
   6.8980399e-01  -2.0525700e-01
   7.3682299e-01  -2.4416900e-02
   7.2506599e-01   1.6503200e-01
   6.5664299e-01   3.3941399e-01
   5.4460199e-01   4.8085699e-01
   4.0598199e-01   5.8184699e-01
   2.5439700e-01   6.4324299e-01
   9.7235199e-02   6.6796099e-01
  -6.1114599e-02   6.5563199e-01
  -2.1331500e-01   6.0254199e-01
  -3.4576599e-01   5.0687699e-01
  -4.4125199e-01   3.7502299e-01
  -4.8623499e-01   2.2366600e-01
  -4.7775899e-01   7.5409399e-02
  -4.2503399e-01  -4.9560099e-02
  -3.4451599e-01  -1.4029300e-01
  -2.5197100e-01  -1.9605300e-01
  -1.5704300e-01  -2.2140100e-01
  -6.3748899e-02  -2.1964600e-01
   2.4288700e-02  -1.8986200e-01
   9.8680898e-02  -1.2974200e-01
   1.4587800e-01  -4.1845199e-02
   1.5249900e-01   6.1966099e-02
   1.1283600e-01   1.6193900e-01
   3.3089399e-02   2.3737400e-01
  -7.0829899e-02   2.7467000e-01
  -1.8053400e-01   2.7116200e-01
  -2.8241200e-01   2.3253800e-01
  -3.7009499e-01   1.6627400e-01
  -4.4106999e-01   7.6326699e-02
  -4.9084499e-01  -3.6920099e-02
  -5.0986099e-01  -1.7169700e-01
  -4.8615599e-01  -3.1912599e-01
  -4.1219999e-01  -4.6174199e-01
  -2.9100300e-01  -5.7814999e-01
  -1.3683800e-01  -6.5109999e-01
   3.0184200e-02  -6.7365699e-01
   1.9207700e-01  -6.4945999e-01
   3.3810699e-01  -5.8739399e-01
   4.6401899e-01  -4.9495599e-01
   5.6677999e-01  -3.7535199e-01
   6.3962199e-01  -2.3024200e-01
   6.7180299e-01  -6.5568899e-02
   6.5373799e-01   1.0461900e-01
   5.8386599e-01   2.6001000e-01
   4.7206899e-01   3.8094399e-01
   3.3683099e-01   4.5594799e-01
   1.9782400e-01   4.8485099e-01
   6.8902599e-02   4.7563599e-01
  -4.3960799e-02   4.3768999e-01
  -1.3907600e-01   3.7659299e-01
  -2.1326900e-01   2.9413900e-01
  -2.5898000e-01   1.9311300e-01
  -2.6689900e-01   8.2553399e-02
  -2.3238900e-01  -2.1229300e-02
  -1.6084900e-01  -9.9424098e-02
  -6.7732599e-02  -1.3841900e-01
   2.7214400e-02  -1.3523700e-01
   1.0776300e-01  -9.7090398e-02
   1.6587600e-01  -3.5647099e-02
   2.0051000e-01   3.9605999e-02
   2.1221500e-01   1.2413000e-01
   1.9827000e-01   2.1559300e-01
   1.5247700e-01   3.0834099e-01
   7.0031899e-02   3.9000399e-01
  -4.6254899e-02   4.4358399e-01
  -1.8330400e-01   4.5415999e-01
  -3.2114499e-01   4.1577199e-01
  -4.4038099e-01   3.3372399e-01
  -5.2881499e-01   2.2084200e-01
  -5.8302299e-01   9.0519798e-02
  -6.0443599e-01  -4.8398099e-02
  -5.9354899e-01  -1.9150200e-01
  -5.4711099e-01  -3.3419699e-01
  -4.6064899e-01  -4.6682099e-01
  -3.3442599e-01  -5.7399199e-01
  -1.7807100e-01  -6.3938599e-01
  -9.9516898e-03  -6.5298299e-01
   1.4885900e-01  -6.1574699e-01
   2.8216300e-01  -5.3847099e-01
   3.8281199e-01  -4.3570399e-01
   4.5108299e-01  -3.1914099e-01
   4.8912199e-01  -1.9504400e-01
   4.9616399e-01  -6.7013599e-02
   4.6838699e-01   5.8708199e-02
   4.0352999e-01   1.7020600e-01
   3.0656199e-01   2.5213800e-01
   1.9168100e-01   2.9218100e-01
   7.8553799e-02   2.8725900e-01
  -1.5053800e-02   2.4510200e-01
  -7.9424199e-02   1.8000700e-01
  -1.1388900e-01   1.0580900e-01
  -1.2256500e-01   3.0980899e-02
  -1.0851800e-01  -4.1034199e-02
  -7.1038899e-02  -1.0722500e-01
  -8.0857699e-03  -1.6036900e-01
   7.8157399e-02  -1.8858200e-01
   1.7725000e-01  -1.7997200e-01
   2.7161500e-01  -1.2934500e-01
   3.4263499e-01  -4.2089999e-02
   3.7784899e-01   6.7626399e-02
   3.7449899e-01   1.8322100e-01
   3.3735999e-01   2.9218399e-01
   2.7296500e-01   3.8838699e-01
   1.8484100e-01   4.6917699e-01
   7.3358799e-02   5.3019199e-01
  -5.9902099e-02   5.6255299e-01
  -2.0702100e-01   5.5513599e-01
  -3.5230299e-01   5.0064599e-01
  -4.7632099e-01   4.0113099e-01
  -5.6308499e-01   2.6878400e-01
  -6.0563199e-01   1.2124200e-01
  -6.0641899e-01  -2.5480900e-02
  -5.7268399e-01  -1.6164100e-01
  -5.1056299e-01  -2.8318899e-01
  -4.2243399e-01  -3.8715899e-01
  -3.0928399e-01  -4.6722399e-01
  -1.7589900e-01  -5.1339399e-01
  -3.4357999e-02  -5.1652099e-01
   9.7474798e-02  -4.7445699e-01
   2.0204300e-01  -3.9522899e-01
   2.6884100e-01  -2.9465199e-01
   2.9732199e-01  -1.8981900e-01
   2.9423299e-01  -9.2827098e-02
   2.6765900e-01  -8.8292998e-03
   2.2234400e-01   6.0849899e-02
   1.5962200e-01   1.1359000e-01
   8.1618099e-02   1.4281800e-01
  -4.0204799e-03   1.4025900e-01
  -8.3100798e-02   1.0163800e-01
  -1.3903200e-01   3.1529999e-02
  -1.5966500e-01  -5.6479299e-02
  -1.4223200e-01  -1.4481900e-01
  -9.3082098e-02  -2.1887800e-01
  -2.2680200e-02  -2.7125800e-01
   6.0312699e-02  -3.0083099e-01
   1.5158900e-01  -3.0799299e-01
   2.4884200e-01  -2.9029699e-01
   3.4685799e-01  -2.4218800e-01
   4.3442499e-01  -1.5927400e-01
   4.9607999e-01  -4.3899999e-02
   5.1804099e-01   9.2370598e-02
   4.9438699e-01   2.3164000e-01
   4.2925699e-01   3.5626799e-01
   3.3364599e-01   4.5483399e-01
   2.1927100e-01   5.2366199e-01
   9.3957598e-02   5.6344799e-01
  -3.8347999e-02   5.7411699e-01
  -1.7352000e-01   5.5226999e-01
  -3.0287599e-01   4.9335199e-01
  -4.1249099e-01   3.9695799e-01
  -4.8738299e-01   2.7104099e-01
  -5.1796799e-01   1.3149300e-01
  -5.0434199e-01  -3.1256599e-03
  -4.5540199e-01  -1.1834000e-01
  -3.8354299e-01  -2.0757900e-01
  -2.9876399e-01  -2.7084599e-01
  -2.0629300e-01  -3.0984199e-01
  -1.0898300e-01  -3.2366899e-01
  -1.2022800e-02  -3.0862599e-01
   7.4283299e-02  -2.6227400e-01
   1.3641100e-01  -1.8851800e-01
   1.6331500e-01  -9.9511098e-02
   1.5203300e-01  -1.2428600e-02
   1.0920800e-01   5.7050499e-02
   4.7429299e-02   1.0027700e-01
  -2.0982200e-02   1.1664300e-01
  -8.8404298e-02   1.0988200e-01
  -1.5171700e-01   8.2876598e-02
  -2.0825800e-01   3.5164899e-02
  -2.5166500e-01  -3.4966299e-02
  -2.7137099e-01  -1.2554900e-01
  -2.5668800e-01  -2.2726800e-01
  -2.0278100e-01  -3.2434099e-01
  -1.1424300e-01  -3.9987599e-01
  -3.6151899e-03  -4.4230199e-01
   1.1419900e-01  -4.4863999e-01
   2.2773700e-01  -4.2270299e-01
   3.3113399e-01  -3.7001399e-01
   4.2162199e-01  -2.9352799e-01
   4.9494399e-01  -1.9342800e-01
   5.4278599e-01  -7.0956299e-02
   5.5472399e-01   6.6977499e-02
   5.2361199e-01   2.0641600e-01
   4.5056899e-01   3.2984999e-01
   3.4583099e-01   4.2258499e-01
   2.2468100e-01   4.7779999e-01
   1.0119100e-01   4.9703099e-01
  -1.5984900e-02   4.8614599e-01
  -1.2320100e-01   4.5012199e-01
  -2.1776500e-01   3.9061799e-01
  -2.9395399e-01   3.0801999e-01
  -3.4266199e-01   2.0605700e-01
  -3.5535699e-01   9.4995898e-02
  -3.2958899e-01  -9.5864598e-03
  -2.7192699e-01  -9.2156898e-02
  -1.9597500e-01  -1.4326300e-01
  -1.1664000e-01  -1.6223400e-01
  -4.4523999e-02  -1.5492200e-01
   1.5910100e-02  -1.2846000e-01
   6.3644899e-02  -8.7046398e-02
   9.6556598e-02  -3.1807299e-02
   1.0898100e-01   3.5513399e-02
   9.3639498e-02   1.0830500e-01
   4.6683699e-02   1.7408200e-01
  -2.7910199e-02   2.1808400e-01
  -1.1808000e-01   2.2935600e-01
  -2.0805600e-01   2.0522700e-01
  -2.8453699e-01   1.5120600e-01
  -3.4056499e-01   7.6614598e-02
  -3.7478899e-01  -1.0684900e-02
  -3.8730699e-01  -1.0663600e-01
  -3.7574699e-01  -2.0897100e-01
  -3.3496199e-01  -3.1285999e-01
  -2.6077599e-01  -4.0808599e-01
  -1.5498200e-01  -4.8051999e-01
  -2.7653099e-02  -5.1734999e-01
   1.0530400e-01  -5.1264399e-01
   2.2797200e-01  -4.6942999e-01
   3.2977799e-01  -3.9696499e-01
   4.0696399e-01  -3.0532599e-01
   4.5967599e-01  -2.0126500e-01
   4.8741099e-01  -8.8134998e-02
   4.8668699e-01   3.0538599e-02
   4.5291299e-01   1.4713000e-01
   3.8510099e-01   2.4921199e-01
   2.8970199e-01   3.2320799e-01
   1.8034900e-01   3.6014199e-01
   7.3260698e-02   3.5955099e-01
  -1.8768700e-02   3.2883199e-01
  -8.9855898e-02   2.7860399e-01
  -1.3994900e-01   2.1746400e-01
  -1.7053700e-01   1.4980200e-01
  -1.8079800e-01   7.7860398e-02
  -1.6734500e-01   5.9246199e-03
  -1.2778900e-01  -5.7130599e-02
  -6.5306199e-02  -9.9439598e-02
   9.5706398e-03  -1.1117700e-01
   8.1715598e-02  -8.9596898e-02
   1.3717300e-01  -4.0504399e-02
   1.6813900e-01   2.4895099e-02
   1.7397100e-01   9.5500698e-02
   1.5797700e-01   1.6431300e-01
   1.2281100e-01   2.2835200e-01
   6.8179799e-02   2.8510799e-01
  -7.3581298e-03   3.2881399e-01
  -1.0201700e-01   3.4991699e-01
  -2.0745400e-01   3.3865599e-01
  -3.0944999e-01   2.9038799e-01
  -3.9261199e-01   2.0887400e-01
  -4.4612099e-01   1.0507600e-01
  -4.6674999e-01  -7.7349298e-03
  -4.5736999e-01  -1.1917300e-01
  -4.2249299e-01  -2.2373600e-01
  -3.6442999e-01  -3.1866699e-01
  -2.8305099e-01  -3.9988199e-01
  -1.7914900e-01  -4.5963599e-01
  -5.8579699e-02  -4.8818399e-01
   6.6412999e-02  -4.7855599e-01
   1.8021600e-01  -4.3106599e-01
   2.6949399e-01  -3.5419799e-01
   3.2775999e-01  -2.6108599e-01
   3.5592099e-01  -1.6397200e-01
   3.5879199e-01  -7.0407098e-02
   3.4045199e-01   1.6468900e-02
   3.0203099e-01   9.4366698e-02
   2.4347299e-01   1.5827200e-01
   1.6764000e-01   2.0005500e-01
   8.3228698e-02   2.1194000e-01
   3.7830399e-03   1.9142300e-01
  -5.7011099e-02   1.4399400e-01
  -9.0723598e-02   8.1474198e-02
  -9.6680798e-02   1.6986700e-02
  -8.0061998e-02  -4.0068599e-02
  -4.7272499e-02  -8.5728898e-02
  -2.1593100e-03  -1.1915000e-01
   5.4191299e-02  -1.3856200e-01
   1.2021100e-01  -1.3904700e-01
   1.9004200e-01  -1.1417900e-01
   2.5255099e-01  -6.0492299e-02
   2.9445899e-01   1.8544600e-02
   3.0574399e-01   1.1219000e-01
   2.8370299e-01   2.0624100e-01
   2.3297699e-01   2.8852699e-01
   1.6174300e-01   3.5242899e-01
   7.7020798e-02   3.9633099e-01
  -1.7475700e-02   4.1996699e-01
  -1.1961600e-01   4.2092199e-01
  -2.2498799e-01   3.9428599e-01
  -3.2432999e-01   3.3595699e-01
  -4.0475699e-01   2.4710899e-01
  -4.5437899e-01   1.3635600e-01
  -4.6729899e-01   1.7671900e-02
  -4.4557299e-01  -9.4737598e-02
  -3.9689599e-01  -1.9124400e-01
  -3.2982899e-01  -2.6819899e-01
  -2.5007799e-01  -3.2542699e-01
  -1.6036100e-01  -3.6218899e-01
  -6.3545499e-02  -3.7505599e-01
   3.3819099e-02  -3.5952299e-01
   1.2079900e-01  -3.1419199e-01
   1.8525400e-01  -2.4425399e-01
   2.1895799e-01  -1.6137600e-01
   2.2116199e-01  -7.9691798e-02
   1.9812400e-01  -1.0452400e-02
   1.5906200e-01   4.1145799e-02
   1.1147900e-01   7.5094898e-02
   5.9153999e-02   9.2800498e-02
   3.9117499e-03   9.3628398e-02
  -5.0653299e-02   7.4604698e-02
  -9.6851598e-02   3.3549299e-02
  -1.2423900e-01  -2.6838799e-02
  -1.2405800e-01  -9.7296098e-02
  -9.3769998e-02  -1.6436300e-01
  -3.8461999e-02  -2.1547699e-01
   3.1858399e-02  -2.4346299e-01
   1.0713800e-01  -2.4752399e-01
   1.8088600e-01  -2.3046899e-01
   2.5017899e-01  -1.9461800e-01
   3.1255399e-01  -1.3971600e-01
   3.6266999e-01  -6.4469598e-02
   3.9176899e-01   2.9571899e-02
   3.9080499e-01   1.3499200e-01
   3.5520399e-01   2.3901599e-01
   2.8787199e-01   3.2764299e-01
   1.9824000e-01   3.9077699e-01
   9.7969998e-02   4.2500099e-01
  -3.6713399e-03   4.3235799e-01
  -1.0167200e-01   4.1642999e-01
  -1.9343700e-01   3.7890399e-01
  -2.7517899e-01   3.1929699e-01
  -3.3978999e-01   2.3791699e-01
  -3.7825599e-01   1.3958400e-01
  -3.8388799e-01   3.4891299e-02
  -3.5639199e-01  -6.2388698e-02
  -3.0276999e-01  -1.4031100e-01
  -2.3427899e-01  -1.9288000e-01
  -1.6153100e-01  -2.2064199e-01
  -9.1059198e-02  -2.2765099e-01
  -2.5494299e-02  -2.1735199e-01
   3.3307399e-02  -1.9056100e-01
   8.1054798e-02  -1.4697400e-01
   1.1060600e-01  -8.8818098e-02
   1.1500100e-01  -2.3510199e-02
   9.1859898e-02   3.7133099e-02
   4.5879599e-02   8.1024398e-02
  -1.2534100e-02   1.0063300e-01
  -7.1698898e-02   9.5294598e-02
  -1.2314700e-01   6.9612598e-02
  -1.6323000e-01   2.9376499e-02
  -1.9112500e-01  -2.1837899e-02
  -2.0525099e-01  -8.2915798e-02
  -2.0123500e-01  -1.5236000e-01
  -1.7331200e-01  -2.2488099e-01
  -1.1828700e-01  -2.9044199e-01
  -3.9119399e-02  -3.3697999e-01
   5.4673599e-02  -3.5520699e-01
   1.5033500e-01  -3.4229399e-01
   2.3674799e-01  -3.0199699e-01
   3.0763699e-01  -2.4134599e-01
   3.6116299e-01  -1.6647000e-01
   3.9673099e-01  -8.0633998e-02
   4.1184799e-01   1.4290500e-02
   4.0177499e-01   1.1439000e-01
   3.6241499e-01   2.1137499e-01
   2.9432999e-01   2.9358999e-01
   2.0474199e-01   3.5009299e-01
   1.0579000e-01   3.7513699e-01
   1.0010100e-02   3.7001499e-01
  -7.3978998e-02   3.4109699e-01
  -1.4280200e-01   2.9562599e-01
  -1.9616700e-01   2.3837899e-01
  -2.3328699e-01   1.7148700e-01
  -2.5094099e-01   9.7195898e-02
  -2.4485899e-01   2.1036399e-02
  -2.1342999e-01  -4.7472899e-02
  -1.6086700e-01  -9.7589698e-02
  -9.7199798e-02  -1.2190400e-01
  -3.4781899e-02  -1.1957300e-01
   1.6466400e-02  -9.6009798e-02
   5.1946799e-02  -5.9337498e-02
   7.1692298e-02  -1.6231300e-02
   7.7049098e-02   2.9931599e-02
   6.7579098e-02   7.7554898e-02
   4.0731099e-02   1.2351900e-01
  -5.4115499e-03   1.6106100e-01
  -6.8475198e-02   1.8089400e-01
  -1.4021900e-01   1.7513200e-01
  -2.0856299e-01   1.4135900e-01
  -2.6208799e-01   8.3975098e-02
  -2.9408199e-01   1.1875000e-02
  -3.0350999e-01  -6.5866898e-02
  -2.9261599e-01  -1.4324700e-01
  -2.6330199e-01  -2.1741299e-01
  -2.1521699e-01  -2.8593999e-01
  -1.4707600e-01  -3.4384099e-01
  -6.0107998e-02  -3.8303199e-01
   3.9199499e-02  -3.9506699e-01
   1.3947100e-01  -3.7538699e-01
   2.2806099e-01  -3.2607999e-01
   2.9563199e-01  -2.5512699e-01
   3.3870999e-01  -1.7264800e-01
   3.5868299e-01  -8.6775598e-02
   3.5835699e-01  -1.9369299e-03
   3.3889699e-01   7.9565798e-02
   2.9951299e-01   1.5435700e-01
   2.4007999e-01   2.1604699e-01
   1.6447200e-01   2.5642599e-01
   8.1763598e-02   2.6921699e-01
   4.0030099e-03   2.5373999e-01
  -5.8219198e-02   2.1581299e-01
  -9.9488597e-02   1.6512900e-01
  -1.2017600e-01   1.1091700e-01
  -1.2381100e-01   5.8852898e-02
  -1.1342000e-01   1.1138000e-02
  -8.9684998e-02  -3.0745599e-02
  -5.2233299e-02  -6.3158398e-02
  -2.8788499e-03  -7.9870898e-02
   5.1957399e-02  -7.4714598e-02
   1.0187200e-01  -4.5505999e-02
   1.3610300e-01   3.6571999e-03
   1.4784900e-01   6.3527598e-02
   1.3639700e-01   1.2360400e-01
   1.0578700e-01   1.7615200e-01
   6.1212898e-02   2.1769899e-01
   5.9732498e-03   2.4732999e-01
  -5.8811198e-02   2.6350799e-01
  -1.3170400e-01   2.6222499e-01
  -2.0789899e-01   2.3819499e-01
  -2.7830799e-01   1.8835899e-01
  -3.3191799e-01   1.1513100e-01
  -3.6005999e-01   2.6842399e-02
  -3.5975199e-01  -6.5139598e-02
  -3.3389999e-01  -1.5074600e-01
  -2.8842699e-01  -2.2410799e-01
  -2.2856299e-01  -2.8327699e-01
  -1.5705000e-01  -3.2742699e-01
  -7.5407798e-02  -3.5404499e-01
   1.3021700e-02  -3.5856999e-01
   1.0094300e-01  -3.3693699e-01
   1.7793800e-01  -2.8916499e-01
   2.3406099e-01  -2.2122399e-01
   2.6385299e-01  -1.4357200e-01
   2.6807499e-01  -6.7173798e-02
   2.5203999e-01   3.5947399e-04
   2.2191499e-01   5.6021298e-02
   1.8172199e-01   9.9547197e-02
   1.3312300e-01   1.3024200e-01
   7.7850398e-02   1.4521300e-01
   2.0549999e-02   1.4054700e-01
  -3.0526399e-02   1.1460500e-01
  -6.5919798e-02   7.0881998e-02
  -7.9015098e-02   1.8092399e-02
  -6.8978698e-02  -3.2879499e-02
  -4.0565799e-02  -7.3207498e-02
  -1.0254100e-03  -9.8752197e-02
   4.3606299e-02  -1.0952000e-01
   9.0205097e-02  -1.0674800e-01
   1.3726400e-01  -9.0129897e-02
   1.8196399e-01  -5.7465598e-02
   2.1824199e-01  -7.0720398e-03
   2.3773199e-01   5.8947898e-02
   2.3322299e-01   1.3323500e-01
   2.0231999e-01   2.0490199e-01
   1.4872700e-01   2.6352199e-01
   8.0253898e-02   3.0275699e-01
   5.0088599e-03   3.2130899e-01
  -7.1534298e-02   3.2085599e-01
  -1.4666700e-01   3.0283399e-01
  -2.1806299e-01   2.6670899e-01
  -2.8109999e-01   2.1110499e-01
  -3.2833399e-01   1.3686200e-01
  -3.5188799e-01   4.9530799e-02
  -3.4724399e-01  -4.0876799e-02
  -3.1576999e-01  -1.2305500e-01
  -2.6414099e-01  -1.8849299e-01
  -2.0105599e-01  -2.3380299e-01
  -1.3355800e-01  -2.5991799e-01
  -6.5462198e-02  -2.6906899e-01
   1.2974700e-03  -2.6203799e-01
   6.3824498e-02  -2.3784599e-01
   1.1649100e-01  -1.9604499e-01
   1.5194700e-01  -1.3971600e-01
   1.6443100e-01  -7.6607198e-02
   1.5308000e-01  -1.7223899e-02
   1.2280700e-01   2.9091299e-02
   8.2044698e-02   5.7507298e-02
   3.8903699e-02   6.8322298e-02
  -1.6166500e-03   6.4684698e-02
  -3.7612499e-02   4.9342499e-02
  -6.7863698e-02   2.2959599e-02
  -8.9252297e-02  -1.4783600e-02
  -9.6323397e-02  -6.2315398e-02
  -8.3600998e-02  -1.1397400e-01
  -4.9088899e-02  -1.6049600e-01
   3.6226999e-03  -1.9219599e-01
   6.6286398e-02  -2.0282899e-01
   1.2942100e-01  -1.9155499e-01
   1.8590899e-01  -1.6182400e-01
   2.3239099e-01  -1.1821100e-01
   2.6780899e-01  -6.3680398e-02
   2.9058499e-01   7.1756198e-04
   2.9695399e-01   7.3661398e-02
   2.8196499e-01   1.5082100e-01
   2.4259899e-01   2.2399199e-01
   1.8069499e-01   2.8313399e-01
   1.0343100e-01   3.2016499e-01
   2.0821099e-02   3.3198999e-01
  -5.8122998e-02   3.2076599e-01
  -1.2802700e-01   2.9140399e-01
  -1.8696699e-01   2.4828599e-01
  -2.3401899e-01   1.9362599e-01
  -2.6675199e-01   1.2855100e-01
  -2.8085299e-01   5.5810198e-02
  -2.7236399e-01  -1.8287099e-02
  -2.4089699e-01  -8.4543097e-02
  -1.9135999e-01  -1.3403400e-01
  -1.3273300e-01  -1.6171000e-01
  -7.4575398e-02  -1.6800499e-01
  -2.3562199e-02  -1.5743200e-01
   1.7685099e-02  -1.3532200e-01
   4.8995299e-02  -1.0513200e-01
   6.9832598e-02  -6.8207098e-02
   7.7686498e-02  -2.5912199e-02
   6.9069798e-02   1.7816799e-02
   4.2439299e-02   5.5797498e-02
   7.8393998e-04   7.9683998e-02
  -4.8230599e-02   8.3565397e-02
  -9.4914497e-02   6.6631998e-02
  -1.3131700e-01   3.3079699e-02
  -1.5361500e-01  -1.0592200e-02
  -1.6170200e-01  -5.8882698e-02
  -1.5662900e-01  -1.0884900e-01
  -1.3811800e-01  -1.5900400e-01
  -1.0421000e-01  -2.0672299e-01
  -5.3370798e-02  -2.4648699e-01
   1.2580400e-02  -2.7066599e-01
   8.7103497e-02  -2.7257399e-01
   1.6041100e-01  -2.4976299e-01
   2.2298999e-01  -2.0523099e-01
   2.6886699e-01  -1.4572900e-01
   2.9652599e-01  -7.8395098e-02
   3.0713099e-01  -8.1188797e-03
   3.0167699e-01   6.2630398e-02
   2.7942699e-01   1.3171500e-01
   2.3886699e-01   1.9493199e-01
   1.8043399e-01   2.4549599e-01
   1.0877100e-01   2.7612399e-01
   3.2582599e-02   2.8242199e-01
  -3.8132599e-02   2.6518699e-01
  -9.5726397e-02   2.2997899e-01
  -1.3703000e-01   1.8424899e-01
  -1.6270699e-01   1.3406500e-01
  -1.7459799e-01   8.2665797e-02
  -1.7326299e-01   3.1616199e-02
  -1.5766400e-01  -1.6668899e-02
  -1.2717200e-01  -5.7311798e-02
  -8.4259397e-02  -8.3816197e-02
  -3.5573299e-02  -9.0995197e-02
   9.7024097e-03  -7.7946198e-02
   4.3311399e-02  -4.8902798e-02
   6.0939898e-02  -1.1293200e-02
   6.2833598e-02   2.7659999e-02
   5.1821898e-02   6.3457698e-02
   3.0431499e-02   9.4364997e-02
  -6.4997298e-04   1.1929800e-01
  -4.1639099e-02   1.3551000e-01
  -9.1108397e-02   1.3815700e-01
  -1.4399200e-01   1.2231900e-01
  -1.9195899e-01   8.6122697e-02
  -2.2621099e-01   3.2671899e-02
  -2.4092399e-01  -3.0706499e-02
  -2.3507299e-01  -9.5471097e-02
  -2.1149799e-01  -1.5508100e-01
  -1.7413099e-01  -2.0629599e-01
  -1.2553600e-01  -2.4792799e-01
  -6.6605298e-02  -2.7835199e-01
   1.5327100e-03  -2.9398299e-01
   7.5056398e-02  -2.9013599e-01
   1.4662800e-01  -2.6378499e-01
   2.0715999e-01  -2.1620999e-01
   2.4917999e-01  -1.5349100e-01
   2.6957099e-01  -8.4353597e-02
   2.6988399e-01  -1.6757999e-02
   2.5417299e-01   4.4479199e-02
   2.2607999e-01   9.7578897e-02
   1.8734299e-01   1.4164800e-01
   1.3872600e-01   1.7443899e-01
   8.2419597e-02   1.9197499e-01
   2.3812099e-02   1.9050799e-01
  -2.9053599e-02   1.6939599e-01
  -6.8256498e-02   1.3269900e-01
  -8.9221297e-02   8.8160297e-02
  -9.2210597e-02   4.4131199e-02
  -8.1141697e-02   6.4801398e-03
  -6.0710798e-02  -2.2506799e-02
  -3.3979499e-02  -4.2745099e-02
  -2.1164999e-03  -5.3854498e-02
   3.3734599e-02  -5.3692698e-02
   7.0167598e-02  -3.9199899e-02
   1.0086300e-01  -8.9846797e-03
   1.1839500e-01   3.4337799e-02
   1.1742800e-01   8.3952997e-02
   9.7135197e-02   1.3115800e-01
   6.1183598e-02   1.6870899e-01
   1.5374899e-02   1.9299199e-01
  -3.5292799e-02   2.0372099e-01
  -8.8055097e-02   2.0169299e-01
  -1.4144600e-01   1.8656499e-01
  -1.9299799e-01   1.5650299e-01
  -2.3765399e-01   1.1002500e-01
  -2.6841099e-01   4.8624498e-02
  -2.7902099e-01  -2.1959599e-02
  -2.6695099e-01  -9.2994897e-02
  -2.3452699e-01  -1.5586199e-01
  -1.8748899e-01  -2.0499199e-01
  -1.3202800e-01  -2.3874199e-01
  -7.2415198e-02  -2.5786699e-01
  -1.0804400e-02  -2.6300599e-01
   5.0936998e-02  -2.5325099e-01
   1.0908200e-01  -2.2697699e-01
   1.5753599e-01  -1.8425199e-01
   1.8965999e-01  -1.2889400e-01
   2.0128099e-01  -6.8403498e-02
   1.9279899e-01  -1.1547000e-02
   1.6886999e-01   3.4884899e-02
   1.3590400e-01   6.8020698e-02
   9.9146397e-02   8.8389397e-02
   6.1352498e-02   9.7590997e-02
   2.3776699e-02   9.6095697e-02
  -1.1589300e-02   8.2917697e-02
  -4.0545999e-02   5.7382998e-02
  -5.7390298e-02   2.1531699e-02
  -5.7499698e-02  -1.8867499e-02
  -4.0007099e-02  -5.5722298e-02
  -8.6199997e-03  -8.1678997e-02
   3.0050199e-02  -9.2836097e-02
   6.9497798e-02  -8.9353697e-02
   1.0559400e-01  -7.3742697e-02
   1.3667400e-01  -4.8303698e-02
   1.6168899e-01  -1.3726600e-02
   1.7813299e-01   3.0116699e-02
   1.8162099e-01   8.1914997e-02
   1.6764999e-01   1.3711000e-01
   1.3438800e-01   1.8817599e-01
   8.4444297e-02   2.2707399e-01
   2.4257999e-02   2.4833299e-01
  -3.8536999e-02   2.5072099e-01
  -9.7987097e-02   2.3648899e-01
  -1.5102199e-01   2.0892499e-01
  -1.9639099e-01   1.7016299e-01
  -2.3246299e-01   1.2086600e-01
  -2.5584199e-01   6.1907498e-02
  -2.6209899e-01  -3.4296499e-03
  -2.4821499e-01  -6.8673398e-02
  -2.1496999e-01  -1.2568400e-01
  -1.6745499e-01  -1.6763999e-01
  -1.1320500e-01  -1.9151499e-01
  -5.9179598e-02  -1.9841899e-01
  -9.6184097e-03  -1.9172299e-01
   3.3916299e-02  -1.7447399e-01
   7.0652798e-02  -1.4803599e-01
   9.8603297e-02  -1.1288800e-01
   1.1419400e-01  -7.0750097e-02
   1.1397700e-01  -2.6201099e-02
   9.7198097e-02   1.3754400e-02
   6.7273698e-02   4.2124199e-02
   3.0942399e-02   5.4810598e-02
  -4.4384098e-03   5.1992098e-02
  -3.3657499e-02   3.7127499e-02
  -5.4675798e-02   1.4421599e-02
  -6.7440798e-02  -1.3341200e-02
  -7.1673497e-02  -4.5068898e-02
  -6.5533698e-02  -7.9725697e-02
  -4.6332998e-02  -1.1428500e-01
  -1.2823500e-02  -1.4310799e-01
   3.2691099e-02  -1.5950699e-01
   8.4127797e-02  -1.5859299e-01
   1.3363600e-01  -1.3946199e-01
   1.7457399e-01  -1.0525000e-01
   2.0348299e-01  -6.1071098e-02
   2.1987299e-01  -1.1411000e-02
   2.2425799e-01   4.1185299e-02
   2.1617399e-01   9.5319297e-02
   1.9382399e-01   1.4870399e-01
   1.5570499e-01   1.9671699e-01
   1.0294900e-01   2.3294099e-01
   4.0504099e-02   2.5154099e-01
  -2.3921899e-02   2.4992199e-01
  -8.2602597e-02   2.2980999e-01
  -1.3042900e-01   1.9603099e-01
  -1.6574099e-01   1.5388899e-01
  -1.8901899e-01   1.0704800e-01
  -2.0065099e-01   5.7313498e-02
  -1.9964299e-01   6.2372198e-03
  -1.8432099e-01  -4.2956898e-02
  -1.5447399e-01  -8.4883297e-02
  -1.1321600e-01  -1.1357600e-01
  -6.6986998e-02  -1.2517300e-01
  -2.3444899e-02  -1.1983100e-01
   1.1419100e-02  -1.0150900e-01
   3.5048999e-02  -7.5780097e-02
   4.7914798e-02  -4.7233298e-02
   5.1466498e-02  -1.8259599e-02
   4.6163098e-02   1.0105100e-02
   3.1146199e-02   3.6194899e-02
   5.7876498e-03   5.6375998e-02
  -2.8160999e-02   6.5631198e-02
  -6.5620598e-02   5.9840098e-02
  -9.9386496e-02   3.8181999e-02
  -1.2283500e-01   3.9198399e-03
  -1.3236900e-01  -3.7036199e-02
  -1.2800800e-01  -7.8791797e-02
  -1.1191900e-01  -1.1751700e-01
  -8.6137697e-02  -1.5156899e-01
  -5.1299098e-02  -1.7987699e-01
  -7.3068797e-03  -2.0009199e-01
   4.4665598e-02  -2.0816999e-01
   1.0053900e-01  -1.9992099e-01
   1.5352699e-01  -1.7349099e-01
   1.9629099e-01  -1.3098200e-01
   2.2369299e-01  -7.7973997e-02
   2.3433199e-01  -2.1210499e-02
   2.2992599e-01   3.3966299e-02
   2.1316999e-01   8.4725597e-02
   1.8577499e-01   1.2984400e-01
   1.4815199e-01   1.6775499e-01
   1.0089500e-01   1.9529799e-01
   4.6743798e-02   2.0833199e-01
  -8.6720497e-03   2.0390099e-01
  -5.8144698e-02   1.8239199e-01
  -9.5532696e-02   1.4804499e-01
  -1.1799700e-01   1.0734400e-01
  -1.2635900e-01   6.6347197e-02
  -1.2348000e-01   2.8748899e-02
  -1.1195800e-01  -4.1236398e-03
  -9.2905296e-02  -3.1656099e-02
  -6.6614397e-02  -5.2150798e-02
  -3.4455199e-02  -6.2461998e-02
  -3.3762199e-04  -5.9490098e-02
   2.9622099e-02  -4.2477398e-02
   4.9243198e-02  -1.4360899e-02
   5.4857198e-02   1.8926199e-02
   4.6582998e-02   5.0831198e-02
   2.7492199e-02   7.6656997e-02
   1.3765099e-03   9.4517296e-02
  -2.9197299e-02   1.0432200e-01
  -6.3165898e-02   1.0581800e-01
  -9.9539596e-02   9.7375796e-02
  -1.3557099e-01   7.6589697e-02
  -1.6616399e-01   4.2305998e-02
  -1.8523399e-01  -3.4735999e-03
  -1.8822999e-01  -5.5338098e-02
  -1.7412899e-01  -1.0621700e-01
  -1.4552699e-01  -1.5002499e-01
  -1.0686200e-01  -1.8345599e-01
  -6.2083598e-02  -2.0584099e-01
  -1.3464199e-02  -2.1743199e-01
   3.7730799e-02  -2.1762699e-01
   8.9439796e-02  -2.0463399e-01
   1.3749399e-01  -1.7689099e-01
   1.7605599e-01  -1.3516499e-01
   1.9971799e-01  -8.3646197e-02
   2.0589099e-01  -2.9061899e-02
   1.9581299e-01   2.1740599e-02
   1.7351999e-01   6.4155597e-02
   1.4353699e-01   9.6606396e-02
   1.0897600e-01   1.1941800e-01
   7.1309397e-02   1.3284399e-01
   3.1779599e-02   1.3589499e-01
  -6.8799197e-03   1.2693399e-01
  -3.9967898e-02   1.0557600e-01
  -6.2189798e-02   7.4377897e-02
  -7.0044297e-02   3.8888298e-02
  -6.3564997e-02   5.8093898e-03
  -4.6179798e-02  -1.9566099e-02
  -2.2800199e-02  -3.4965199e-02
   2.4911199e-03  -4.0815998e-02
   2.7554099e-02  -3.8451398e-02
   5.1474598e-02  -2.8344399e-02
   7.2805997e-02  -9.7847696e-03
   8.8353896e-02   1.7766899e-02
   9.3659196e-02   5.2758298e-02
   8.5010397e-02   9.0662796e-02
   6.1602198e-02   1.2500599e-01
   2.6281199e-02   1.4976199e-01
  -1.5685999e-02   1.6154699e-01
  -5.8967898e-02   1.6020399e-01
  -1.0001500e-01   1.4752799e-01
  -1.3720799e-01   1.2525099e-01
  -1.6944899e-01   9.3890496e-02
  -1.9450899e-01   5.3313598e-02
  -2.0862699e-01   4.5116298e-03
  -2.0785999e-01  -4.8916998e-02
  -1.9030399e-01  -1.0090200e-01
  -1.5757499e-01  -1.4478599e-01
  -1.1443500e-01  -1.7578699e-01
  -6.6768297e-02  -1.9240399e-01
  -1.9294899e-02  -1.9591899e-01
   2.5451399e-02  -1.8852099e-01
   6.6353497e-02  -1.7154899e-01
   1.0198400e-01  -1.4519199e-01
   1.2947099e-01  -1.0977700e-01
   1.4501199e-01  -6.7540997e-02
   1.4578799e-01  -2.3327199e-02
   1.3191399e-01   1.6539599e-02
   1.0693700e-01   4.6593798e-02
   7.6456797e-02   6.4244297e-02
   4.5756998e-02   7.0142697e-02
   1.8061499e-02   6.6774697e-02
  -5.5072298e-03   5.6424198e-02
  -2.4478999e-02   4.0053098e-02
  -3.7427398e-02   1.7868699e-02
  -4.1613398e-02  -8.9944496e-03
  -3.4289299e-02  -3.7147998e-02
  -1.4746299e-02  -6.1205597e-02
   1.4444399e-02  -7.5662597e-02
   4.8005998e-02  -7.7199597e-02
   8.0046197e-02  -6.5858197e-02
   1.0627100e-01  -4.4344598e-02
   1.2487399e-01  -1.6063899e-02
   1.3567199e-01   1.6624799e-02
   1.3836799e-01   5.2688798e-02
   1.3145499e-01   9.1172396e-02
   1.1272100e-01   1.2955999e-01
   8.1041197e-02   1.6321999e-01
   3.8100498e-02   1.8657699e-01
  -1.1337700e-02   1.9536199e-01
