   3.0188000e+00   5.4468300e-05
   2.9312900e+00   6.7196500e-01
   2.6628800e+00   1.2581900e+00
   2.2887300e+00   1.7125000e+00
   1.8784600e+00   2.0483400e+00
   1.4564100e+00   2.3091000e+00
   1.0005800e+00   2.5199800e+00
   4.7992300e-01   2.6587900e+00
  -1.0003300e-01   2.6683200e+00
  -6.7917600e-01   2.5010500e+00
  -1.1675500e+00   2.1620500e+00
  -1.4954100e+00   1.7169000e+00
  -1.6518500e+00   1.2579600e+00
  -1.6837200e+00   8.5315100e-01
  -1.6562200e+00   5.1479400e-01
  -1.6051700e+00   2.1034900e-01
  -1.5168400e+00  -9.4516500e-02
  -1.3496400e+00  -3.9455000e-01
  -1.0803100e+00  -6.3752300e-01
  -7.3821000e-01  -7.5701300e-01
  -4.0056800e-01  -7.2080600e-01
  -1.5095000e-01  -5.5820700e-01
  -3.1148900e-02  -3.4526600e-01
  -2.1768600e-02  -1.5845000e-01
  -6.5224700e-02  -3.0864000e-02
  -1.1307700e-01   5.7118700e-02
  -1.6165100e-01   1.4714600e-01
  -2.4922900e-01   2.5674800e-01
  -4.1758900e-01   3.5389900e-01
  -6.6792000e-01   3.7242900e-01
  -9.4552500e-01   2.5723100e-01
  -1.1660100e+00   5.3653900e-03
  -1.2642700e+00  -3.2795900e-01
  -1.2304600e+00  -6.6325700e-01
  -1.1067200e+00  -9.4538800e-01
  -9.4831000e-01  -1.1710200e+00
  -7.7906500e-01  -1.3753400e+00
  -5.7520400e-01  -1.5893800e+00
  -2.8953600e-01  -1.8015700e+00
   1.0278900e-01  -1.9537300e+00
   5.7236100e-01  -1.9753300e+00
   1.0424600e+00  -1.8308800e+00
   1.4306100e+00  -1.5449500e+00
   1.6944400e+00  -1.1861000e+00
   1.8482900e+00  -8.2189300e-01
   1.9392100e+00  -4.7853100e-01
   2.0015600e+00  -1.3489200e-01
   2.0252000e+00   2.4562600e-01
   1.9616900e+00   6.7074400e-01
   1.7637800e+00   1.0971700e+00
   1.4279000e+00   1.4484800e+00
   1.0070400e+00   1.6603800e+00
   5.8356800e-01   1.7198300e+00
   2.2168300e-01   1.6690900e+00
  -6.5498100e-02   1.5719500e+00
  -3.1054800e-01   1.4678700e+00
  -5.5320900e-01   1.3483700e+00
  -7.9890700e-01   1.1729500e+00
  -1.0064000e+00   9.1152500e-01
  -1.1142500e+00   5.8039400e-01
  -1.0862400e+00   2.4342200e-01
  -9.4118400e-01  -2.3253600e-02
  -7.4435500e-01  -1.7718500e-01
  -5.6652900e-01  -2.3224100e-01
  -4.4094700e-01  -2.4146900e-01
  -3.4987000e-01  -2.5363500e-01
  -2.4985100e-01  -2.7650600e-01
  -1.1557800e-01  -2.7444800e-01
   3.1746900e-02  -2.0167000e-01
   1.3358900e-01  -4.5259100e-02
   1.3424800e-01   1.5530200e-01
   2.1793800e-02   3.2768200e-01
  -1.6116500e-01   4.1126300e-01
  -3.4515400e-01   3.9379200e-01
  -4.7934800e-01   3.1315700e-01
  -5.6106900e-01   2.2362600e-01
  -6.2776400e-01   1.5256900e-01
  -7.1845500e-01   8.0565100e-02
  -8.3472200e-01  -4.0203300e-02
  -9.3147400e-01  -2.4359800e-01
  -9.4503900e-01  -5.1579000e-01
  -8.3770100e-01  -7.9625900e-01
  -6.2523000e-01  -1.0134000e+00
  -3.6673500e-01  -1.1285100e+00
  -1.2447600e-01  -1.1555700e+00
   7.6220500e-02  -1.1427200e+00
   2.5714500e-01  -1.1300800e+00
   4.6052700e-01  -1.1162700e+00
   7.0650000e-01  -1.0591600e+00
   9.6767200e-01  -9.1022200e-01
   1.1806900e+00  -6.5614800e-01
   1.2865700e+00  -3.3592200e-01
   1.2697300e+00  -1.9997200e-02
   1.1665300e+00   2.3320400e-01
   1.0372000e+00   4.1119200e-01
   9.2233700e-01   5.4680600e-01
   8.1686900e-01   6.8433700e-01
   6.8059700e-01   8.3867300e-01
   4.7682000e-01   9.7881500e-01
   2.0910200e-01   1.0484600e+00
  -7.2232600e-02   1.0080900e+00
  -2.9935000e-01   8.6658900e-01
  -4.3026300e-01   6.7837000e-01
  -4.7398100e-01   5.0783100e-01
  -4.7886700e-01   3.8772000e-01
  -4.9337400e-01   3.0230200e-01
  -5.2900500e-01   2.0741900e-01
  -5.5341600e-01   7.1566400e-02
  -5.1855800e-01  -9.3654900e-02
  -4.0211800e-01  -2.3713800e-01
  -2.3043100e-01  -3.0341200e-01
  -6.5087000e-02  -2.7284200e-01
   3.7043000e-02  -1.7650100e-01
   6.0576600e-02  -7.4458700e-02
   3.7835400e-02  -1.3766000e-02
   2.0269500e-02   2.3577300e-03
   3.7060300e-02   1.1305400e-02
   7.2367200e-02   5.6828700e-02
   7.8361300e-02   1.5022200e-01
   1.3947000e-02   2.5675200e-01
  -1.2042800e-01   3.1790200e-01
  -2.7851700e-01   2.9279700e-01
  -3.9808600e-01   1.8763200e-01
  -4.4258000e-01   5.0953500e-02
  -4.2351500e-01  -6.1550400e-02
  -3.8713700e-01  -1.2619800e-01
  -3.7585900e-01  -1.6502900e-01
  -3.9398200e-01  -2.2411900e-01
  -4.0374300e-01  -3.3337800e-01
  -3.5463600e-01  -4.7867600e-01
  -2.2366900e-01  -6.0772800e-01
  -3.5914400e-02  -6.6552700e-01
   1.5035000e-01  -6.3273400e-01
   2.8289200e-01  -5.3820600e-01
   3.4975100e-01  -4.3638400e-01
   3.8294200e-01  -3.6678200e-01
   4.2928700e-01  -3.2618200e-01
   5.1084700e-01  -2.7437400e-01
   6.0516000e-01  -1.6874500e-01
   6.6035800e-01  -1.2051900e-03
   6.3372100e-01   1.9081300e-01
   5.2446300e-01   3.4783600e-01
   3.7590700e-01   4.2877800e-01
   2.4535400e-01   4.3796600e-01
   1.6432100e-01   4.1861800e-01
   1.1898400e-01   4.1795600e-01
   6.5255400e-02   4.5053800e-01
  -3.3292600e-02   4.8752900e-01
  -1.7370200e-01   4.7990700e-01
  -3.1231100e-01   3.9780400e-01
  -3.9495900e-01   2.5601400e-01
  -3.9592400e-01   1.0619700e-01
  -3.3620200e-01   1.5247600e-03
  -2.6740700e-01  -3.9664600e-02
  -2.3351000e-01  -4.3970000e-02
  -2.3931300e-01  -5.9451000e-02
  -2.4933200e-01  -1.1661000e-01
  -2.1763000e-01  -2.0352000e-01
  -1.2574600e-01  -2.7393200e-01
   2.1390300e-04  -2.8215900e-01
   1.0638100e-01  -2.1823300e-01
   1.4922200e-01  -1.1667600e-01
   1.2620100e-01  -3.2199400e-02
   7.5976400e-02  -6.5397200e-04
   4.8147200e-02  -1.4624000e-02
   6.5549300e-02  -3.1877200e-02
   1.0760400e-01  -9.9996800e-03
   1.2718300e-01   5.9226900e-02
   8.8020300e-02   1.4184000e-01
  -5.8098900e-03   1.8616800e-01
  -1.1077200e-01   1.6123000e-01
  -1.7450800e-01   8.0002800e-02
  -1.7314700e-01  -9.9835700e-03
  -1.2719400e-01  -6.1579200e-02
  -8.4205200e-02  -6.2057700e-02
  -8.1539600e-02  -4.0653900e-02
  -1.1750100e-01  -4.4114700e-02
  -1.5269400e-01  -9.8998900e-02
  -1.4047300e-01  -1.8942600e-01
  -6.3331700e-02  -2.6719400e-01
   5.2363000e-02  -2.8664500e-01
   1.5448500e-01  -2.3795600e-01
   2.0241600e-01  -1.5374800e-01
   1.9538200e-01  -8.4177300e-02
   1.7059900e-01  -5.9426100e-02
   1.7287500e-01  -6.7985300e-02
   2.1887900e-01  -6.7037600e-02
   2.8321900e-01  -1.6899800e-02
   3.1688700e-01   8.6708400e-02
   2.8408700e-01   2.0709600e-01
   1.8956100e-01   2.9200500e-01
   7.5777100e-02   3.1083400e-01
  -7.8373100e-03   2.7564100e-01
  -4.0360400e-02   2.3022500e-01
  -4.2805400e-02   2.1575400e-01
  -5.9568800e-02   2.3907700e-01
  -1.2217400e-01   2.6771200e-01
  -2.2293400e-01   2.5523500e-01
  -3.1857900e-01   1.7772900e-01
  -3.6114400e-01   5.3639000e-02
  -3.3281600e-01  -6.8031900e-02
  -2.5846000e-01  -1.4230200e-01
  -1.8649900e-01  -1.5949500e-01
  -1.5270700e-01  -1.4975600e-01
  -1.5433600e-01  -1.5763400e-01
  -1.5404400e-01  -2.0620600e-01
  -1.1044500e-01  -2.7803100e-01
  -1.1978700e-02  -3.2740800e-01
   1.1168900e-01  -3.1462700e-01
   2.0945700e-01  -2.3629300e-01
   2.4488900e-01  -1.2877900e-01
   2.2144500e-01  -4.2234400e-02
   1.7795900e-01  -4.7795200e-03
   1.5798500e-01  -3.8566700e-03
   1.7636900e-01   1.3835900e-03
   2.0835100e-01   4.6309700e-02
   2.0937100e-01   1.3144200e-01
   1.5043300e-01   2.1986100e-01
   4.2139900e-02   2.6343400e-01
  -7.0887100e-02   2.3806200e-01
  -1.4106900e-01   1.6135500e-01
  -1.5103700e-01   7.9472000e-02
  -1.2402500e-01   3.3148800e-02
  -1.0388500e-01   2.8605500e-02
  -1.2010700e-01   3.5197500e-02
  -1.6446300e-01   1.1346200e-02
  -1.9699100e-01  -6.1132800e-02
  -1.7673000e-01  -1.6049300e-01
  -9.3880800e-02  -2.3896600e-01
   2.1022300e-02  -2.5670500e-01
   1.1790600e-01  -2.1020300e-01
   1.6227800e-01  -1.3385200e-01
   1.5827200e-01  -7.3625500e-02
   1.4244800e-01  -5.2906600e-02
   1.5334900e-01  -5.6283000e-02
   2.0010900e-01  -4.3419500e-02
   2.5402400e-01   1.7718800e-02
   2.6952500e-01   1.2366000e-01
   2.1866800e-01   2.3500300e-01
   1.1304700e-01   3.0324400e-01
  -3.4474500e-03   3.0471100e-01
  -8.5571900e-02   2.5613600e-01
  -1.1805000e-01   2.0031900e-01
  -1.2380200e-01   1.7294900e-01
  -1.4315400e-01   1.7579200e-01
  -2.0008600e-01   1.7650100e-01
  -2.8131500e-01   1.3505600e-01
  -3.4419600e-01   3.6622300e-02
  -3.4755700e-01  -9.4200200e-02
  -2.8219000e-01  -2.0868200e-01
  -1.7802300e-01  -2.6739700e-01
  -8.2583400e-02  -2.6669700e-01
  -2.7080700e-02  -2.3848000e-01
  -5.6293800e-03  -2.2372300e-01
   1.6901100e-02  -2.4003500e-01
   7.4670600e-02  -2.6790900e-01
   1.7145900e-01  -2.6603700e-01
   2.7455600e-01  -2.0401000e-01
   3.3674100e-01  -8.7513200e-02
   3.2985900e-01   4.3152900e-02
   2.6473100e-01   1.4024200e-01
   1.8248100e-01   1.8103800e-01
   1.2397200e-01   1.8133300e-01
   1.0047400e-01   1.8003500e-01
   8.7637000e-02   2.0688400e-01
   4.7077600e-02   2.5794100e-01
  -4.1053400e-02   2.9750700e-01
  -1.5943200e-01   2.8503600e-01
  -2.6317200e-01   2.0661700e-01
  -3.1059700e-01   8.7156600e-02
  -2.9207500e-01  -2.6021400e-02
  -2.3531400e-01  -9.5849000e-02
  -1.8333900e-01  -1.1994800e-01
  -1.6193800e-01  -1.2862900e-01
  -1.6124300e-01  -1.5833200e-01
  -1.4523500e-01  -2.2091900e-01
  -8.1763400e-02  -2.9228900e-01
   2.9885800e-02  -3.2904400e-01
   1.5495400e-01  -3.0063500e-01
   2.4594900e-01  -2.1268800e-01
   2.7516100e-01  -1.0388500e-01
   2.5257900e-01  -1.8728400e-02
   2.1594300e-01   2.3281800e-02
   2.0069600e-01   3.8971600e-02
   2.1273000e-01   6.5060000e-02
   2.2455200e-01   1.2675200e-01
   1.9764600e-01   2.1542300e-01
   1.1394400e-01   2.9247900e-01
  -7.6120500e-03   3.1660100e-01
  -1.2211100e-01   2.7385500e-01
  -1.8913700e-01   1.8795700e-01
  -1.9983000e-01   1.0303200e-01
  -1.8036600e-01   5.1896000e-02
  -1.6951600e-01   3.3777300e-02
  -1.8753900e-01   1.8094200e-02
  -2.2007300e-01  -2.8885100e-02
  -2.2922600e-01  -1.1498700e-01
  -1.8338800e-01  -2.1292900e-01
  -8.3065200e-02  -2.7811200e-01
   3.6916500e-02  -2.8010200e-01
   1.3064600e-01  -2.2411700e-01
   1.7238700e-01  -1.4642000e-01
   1.7247200e-01  -8.7219300e-02
   1.6611500e-01  -6.1609200e-02
   1.8393700e-01  -5.0423000e-02
   2.2675500e-01  -1.7688600e-02
   2.6383100e-01   5.8808400e-02
   2.5592500e-01   1.6725100e-01
   1.8567000e-01   2.6736700e-01
   7.2212200e-02   3.1781100e-01
  -4.1006400e-02   3.0481200e-01
  -1.1618700e-01   2.5062300e-01
  -1.4636100e-01   1.9556500e-01
  -1.5704300e-01   1.6740900e-01
  -1.8343000e-01   1.6129000e-01
  -2.4071700e-01   1.4522300e-01
  -3.1020500e-01   8.6854200e-02
  -3.5183600e-01  -1.9038300e-02
  -3.3371100e-01  -1.4331400e-01
  -2.5626600e-01  -2.4115800e-01
  -1.5283900e-01  -2.8272700e-01
  -6.6171800e-02  -2.7277700e-01
  -1.8571400e-02  -2.4466900e-01
   1.8998200e-03  -2.3352700e-01
   2.9020700e-02  -2.4899900e-01
   8.9503700e-02  -2.6825600e-01
   1.7972700e-01  -2.5443100e-01
   2.6590200e-01  -1.8637600e-01
   3.0765700e-01  -7.7058800e-02
   2.8727700e-01   3.3470000e-02
   2.2253500e-01   1.0535500e-01
   1.5350400e-01   1.2600700e-01
   1.1333200e-01   1.1671700e-01
   1.0504800e-01   1.1408100e-01
   1.0174200e-01   1.4052200e-01
   6.9741400e-02   1.8634100e-01
  -3.0442900e-03   2.1690900e-01
  -9.5257600e-02   1.9945400e-01
  -1.6584600e-01   1.2909900e-01
  -1.8313100e-01   3.4327200e-02
  -1.4730400e-01  -4.2328500e-02
  -8.9466700e-02  -7.3896100e-02
  -4.8036700e-02  -6.6644700e-02
  -4.0428900e-02  -5.2715700e-02
  -5.1355600e-02  -6.3541200e-02
  -4.6425900e-02  -1.0437100e-01
  -5.2379200e-04  -1.4928800e-01
   8.0721300e-02  -1.6048700e-01
   1.6277800e-01  -1.1718800e-01
   2.0609300e-01  -3.2260200e-02
   1.9406000e-01   5.6058300e-02
   1.4405100e-01   1.1113100e-01
   9.3336600e-02   1.2328600e-01
   7.0668600e-02   1.1458300e-01
   7.5062200e-02   1.1961900e-01
   7.7759200e-02   1.5715200e-01
   4.5721900e-02   2.1417100e-01
  -3.1298600e-02   2.5455300e-01
  -1.3075200e-01   2.4576400e-01
  -2.1202100e-01   1.8341100e-01
  -2.4485600e-01   9.5069000e-02
  -2.3012800e-01   2.0514500e-02
  -1.9737900e-01  -1.6714100e-02
  -1.8120200e-01  -2.5016600e-02
  -1.9445600e-01  -3.6014500e-02
  -2.1860000e-01  -7.8240700e-02
  -2.1839700e-01  -1.5334600e-01
  -1.6973600e-01  -2.3295500e-01
  -7.9401500e-02  -2.7860500e-01
   1.8241400e-02  -2.6972800e-01
   8.5214600e-02  -2.1854300e-01
   1.0650100e-01  -1.6067200e-01
   9.9272200e-02  -1.2862700e-01
   9.7973200e-02  -1.2822500e-01
   1.2674100e-01  -1.3566000e-01
   1.8012500e-01  -1.1728100e-01
   2.2671400e-01  -5.6924000e-02
   2.3288300e-01   3.0025000e-02
   1.8860600e-01   1.0655100e-01
   1.1578100e-01   1.4045700e-01
   5.2734900e-02   1.2738000e-01
   2.6617500e-02   9.3068100e-02
   3.4473200e-02   7.3283700e-02
   4.7172700e-02   8.6633300e-02
   3.3044900e-02   1.2085600e-01
  -1.6819100e-02   1.4286000e-01
  -8.0807400e-02   1.2477300e-01
  -1.2244600e-01   6.6177100e-02
  -1.1759600e-01  -4.3603200e-03
  -7.2596400e-02  -4.9660100e-02
  -1.9650000e-02  -5.0815800e-02
   7.0314300e-03  -2.0332400e-02
  -3.7215000e-03   8.3082400e-03
  -3.2660600e-02   6.6403200e-03
  -4.5862500e-02  -2.6963100e-02
  -2.1533500e-02  -6.6132600e-02
   3.2504400e-02  -7.6806200e-02
   8.3906600e-02  -4.3542000e-02
   9.9614500e-02   1.8121500e-02
   7.0360800e-02   7.2619400e-02
   1.7364500e-02   9.0338700e-02
  -2.3781400e-02   6.8999500e-02
  -2.9787400e-02   3.4354000e-02
  -6.7287500e-03   1.9798100e-02
   1.5340000e-02   4.0430300e-02
   6.0277800e-03   8.1226800e-02
  -4.1482200e-02   1.0825700e-01
  -1.0439000e-01   9.4396900e-02
  -1.4667800e-01   4.0053400e-02
  -1.4553100e-01  -2.6772700e-02
  -1.0782800e-01  -7.1091500e-02
  -6.4294300e-02  -7.6591200e-02
  -4.5853400e-02  -5.6987200e-02
  -6.0120800e-02  -4.4566500e-02
  -8.5832100e-02  -6.4714400e-02
  -8.9356000e-02  -1.1577900e-01
  -5.0723100e-02  -1.6953300e-01
   2.0561500e-02  -1.9187000e-01
   9.1882600e-02  -1.6805900e-01
   1.3121400e-01  -1.1348300e-01
   1.3023100e-01  -6.1816100e-02
   1.0941400e-01  -3.9656000e-02
   1.0139800e-01  -4.6840600e-02
   1.2528500e-01  -5.7301200e-02
   1.7142000e-01  -3.9719400e-02
   2.0816200e-01   1.7729300e-02
   2.0550100e-01   9.7313400e-02
   1.5763800e-01   1.6398400e-01
   8.7484900e-02   1.9065300e-01
   2.9725800e-02   1.7742600e-01
   5.3190700e-03   1.5033500e-01
   6.7006500e-03   1.4065500e-01
   4.8066400e-03   1.6057300e-01
  -2.7526600e-02   1.9364800e-01
  -9.3599500e-02   2.0728200e-01
  -1.6900500e-01   1.7769900e-01
  -2.1883400e-01   1.0851500e-01
  -2.2294100e-01   2.8845700e-02
  -1.9020600e-01  -2.7593900e-02
  -1.5111900e-01  -4.6606300e-02
  -1.3439700e-01  -4.2671600e-02
  -1.4539200e-01  -4.6367100e-02
  -1.6261200e-01  -7.9721600e-02
  -1.5490800e-01  -1.3827200e-01
  -1.0621200e-01  -1.9345700e-01
  -2.9028700e-02  -2.1354600e-01
   4.3563100e-02  -1.8728300e-01
   8.1406400e-02  -1.3237500e-01
   7.8536500e-02  -8.2477900e-02
   5.6266300e-02  -6.2536800e-02
   4.5908900e-02  -7.1130600e-02
   6.4345300e-02  -8.3050300e-02
   1.0099400e-01  -7.0005900e-02
   1.2602700e-01  -2.3629100e-02
   1.1355800e-01   3.6749400e-02
   6.2177500e-02   7.7500200e-02
  -2.7426400e-03   7.5182300e-02
  -4.6756600e-02   3.3653900e-02
  -5.0736500e-02  -1.9047500e-02
  -2.3611900e-02  -5.1608300e-02
   6.0009000e-03  -5.2277200e-02
   1.2750800e-02  -3.6411100e-02
  -5.4275300e-03  -3.3159500e-02
  -2.5445300e-02  -6.1534300e-02
  -1.6753900e-02  -1.1413100e-01
   3.4820500e-02  -1.6094100e-01
   1.1516900e-01  -1.7045900e-01
   1.9095200e-01  -1.3222000e-01
   2.3280900e-01  -6.3847200e-02
   2.3527300e-01   2.5850700e-03
   2.1850300e-01   4.4436000e-02
   2.1075400e-01   6.4538000e-02
   2.2508600e-01   8.7327300e-02
   2.4807700e-01   1.3814200e-01
   2.4919700e-01   2.2152300e-01
   2.0376100e-01   3.1509400e-01
   1.1212800e-01   3.8378500e-01
   6.3016300e-04   4.0377700e-01
  -9.6463400e-02   3.7822700e-01
  -1.6036800e-01   3.3308900e-01
  -1.9901000e-01   2.9637500e-01
  -2.3779300e-01   2.7671600e-01
  -2.9717300e-01   2.5744700e-01
  -3.7423900e-01   2.1065400e-01
  -4.4243700e-01   1.2041100e-01
  -4.6976800e-01  -2.5124000e-03
  -4.4178100e-01  -1.2573900e-01
  -3.7207800e-01  -2.1646400e-01
  -2.9243700e-01  -2.6289800e-01
  -2.3008000e-01  -2.7998100e-01
  -1.8922500e-01  -2.9532300e-01
  -1.5069900e-01  -3.2625100e-01
  -8.9676700e-02  -3.6548800e-01
   2.1633100e-03  -3.8635800e-01
   1.0706800e-01  -3.6353700e-01
   1.9166100e-01  -2.9358700e-01
   2.2967900e-01  -1.9961900e-01
   2.1994400e-01  -1.1646400e-01
   1.8613700e-01  -6.7407100e-02
   1.5867700e-01  -4.9867300e-02
   1.5246300e-01  -4.0563100e-02
   1.5726000e-01  -1.5959200e-02
   1.4783300e-01   2.7739400e-02
   1.0591000e-01   7.0338300e-02
   3.7102400e-02   8.2432800e-02
  -3.0248500e-02   4.8032400e-02
  -6.3635800e-02  -2.2120700e-02
  -4.8520700e-02  -9.6673800e-02
   2.4970900e-03  -1.4469800e-01
   6.0200600e-02  -1.5589900e-01
   1.0085100e-01  -1.4497800e-01
   1.2309200e-01  -1.3717900e-01
   1.4694400e-01  -1.4627100e-01
   1.9584000e-01  -1.6190800e-01
   2.7552900e-01  -1.5608400e-01
   3.6605600e-01  -1.0391500e-01
   4.3312600e-01  -3.0502700e-03
   4.5049500e-01   1.2295200e-01
   4.1671500e-01   2.3987400e-01
   3.5384600e-01   3.2528400e-01
   2.8936900e-01   3.8142000e-01
   2.3517400e-01   4.2906500e-01
   1.7957700e-01   4.8743400e-01
   9.8326100e-02   5.5562400e-01
  -2.3887800e-02   6.0996300e-01
  -1.7791400e-01   6.1946500e-01
  -3.3258700e-01   5.6786400e-01
  -4.5353400e-01   4.6566000e-01
  -5.2441400e-01   3.4314900e-01
  -5.5484100e-01   2.2971900e-01
  -5.6936700e-01   1.3495500e-01
  -5.8616600e-01   4.5637600e-02
  -6.0177000e-01  -5.9448200e-02
  -5.9349100e-01  -1.8846300e-01
  -5.3765900e-01  -3.2550500e-01
  -4.2977100e-01  -4.3828100e-01
  -2.9114200e-01  -4.9889800e-01
  -1.5682600e-01  -5.0228100e-01
  -5.3710300e-02  -4.6846500e-01
   1.4974100e-02  -4.2718000e-01
   6.7384300e-02  -3.9643500e-01
   1.2514400e-01  -3.7120600e-01
   1.9367400e-01  -3.3057500e-01
   2.5588000e-01  -2.5758700e-01
   2.8409600e-01  -1.5646200e-01
   2.6124900e-01  -5.3806000e-02
   1.9517500e-01   1.7397300e-02
   1.1516500e-01   3.9189700e-02
   5.3177300e-02   1.9509900e-02
   2.3686600e-02  -1.5436700e-02
   1.7077400e-02  -4.1362400e-02
   1.1173900e-02  -5.3309700e-02
  -8.2187500e-03  -6.7208800e-02
  -3.3640100e-02  -1.0462300e-01
  -3.9745300e-02  -1.7252100e-01
  -1.7948200e-03  -2.5370500e-01
   8.5075300e-02  -3.1545100e-01
   2.0039300e-01  -3.3014600e-01
   3.1090000e-01  -2.9262500e-01
   3.9178200e-01  -2.2142600e-01
   4.4078800e-01  -1.4329700e-01
   4.7492900e-01  -7.2882000e-02
   5.1270000e-01  -3.0035400e-03
   5.5567500e-01   8.7195500e-02
   5.8376900e-01   2.1262000e-01
   5.6798700e-01   3.6623600e-01
   4.9120300e-01   5.1912800e-01
   3.6135400e-01   6.3688800e-01
   2.0710800e-01   7.0028800e-01
   5.9264800e-02   7.1498800e-01
  -6.8221100e-02   7.0333100e-01
  -1.8350700e-01   6.8477000e-01
  -3.0485000e-01   6.5997700e-01
  -4.4084500e-01   6.1073100e-01
  -5.7829000e-01   5.1562100e-01
  -6.8723500e-01   3.6950700e-01
  -7.3968600e-01   1.9181200e-01
  -7.2805900e-01   1.7073300e-02
  -6.6962100e-01  -1.2539800e-01
  -5.9367600e-01  -2.2775700e-01
  -5.2120300e-01  -3.0391400e-01
  -4.5222400e-01  -3.7409000e-01
  -3.7017100e-01  -4.4570600e-01
  -2.5957900e-01  -5.0531700e-01
  -1.2329100e-01  -5.2782500e-01
   1.4235000e-02  -4.9597600e-01
   1.2039900e-01  -4.1532000e-01
   1.7482600e-01  -3.1314400e-01
   1.8153200e-01  -2.2197400e-01
   1.6393300e-01  -1.5981600e-01
   1.4664500e-01  -1.2169300e-01
   1.3788400e-01  -8.8438900e-02
   1.2566800e-01  -4.5638700e-02
   9.0435000e-02   1.9783600e-03
   2.4183500e-02   3.1845900e-02
  -5.8714300e-02   1.9710800e-02
  -1.2758900e-01  -4.1553000e-02
  -1.5419400e-01  -1.3474100e-01
  -1.3025700e-01  -2.2828300e-01
  -7.0921300e-02  -2.9604200e-01
  -1.7707100e-03  -3.3227500e-01
   6.0572500e-02  -3.5084800e-01
   1.1954000e-01  -3.6975900e-01
   1.9313400e-01  -3.9313300e-01
   2.9625700e-01  -4.0466300e-01
   4.2455000e-01  -3.7774600e-01
   5.5230800e-01  -2.9479100e-01
   6.4643100e-01  -1.6118000e-01
   6.8622000e-01  -3.3424700e-03
   6.7445400e-01   1.4769700e-01
   6.3175200e-01   2.7503800e-01
   5.7881900e-01   3.8305600e-01
   5.2022000e-01   4.8801100e-01
   4.4202300e-01   5.9970000e-01
   3.2499600e-01   7.0847000e-01
   1.6316100e-01   7.8782800e-01
  -2.6593400e-02   8.1094300e-01
  -2.1145000e-01   7.6880600e-01
  -3.6126100e-01   6.7645300e-01
  -4.6513900e-01   5.6263000e-01
  -5.3394800e-01   4.5068900e-01
  -5.8724200e-01   3.4498500e-01
  -6.3491200e-01   2.3275700e-01
  -6.6766300e-01   9.9651100e-02
  -6.6363200e-01  -5.3323300e-02
  -6.0609600e-01  -2.0465500e-01
  -4.9873200e-01  -3.2329100e-01
  -3.6669100e-01  -3.8773000e-01
  -2.4239700e-01  -3.9908700e-01
  -1.4647300e-01  -3.7847700e-01
  -7.7824100e-02  -3.5084000e-01
  -1.9902100e-02  -3.2743900e-01
   4.2027400e-02  -3.0015300e-01
   1.0605700e-01  -2.5156700e-01
   1.5271600e-01  -1.7287500e-01
   1.5877700e-01  -7.5631000e-02
   1.1534600e-01   1.1931800e-02
   3.6488200e-02   6.1593700e-02
  -4.8294700e-02   6.2571700e-02
  -1.1225800e-01   2.6809300e-02
  -1.4685500e-01  -2.1604500e-02
  -1.6314000e-01  -6.4718700e-02
  -1.7855200e-01  -1.0285500e-01
  -1.9950100e-01  -1.5155100e-01
  -2.1329700e-01  -2.2588600e-01
  -1.9577200e-01  -3.2439200e-01
  -1.2896900e-01  -4.2508900e-01
  -1.5563200e-02  -4.9701000e-01
   1.2093100e-01  -5.1887200e-01
   2.5041500e-01  -4.9114100e-01
   3.5437500e-01  -4.3271400e-01
   4.3454400e-01  -3.6502900e-01
   5.0593600e-01  -2.9580100e-01
   5.7997700e-01  -2.1470700e-01
   6.5095500e-01  -1.0418000e-01
   6.9637000e-01   4.3116300e-02
   6.9121300e-01   2.1363000e-01
   6.2553100e-01   3.7749900e-01
   5.1211500e-01   5.0525200e-01
   3.7851500e-01   5.8439900e-01
   2.4936200e-01   6.2377100e-01
   1.3215900e-01   6.4273100e-01
   1.6970300e-02   6.5374000e-01
  -1.1018000e-01   6.5168700e-01
  -2.5079400e-01   6.1808900e-01
  -3.8717400e-01   5.3693300e-01
  -4.9095600e-01   4.0997500e-01
  -5.4071100e-01   2.5969800e-01
  -5.3557200e-01   1.1740000e-01
  -4.9472300e-01   5.0833000e-03
  -4.4325500e-01  -7.5554400e-02
  -3.9504700e-01  -1.3913400e-01
  -3.4546400e-01  -2.0104100e-01
  -2.7909200e-01  -2.6241700e-01
  -1.8628200e-01  -3.0726500e-01
  -7.5579000e-02  -3.1394100e-01
   2.7744200e-02  -2.7231700e-01
   9.6288200e-02  -1.9351600e-01
   1.1751900e-01  -1.0469900e-01
   1.0057300e-01  -3.2588300e-02
   6.7948000e-02   1.2096200e-02
   3.8487200e-02   3.7930800e-02
   1.4528800e-02   6.1726100e-02
  -1.7209200e-02   9.1891200e-02
  -7.1945900e-02   1.1912700e-01
  -1.5104300e-01   1.2170200e-01
  -2.3640100e-01   8.1409700e-02
  -2.9962900e-01  -1.8375400e-03
  -3.1938400e-01  -1.0789200e-01
  -2.9407700e-01  -2.0844500e-01
  -2.4064100e-01  -2.8438300e-01
  -1.8052400e-01  -3.3559200e-01
  -1.2365400e-01  -3.7620300e-01
  -6.2490500e-02  -4.1927200e-01
   1.9465500e-02  -4.6288900e-01
   1.3138600e-01  -4.8852400e-01
   2.6367100e-01  -4.7307500e-01
   3.9031800e-01  -4.0563200e-01
   4.8364200e-01  -2.9632500e-01
   5.3054100e-01  -1.7057000e-01
   5.3836200e-01  -5.2956000e-02
   5.2625400e-01   4.7227200e-02
   5.0881200e-01   1.3817800e-01
   4.8455100e-01   2.3422300e-01
   4.3792700e-01   3.3991100e-01
   3.5328600e-01   4.4195100e-01
   2.2998100e-01   5.1540900e-01
   8.6991000e-02   5.3970700e-01
  -4.6729000e-02   5.1247700e-01
  -1.4917700e-01   4.5092800e-01
  -2.1704100e-01   3.7972100e-01
  -2.6374000e-01   3.1448700e-01
  -3.0559900e-01   2.5326600e-01
  -3.4689200e-01   1.8208200e-01
  -3.7523500e-01   9.0062400e-02
  -3.7085700e-01  -1.7685000e-02
  -3.2266600e-01  -1.1952100e-01
  -2.3883900e-01  -1.8975400e-01
  -1.4374300e-01  -2.1494300e-01
  -6.3300500e-02  -2.0191500e-01
  -9.5836900e-03  -1.7157900e-01
   2.4031800e-02  -1.4330900e-01
   5.3857300e-02  -1.2168500e-01
   9.0176700e-02  -9.5469100e-02
   1.2697900e-01  -4.9349400e-02
   1.4506200e-01   2.0745800e-02
   1.2621800e-01   1.0065200e-01
   6.7747900e-02   1.6487700e-01
  -1.3749200e-02   1.9244900e-01
  -9.2299400e-02   1.7996800e-01
  -1.4887200e-01   1.4221500e-01
  -1.8200400e-01   1.0003800e-01
  -2.0502600e-01   6.4780600e-02
  -2.3232200e-01   3.1015200e-02
  -2.6533900e-01  -1.7063600e-02
  -2.8917500e-01  -9.0633300e-02
  -2.8246000e-01  -1.8424100e-01
  -2.3314300e-01  -2.7615000e-01
  -1.4825600e-01  -3.4102500e-01
  -5.0230900e-02  -3.6562400e-01
   3.7521100e-02  -3.5588700e-01
   1.0503600e-01  -3.3030100e-01
   1.5956300e-01  -3.0476800e-01
   2.1614400e-01  -2.8051200e-01
   2.8244400e-01  -2.4417100e-01
   3.4961800e-01  -1.7989400e-01
   3.9632900e-01  -8.4089400e-02
   4.0304100e-01   2.8513300e-02
   3.6587400e-01   1.3232100e-01
   2.9960500e-01   2.0643400e-01
   2.2755100e-01   2.4679700e-01
   1.6594700e-01   2.6602600e-01
   1.1446000e-01   2.8130600e-01
   5.9813400e-02   2.9971500e-01
  -1.0545100e-02   3.1218100e-01
  -9.5334199e-02   3.0065500e-01
  -1.7708100e-01   2.5298300e-01
  -2.3249200e-01   1.7410500e-01
  -2.4787600e-01   8.4961200e-02
  -2.2808200e-01   9.7418899e-03
  -1.9229600e-01  -3.9068700e-02
  -1.5992500e-01  -6.6801900e-02
  -1.3721300e-01  -8.9514399e-02
  -1.1459100e-01  -1.1931800e-01
  -7.6549400e-02  -1.5341600e-01
  -1.6321800e-02  -1.7524600e-01
   5.5967300e-02  -1.6687400e-01
   1.1807300e-01  -1.2322600e-01
   1.4989000e-01  -5.7322800e-02
   1.4657600e-01   7.5607300e-03
   1.2077600e-01   5.2997900e-02
   9.2374299e-02   7.6553600e-02
   7.3607900e-02   9.0770299e-02
   6.0768500e-02   1.1102100e-01
   3.8662700e-02   1.4164700e-01
  -5.7226300e-03   1.7103600e-01
  -7.0887900e-02   1.7944500e-01
  -1.3934200e-01   1.5368400e-01
  -1.8827200e-01   9.7546599e-02
  -2.0445100e-01   3.0055600e-02
  -1.9228200e-01  -2.7207600e-02
  -1.6905700e-01  -6.4218500e-02
  -1.5114200e-01  -8.7573099e-02
  -1.4161900e-01  -1.1288900e-01
  -1.2870200e-01  -1.5052700e-01
  -9.6025299e-02  -1.9562900e-01
  -3.6888900e-02  -2.3015000e-01
   3.8485300e-02  -2.3543100e-01
   1.0831100e-01  -2.0583700e-01
   1.5330600e-01  -1.5317900e-01
   1.6899400e-01  -9.8573099e-02
   1.6709100e-01  -5.7850100e-02
   1.6512300e-01  -3.1465400e-02
   1.7223100e-01  -6.3659900e-03
   1.8199400e-01   3.1793400e-02
   1.7764800e-01   8.5528499e-02
   1.4570500e-01   1.4158600e-01
   8.7551399e-02   1.7928100e-01
   2.0143100e-02   1.8488900e-01
  -3.4821700e-02   1.6126600e-01
  -6.5199600e-02   1.2547500e-01
  -7.5496600e-02   9.6254199e-02
  -8.1569899e-02   8.0765399e-02
  -9.7106099e-02   7.0585000e-02
  -1.2222500e-01   4.9803400e-02
  -1.4287800e-01   8.9492199e-03
  -1.4148800e-01  -4.5956500e-02
  -1.1072700e-01  -9.6187399e-02
  -5.9958400e-02  -1.2292500e-01
  -9.4024399e-03  -1.2023700e-01
   2.3630200e-02  -9.8688499e-02
   3.6129500e-02  -7.6924899e-02
   3.9924700e-02  -6.7642900e-02
   5.1124000e-02  -6.8545900e-02
   7.6583699e-02  -6.5050100e-02
   1.0773700e-01  -4.2574300e-02
   1.2648900e-01   1.0119400e-03
   1.1870700e-01   5.2307500e-02
   8.5090599e-02   9.1081899e-02
   4.1171200e-02   1.0425100e-01
   6.4173100e-03   9.4634499e-02
  -9.3573999e-03   7.7965699e-02
  -1.2097800e-02   7.0490800e-02
  -1.7629100e-02   7.6589599e-02
  -3.8380300e-02   8.5761399e-02
  -7.2860300e-02   8.1195299e-02
  -1.0591300e-01   5.3346800e-02
  -1.1958000e-01   8.1692299e-03
  -1.0635900e-01  -3.6294700e-02
  -7.4827699e-02  -6.2433100e-02
  -4.3402800e-02  -6.5287300e-02
  -2.6937300e-02  -5.5310800e-02
  -2.6272300e-02  -4.9669500e-02
  -2.8558900e-02  -5.8738200e-02
  -1.8004500e-02  -7.8042899e-02
   1.1191800e-02  -9.1723899e-02
   4.9570000e-02  -8.4847799e-02
   7.8826999e-02  -5.5196900e-02
   8.5078999e-02  -1.5573600e-02
   6.8951000e-02   1.5148100e-02
   4.4886900e-02   2.5485900e-02
   3.0234000e-02   1.9192200e-02
   3.2369000e-02   1.1620900e-02
   4.3573100e-02   1.7447300e-02
   4.7467600e-02   3.9087500e-02
   3.2059700e-02   6.4594700e-02
  -5.3441400e-04   7.6600099e-02
  -3.5077400e-02   6.5499800e-02
  -5.4171300e-02   3.6886200e-02
  -5.0906900e-02   7.5995399e-03
  -3.3656300e-02  -6.6136200e-03
  -1.9426900e-02  -2.5103300e-03
  -2.0840700e-02   8.7574299e-03
  -3.6602200e-02   1.0636700e-02
  -5.2637900e-02  -5.8120000e-03
  -5.2995800e-02  -3.4756300e-02
  -3.2210900e-02  -5.9702600e-02
   2.4051200e-04  -6.5742500e-02
   2.6764100e-02  -5.0655600e-02
   3.4575900e-02  -2.6475600e-02
   2.4961000e-02  -1.0362400e-02
   1.1888600e-02  -1.1704600e-02
   1.1077900e-02  -2.5209400e-02
   2.7821100e-02  -3.5171700e-02
   5.2782000e-02  -2.7651000e-02
   6.8927099e-02  -1.3122600e-03
   6.4316800e-02   3.1272400e-02
   4.1070200e-02   5.2824500e-02
   1.3739400e-02   5.4084100e-02
  -1.6433800e-03   4.0435800e-02
   4.6669800e-04   2.7458100e-02
   1.1195100e-02   2.8807300e-02
   1.4297200e-02   4.5636300e-02
  -1.1823800e-03   6.5558300e-02
  -3.2238900e-02   7.1924199e-02
  -6.3782800e-02   5.6380000e-02
  -7.9627899e-02   2.5211400e-02
  -7.4278799e-02  -5.2944200e-03
  -5.6626000e-02  -2.0926200e-02
  -4.2810100e-02  -1.9913100e-02
  -4.3708900e-02  -1.3756400e-02
  -5.6553600e-02  -1.7948200e-02
  -6.7020099e-02  -3.9652500e-02
  -6.0196100e-02  -7.1704899e-02
  -3.2111500e-02  -9.7485599e-02
   6.8928599e-03  -1.0298700e-01
   3.9492600e-02  -8.6965299e-02
   5.3855600e-02  -6.1550000e-02
   5.1851100e-02  -4.2897700e-02
   4.6843100e-02  -3.9020200e-02
   5.2816400e-02  -4.3999600e-02
   7.3137399e-02  -4.2941600e-02
   9.7497499e-02  -2.3869400e-02
   1.0936900e-01   1.2491000e-02
   9.8338399e-02   5.2469800e-02
   6.7999899e-02   7.8964099e-02
   3.3459600e-02   8.3538799e-02
   1.0363700e-02   7.2020799e-02
   3.7449700e-03   5.9436600e-02
   5.0797900e-03   5.8204200e-02
  -3.0028700e-04   6.8566899e-02
  -2.1144500e-02   7.8517999e-02
  -5.2773400e-02   7.3245699e-02
  -7.9858299e-02   4.6913400e-02
  -8.7420499e-02   7.8223699e-03
  -7.1762899e-02  -2.6976100e-02
  -4.3106200e-02  -4.3581700e-02
  -1.7982000e-02  -4.0715600e-02
  -7.1633199e-03  -2.9689200e-02
  -8.2472199e-03  -2.5002600e-02
  -8.4363199e-03  -3.2780600e-02
   4.6818800e-03  -4.5852200e-02
   3.2612800e-02  -4.9209900e-02
   6.3733799e-02  -3.1700300e-02
   8.1117899e-02   4.9239800e-03
   7.4540899e-02   4.6464300e-02
   4.7652800e-02   7.5931099e-02
   1.4962900e-02   8.5144199e-02
  -9.0198499e-03   7.9594299e-02
  -2.0249000e-02   7.3012399e-02
  -2.7319400e-02   7.5884799e-02
  -4.3791600e-02   8.6708699e-02
  -7.6570999e-02   9.2667499e-02
  -1.1923500e-01   7.9238299e-02
  -1.5544600e-01   4.1467100e-02
  -1.6994800e-01  -1.1623400e-02
  -1.5892100e-01  -6.2839999e-02
  -1.3195800e-01  -9.8479199e-02
  -1.0428100e-01  -1.1709800e-01
  -8.5152699e-02  -1.2887900e-01
  -7.1286399e-02  -1.4622300e-01
  -5.0206300e-02  -1.7282500e-01
  -1.0935400e-02  -1.9962500e-01
   4.6165900e-02  -2.1076200e-01
   1.0795100e-01  -1.9508700e-01
   1.5662100e-01  -1.5454700e-01
   1.8138400e-01  -1.0313400e-01
   1.8495700e-01  -5.7192099e-02
   1.8011400e-01  -2.4386000e-02
   1.7904100e-01   4.2029300e-04
   1.8362500e-01   2.9387500e-02
   1.8407500e-01   7.0563399e-02
   1.6687700e-01   1.1995800e-01
   1.2601800e-01   1.6294700e-01
   6.8906799e-02   1.8404100e-01
   1.2423900e-02   1.7769800e-01
  -2.7997800e-02   1.5207200e-01
  -4.8130300e-02   1.2291900e-01
  -5.6313699e-02   1.0228600e-01
  -6.5557999e-02   9.0502299e-02
  -8.2503299e-02   7.7439499e-02
  -1.0168900e-01   5.1941000e-02
  -1.0950200e-01   1.2127800e-02
  -9.4814499e-02  -3.1359300e-02
  -5.8209999e-02  -6.1758299e-02
  -1.2777200e-02  -6.7494699e-02
   2.4212900e-02  -4.9946900e-02
   4.2547400e-02  -2.1891400e-02
   4.4869700e-02   2.1230200e-03
   4.2823500e-02   1.6166600e-02
   4.6638000e-02   2.6266900e-02
   5.6184199e-02   4.4273500e-02
   6.0368099e-02   7.7033799e-02
   4.5364300e-02   1.1922200e-01
   5.4678899e-03   1.5539100e-01
  -5.1664000e-02   1.6982400e-01
  -1.0938600e-01   1.5687500e-01
  -1.5281400e-01   1.2409700e-01
  -1.7794100e-01   8.5931399e-02
  -1.9238200e-01   5.2804700e-02
  -2.0738700e-01   2.3919900e-02
  -2.2735200e-01  -1.0857300e-02
  -2.4492600e-01  -6.1546499e-02
  -2.4552300e-01  -1.2832200e-01
  -2.1789200e-01  -1.9901000e-01
  -1.6278800e-01  -2.5585900e-01
  -9.3185099e-02  -2.8660100e-01
  -2.5869500e-02  -2.9161700e-01
   2.9317500e-02  -2.8194400e-01
   7.4560699e-02  -2.6978700e-01
   1.1982300e-01  -2.5882800e-01
   1.7268300e-01  -2.4168600e-01
   2.3015100e-01  -2.0642600e-01
   2.7881700e-01  -1.4710500e-01
   3.0333900e-01  -7.0255099e-02
   2.9696400e-01   7.7150199e-03
   2.6617400e-01   7.0391799e-02
   2.2600800e-01   1.1118900e-01
   1.8958900e-01   1.3589600e-01
   1.5973100e-01   1.5621500e-01
   1.2883100e-01   1.7933400e-01
   8.6971099e-02   2.0155800e-01
   3.1880400e-02   2.1084700e-01
  -2.6954700e-02   1.9633700e-01
  -7.3309099e-02   1.5757600e-01
  -9.4707099e-02   1.0640800e-01
  -9.0567599e-02   5.9969599e-02
  -7.1947499e-02   2.9965800e-02
  -5.3148899e-02   1.6154800e-02
  -4.1554100e-02   8.7763899e-03
  -3.3321400e-02  -2.1233900e-03
  -1.8072600e-02  -1.7697800e-02
   1.1145700e-02  -2.8553900e-02
   5.0347299e-02  -2.1629100e-02
   8.5399499e-02   9.5110899e-03
   1.0068700e-01   5.8780299e-02
   8.9240099e-02   1.1060300e-01
   5.6817399e-02   1.4967600e-01
   1.6969000e-02   1.7021500e-01
  -1.9090300e-02   1.7788300e-01
  -5.0127099e-02   1.8316100e-01
  -8.4326999e-02   1.9137700e-01
  -1.3107600e-01   1.9712700e-01
  -1.9146200e-01   1.8742000e-01
  -2.5486800e-01   1.5122600e-01
  -3.0438800e-01   8.8245799e-02
  -3.2716900e-01   1.0242300e-02
  -3.2200800e-01  -6.6104299e-02
  -2.9864500e-01  -1.2951600e-01
  -2.6944200e-01  -1.7994900e-01
  -2.3983000e-01  -2.2573700e-01
  -2.0479000e-01  -2.7442500e-01
  -1.5397400e-01  -3.2446200e-01
  -8.1477799e-02  -3.6420000e-01
   7.2541299e-03  -3.7911000e-01
   9.6792699e-02  -3.6183400e-01
   1.7047900e-01  -3.1754300e-01
   2.2014100e-01  -2.6056800e-01
   2.4962300e-01  -2.0484200e-01
   2.6965700e-01  -1.5529700e-01
   2.8813500e-01  -1.0657500e-01
   3.0325200e-01  -4.9839499e-02
   3.0475400e-01   1.7703700e-02
   2.8231200e-01   8.7973999e-02
   2.3461800e-01   1.4571200e-01
   1.7221100e-01   1.7805600e-01
   1.1176400e-01   1.8287100e-01
   6.6000799e-02   1.6962600e-01
   3.6683300e-02   1.5222400e-01
   1.5756500e-02   1.3919700e-01
  -6.4170299e-03   1.2862700e-01
  -3.2145700e-02   1.1149100e-01
  -5.3674999e-02   8.0722799e-02
  -5.8749899e-02   3.8925200e-02
  -4.0256200e-02  -1.2776900e-03
  -2.5997700e-03  -2.4692100e-02
   4.0081300e-02  -2.3321700e-02
   7.2628299e-02  -1.1994300e-03
   8.8057799e-02   2.9253900e-02
   9.0476999e-02   5.6518799e-02
   8.9729099e-02   7.7877199e-02
   9.2028199e-02   1.0001700e-01
   9.3841699e-02   1.3201300e-01
   8.3758599e-02   1.7617300e-01
   5.0988399e-02   2.2384600e-01
  -5.9319599e-03   2.5955300e-01
  -7.6832999e-02   2.7047400e-01
  -1.4581400e-01   2.5430000e-01
  -2.0098900e-01   2.1964700e-01
  -2.4086300e-01   1.7887400e-01
  -2.7271700e-01   1.3881500e-01
  -3.0444400e-01   9.6443799e-02
  -3.3623300e-01   4.2698100e-02
  -3.5855700e-01  -2.8562600e-02
  -3.5811400e-01  -1.1338600e-01
  -3.2730500e-01  -1.9794200e-01
  -2.7011700e-01  -2.6612800e-01
  -1.9997200e-01  -3.0900000e-01
  -1.3112800e-01  -3.2907500e-01
  -7.0055799e-02  -3.3645300e-01
  -1.3145300e-02  -3.3983000e-01
   4.7710899e-02  -3.3931900e-01
   1.1610800e-01  -3.2652800e-01
   1.8571500e-01  -2.9179700e-01
   2.4272100e-01  -2.3302600e-01
   2.7443000e-01  -1.5930500e-01
   2.7760500e-01  -8.6445399e-02
   2.6033100e-01  -2.7656500e-02
   2.3602300e-01   1.3782500e-02
   2.1411100e-01   4.4496899e-02
   1.9436700e-01   7.3861099e-02
   1.6903800e-01   1.0528900e-01
   1.3096800e-01   1.3266700e-01
   8.1400499e-02   1.4465800e-01
   3.1341200e-02   1.3362000e-01
  -4.6798199e-03   1.0231700e-01
  -1.7884400e-02   6.3274299e-02
  -1.0656500e-02   3.1148000e-02
   5.9052399e-03   1.3748300e-02
   2.0381700e-02   8.3198899e-03
   2.9020800e-02   5.7028399e-03
   3.7343900e-02  -9.6790599e-04
   5.4282799e-02  -9.7595499e-03
   8.3444799e-02  -1.0653500e-02
   1.1828500e-01   7.0238799e-03
   1.4500100e-01   4.6075199e-02
   1.5110900e-01   9.8293699e-02
   1.3336000e-01   1.4914800e-01
   9.9137599e-02   1.8684600e-01
   6.0395599e-02   2.0905400e-01
   2.4788500e-02   2.2238000e-01
  -9.2946399e-03   2.3520200e-01
  -5.0097699e-02   2.4945400e-01
  -1.0437800e-01   2.5773900e-01
  -1.7008600e-01   2.4804300e-01
  -2.3553600e-01   2.1255000e-01
  -2.8585100e-01   1.5390200e-01
  -3.1195600e-01   8.4162399e-02
  -3.1547800e-01   1.7232400e-02
  -3.0600900e-01  -3.9637000e-02
  -2.9291600e-01  -8.8955399e-02
  -2.7799100e-01  -1.3855200e-01
  -2.5450100e-01  -1.9314000e-01
  -2.1331500e-01  -2.4844700e-01
  -1.5138000e-01  -2.9250300e-01
  -7.6012899e-02  -3.1321700e-01
  -1.6403400e-03  -3.0659300e-01
   5.8691699e-02  -2.7942300e-01
   1.0077000e-01  -2.4445000e-01
   1.3016300e-01  -2.1164300e-01
   1.5611200e-01  -1.8211000e-01
   1.8313400e-01  -1.4914400e-01
   2.0676500e-01  -1.0542100e-01
   2.1670600e-01  -5.0759499e-02
   2.0495100e-01   5.6104099e-03
   1.7270400e-01   5.0108799e-02
   1.3077200e-01   7.3485799e-02
   9.3032599e-02   7.6650399e-02
   6.7812399e-02   6.9317399e-02
   5.3539199e-02   6.2547299e-02
   4.1796999e-02   6.0824199e-02
   2.5309900e-02   5.9609099e-02
   4.6828899e-03   5.0110999e-02
  -1.1280000e-02   2.7529600e-02
  -1.1953500e-02  -3.6118400e-03
   6.8662099e-03  -3.1208700e-02
   3.9119699e-02  -4.3194099e-02
   7.1999399e-02  -3.5382100e-02
   9.4236499e-02  -1.3707000e-02
   1.0300000e-01   1.0746000e-02
   1.0433100e-01   3.0101400e-02
   1.0693700e-01   4.5117699e-02
   1.1420400e-01   6.3622699e-02
   1.2056900e-01   9.3240699e-02
   1.1508700e-01   1.3403100e-01
   8.9518299e-02   1.7672600e-01
   4.4841799e-02   2.0802300e-01
  -8.7572199e-03   2.1903200e-01
  -5.8432199e-02   2.1061100e-01
  -9.6875399e-02   1.9167600e-01
  -1.2607300e-01   1.7185000e-01
  -1.5391300e-01   1.5408500e-01
  -1.8637300e-01   1.3284500e-01
  -2.2132500e-01   9.9178399e-02
  -2.4876700e-01   4.8761099e-02
  -2.5738100e-01  -1.3255200e-02
  -2.4249700e-01  -7.4369899e-02
  -2.0949500e-01  -1.2231900e-01
  -1.7007600e-01  -1.5250100e-01
  -1.3421500e-01  -1.6974800e-01
  -1.0383800e-01  -1.8323500e-01
  -7.2908799e-02  -1.9848500e-01
  -3.3726100e-02  -2.1258800e-01
   1.5460700e-02  -2.1626700e-01
   6.7406299e-02  -2.0120700e-01
   1.0979700e-01  -1.6705700e-01
   1.3325900e-01  -1.2274900e-01
   1.3746500e-01  -8.1062499e-02
   1.3077000e-01  -5.0473099e-02
   1.2371400e-01  -3.0338000e-02
   1.2129200e-01  -1.2937700e-02
   1.1983000e-01   9.2954299e-03
   1.1073100e-01   3.6934199e-02
   8.8169099e-02   6.2340599e-02
   5.4795399e-02   7.5022199e-02
   2.1052400e-02   6.9506699e-02
  -1.4731400e-03   4.9758399e-02
  -7.7026899e-03   2.6770800e-02
  -2.0151000e-03   1.1114100e-02
   5.6666499e-03   6.0086599e-03
   7.6371799e-03   6.0702299e-03
   4.1314099e-03   2.5616700e-03
   2.7063900e-03  -8.9309699e-03
   1.1812400e-02  -2.4292300e-02
   3.3494600e-02  -3.3377000e-02
   6.0824599e-02  -2.7350900e-02
   8.2074199e-02  -5.3302299e-03
   8.8542899e-02   2.4699000e-02
   8.0193299e-02   5.1383499e-02
   6.4912599e-02   6.7793099e-02
   5.2035999e-02   7.5664099e-02
   4.5085399e-02   8.2974099e-02
   3.9230199e-02   9.6786299e-02
   2.5370100e-02   1.1687000e-01
  -2.2979000e-03   1.3499700e-01
  -4.1008399e-02   1.4049300e-01
  -8.0493499e-02   1.2787800e-01
  -1.0963500e-01   1.0084600e-01
  -1.2373100e-01   6.9590499e-02
  -1.2696600e-01   4.3519799e-02
  -1.2829400e-01   2.4842000e-02
  -1.3394000e-01   7.8294199e-03
  -1.4223600e-01  -1.5765200e-02
  -1.4472700e-01  -4.9324899e-02
  -1.3268900e-01  -8.7680099e-02
  -1.0411700e-01  -1.1996700e-01
  -6.5850999e-02  -1.3691800e-01
  -2.9221900e-02  -1.3711600e-01
  -2.4580600e-03  -1.2752700e-01
   1.4453800e-02  -1.1795700e-01
   2.8646100e-02  -1.1364700e-01
   4.7923399e-02  -1.1160900e-01
   7.3942799e-02  -1.0342500e-01
   1.0023400e-01  -8.2343999e-02
   1.1657900e-01  -4.9240199e-02
   1.1644800e-01  -1.2868900e-02
   1.0186200e-01   1.5810200e-02
   8.2021099e-02   3.0998600e-02
   6.6711599e-02   3.5592699e-02
   5.9481699e-02   3.8275899e-02
   5.5684299e-02   4.6422599e-02
   4.6807799e-02   6.0218699e-02
   2.7743700e-02   7.2448499e-02
   1.4314400e-03   7.4086899e-02
  -2.2672600e-02   6.1432899e-02
  -3.5169799e-02   3.9355799e-02
  -3.3383399e-02   1.8172700e-02
  -2.3095800e-02   6.4926099e-03
  -1.4069500e-02   5.4026699e-03
  -1.2757200e-02   8.3382299e-03
  -1.7703700e-02   6.6727099e-03
  -2.1084800e-02  -3.2569900e-03
  -1.5164900e-02  -1.7037200e-02
   1.2657400e-03  -2.5338700e-02
   2.1383600e-02  -2.0952500e-02
   3.4924499e-02  -4.3670699e-03
   3.5425799e-02   1.6339500e-02
   2.4670800e-02   3.1213500e-02
   1.1014000e-02   3.5441299e-02
   2.8928200e-03   3.2392900e-02
   2.4582200e-03   3.0447300e-02
   4.1386699e-03   3.6060799e-02
  -8.0168999e-04   4.8372099e-02
  -1.7197000e-02   5.9454799e-02
  -4.1784699e-02   6.0039699e-02
  -6.5080599e-02   4.6384199e-02
  -7.7925799e-02   2.3105400e-02
  -7.7784699e-02  -1.5179300e-04
  -7.0072099e-02  -1.5679400e-02
  -6.3561399e-02  -2.3045900e-02
  -6.3396699e-02  -2.8804600e-02
  -6.7025799e-02  -4.0843699e-02
  -6.6135199e-02  -6.1708099e-02
  -5.3112699e-02  -8.5986499e-02
  -2.7131000e-02  -1.0377400e-01
   4.7613199e-03  -1.0760800e-01
   3.2376299e-02  -9.7672798e-02
   4.9385099e-02  -8.1351099e-02
   5.7320299e-02  -6.7525099e-02
   6.3610999e-02  -5.9943999e-02
   7.5200899e-02  -5.4683699e-02
   9.2635799e-02  -4.3592799e-02
   1.0913000e-01  -2.1075400e-02
   1.1533700e-01   1.0960100e-02
   1.0622800e-01   4.3765099e-02
   8.4880999e-02   6.7554399e-02
   6.0331999e-02   7.8095899e-02
   4.1123199e-02   7.9150699e-02
   2.9413200e-02   7.8978099e-02
   2.0071600e-02   8.3607199e-02
   5.3842099e-03   9.2002699e-02
  -1.8257900e-02   9.6793998e-02
  -4.6800099e-02   9.0004899e-02
  -7.0832799e-02   6.9428999e-02
  -8.2052299e-02   4.0806799e-02
  -7.9020499e-02   1.4139400e-02
  -6.7904699e-02  -3.1011499e-03
  -5.7676399e-02  -1.0771600e-02
  -5.3425099e-02  -1.5301400e-02
  -5.2841499e-02  -2.4027000e-02
  -4.8498499e-02  -3.8969799e-02
  -3.4152299e-02  -5.4810499e-02
  -1.0239900e-02  -6.2615899e-02
   1.5635800e-02  -5.6505599e-02
   3.3644099e-02  -3.8216299e-02
   3.8397599e-02  -1.6113200e-02
   3.2363799e-02   6.1183299e-04
   2.3497500e-02   8.1901099e-03
   1.8939100e-02   1.0298200e-02
   1.9580800e-02   1.4395600e-02
   1.9612500e-02   2.5229000e-02
   1.1364500e-02   4.0487899e-02
  -8.2579599e-03   5.1949799e-02
  -3.4662699e-02   5.1282999e-02
  -5.8178799e-02   3.6142899e-02
  -7.0460999e-02   1.1973600e-02
  -6.9904099e-02  -1.1829900e-02
  -6.2047099e-02  -2.8493600e-02
  -5.4739199e-02  -3.8227699e-02
  -5.1793299e-02  -4.7136599e-02
  -4.9966899e-02  -6.1581999e-02
  -4.1565699e-02  -8.2344799e-02
  -2.0680600e-02  -1.0307900e-01
   1.1685700e-02  -1.1428700e-01
   4.7517799e-02  -1.0985300e-01
   7.6828599e-02  -9.1258998e-02
   9.4084498e-02  -6.6316999e-02
   1.0123300e-01  -4.3431999e-02
   1.0513500e-01  -2.5732700e-02
   1.1143900e-01  -9.4855898e-03
   1.1961700e-01   1.2067800e-02
   1.2295500e-01   4.2434699e-02
   1.1354400e-01   7.7985699e-02
   8.8483998e-02   1.0947800e-01
   5.2603099e-02   1.2790400e-01
   1.5619700e-02   1.3031900e-01
  -1.4151200e-02   1.2130700e-01
  -3.4842199e-02   1.0905400e-01
  -5.1106799e-02   9.9044598e-02
  -6.9273299e-02   9.0176898e-02
  -9.1352098e-02   7.6199099e-02
  -1.1251800e-01   5.1340399e-02
  -1.2403600e-01   1.5798200e-02
  -1.1945500e-01  -2.3144400e-02
  -9.9410798e-02  -5.5291099e-02
  -7.1421199e-02  -7.3923999e-02
  -4.4818899e-02  -7.9668399e-02
  -2.4630200e-02  -7.9008299e-02
  -8.9611598e-03  -7.8662799e-02
   8.2287699e-03  -8.0144499e-02
   3.1175899e-02  -7.8641399e-02
   5.7796099e-02  -6.7054799e-02
   8.0112799e-02  -4.2100199e-02
   8.9378498e-02  -7.7963999e-03
   8.2074999e-02   2.6360000e-02
   6.2301799e-02   5.1230799e-02
   3.8780299e-02   6.3560399e-02
   1.8750100e-02   6.7117999e-02
   3.3465399e-03   6.8707599e-02
  -1.2110600e-02   7.2167999e-02
  -3.3235499e-02   7.4972799e-02
  -6.0905699e-02   7.0037099e-02
  -8.9201698e-02   5.1363099e-02
  -1.0861200e-01   1.9228600e-02
  -1.1216400e-01  -1.9049300e-02
  -9.9925898e-02  -5.3407299e-02
  -7.8537299e-02  -7.7219699e-02
  -5.6183099e-02  -9.0795798e-02
  -3.6826499e-02  -9.9670198e-02
  -1.8040000e-02  -1.0910600e-01
   5.9924499e-03  -1.1908200e-01
   3.8669199e-02  -1.2363300e-01
   7.6861499e-02  -1.1509000e-01
   1.1171700e-01  -9.0025998e-02
   1.3387300e-01  -5.2401599e-02
   1.3923400e-01  -1.1509200e-02
   1.3105200e-01   2.3784100e-02
   1.1682000e-01   5.0218499e-02
   1.0239900e-01   7.0943099e-02
   8.7850598e-02   9.1466198e-02
   6.8105799e-02   1.1395400e-01
   3.7901699e-02   1.3431000e-01
  -2.8335599e-03   1.4433000e-01
  -4.7322699e-02   1.3737200e-01
  -8.5368098e-02   1.1327500e-01
  -1.0938500e-01   7.8833199e-02
  -1.1859700e-01   4.3451899e-02
  -1.1833800e-01   1.3230900e-02
  -1.1510600e-01  -1.2134600e-02
  -1.1118500e-01  -3.7408399e-02
  -1.0295100e-01  -6.6435699e-02
  -8.4113498e-02  -9.7540698e-02
  -5.1420399e-02  -1.2330400e-01
  -8.4121198e-03  -1.3499100e-01
   3.5686699e-02  -1.2835000e-01
   7.1207999e-02  -1.0647100e-01
   9.3568098e-02  -7.7564399e-02
   1.0503400e-01  -4.9357099e-02
   1.1153400e-01  -2.4306400e-02
   1.1704500e-01   8.2876198e-04
   1.1990100e-01   3.0853699e-02
   1.1385300e-01   6.6705199e-02
   9.3090698e-02   1.0296700e-01
   5.7391499e-02   1.3033500e-01
   1.3449900e-02   1.4128600e-01
  -2.8692399e-02   1.3474600e-01
  -6.1515799e-02   1.1632000e-01
  -8.3876498e-02   9.3968498e-02
  -1.0007500e-01   7.2407199e-02
  -1.1499200e-01   5.0456399e-02
  -1.2911000e-01   2.3252900e-02
  -1.3727100e-01  -1.2452700e-02
  -1.3218500e-01  -5.4052599e-02
  -1.1003600e-01  -9.3233098e-02
  -7.3951799e-02  -1.2053200e-01
  -3.2662199e-02  -1.3097400e-01
   4.6899499e-03  -1.2664600e-01
   3.3765599e-02  -1.1434700e-01
   5.6455599e-02  -1.0019200e-01
   7.7589898e-02  -8.5246298e-02
   9.9574598e-02  -6.5505899e-02
   1.1914900e-01  -3.6138299e-02
   1.2882100e-01   3.3059299e-03
   1.2196100e-01   4.6780899e-02
   9.7740198e-02   8.4452998e-02
   6.2190899e-02   1.0831100e-01
   2.4563100e-02   1.1656700e-01
  -8.3168798e-03   1.1365700e-01
  -3.5517499e-02   1.0595200e-01
  -6.0811699e-02   9.6517898e-02
  -8.7880198e-02   8.2915898e-02
  -1.1569600e-01   5.9701599e-02
  -1.3771500e-01   2.3668500e-02
  -1.4560500e-01  -2.2215200e-02
  -1.3476500e-01  -6.9262799e-02
  -1.0753200e-01  -1.0769200e-01
  -7.1667099e-02  -1.3205500e-01
  -3.5282799e-02  -1.4351400e-01
  -1.9809600e-03  -1.4739300e-01
   3.0198999e-02  -1.4798400e-01
   6.5367999e-02  -1.4464200e-01
   1.0464400e-01  -1.3215900e-01
   1.4332200e-01  -1.0514300e-01
   1.7264000e-01  -6.3039499e-02
   1.8492000e-01  -1.1942200e-02
   1.7831000e-01   3.8285599e-02
   1.5761100e-01   7.9501998e-02
   1.3061800e-01   1.0938400e-01
   1.0276700e-01   1.3118800e-01
   7.4089998e-02   1.4951100e-01
   4.0690999e-02   1.6540700e-01
  -4.8521599e-04   1.7464600e-01
  -4.7356399e-02   1.7050200e-01
  -9.2267198e-02   1.4896800e-01
  -1.2588600e-01   1.1244400e-01
  -1.4261300e-01   6.9049699e-02
  -1.4353600e-01   2.8019399e-02
  -1.3478600e-01  -5.4576099e-03
  -1.2262200e-01  -3.2182299e-02
  -1.0898000e-01  -5.6368999e-02
  -9.0822798e-02  -8.0656298e-02
  -6.3711499e-02  -1.0262400e-01
  -2.6781199e-02  -1.1555400e-01
   1.4773300e-02  -1.1293500e-01
   5.1715299e-02  -9.3326698e-02
   7.5901098e-02  -6.1916599e-02
   8.4782998e-02  -2.7554799e-02
   8.2008198e-02   2.5488299e-03
   7.3774598e-02   2.6561799e-02
   6.3782099e-02   4.7513399e-02
   5.0628799e-02   6.9077099e-02
   2.9601299e-02   9.1002698e-02
  -2.5622899e-03   1.0779400e-01
  -4.3637399e-02   1.1174200e-01
  -8.5775698e-02   9.8103498e-02
  -1.1949800e-01   6.8549199e-02
  -1.3893600e-01   3.0304299e-02
  -1.4450700e-01  -8.3887398e-03
  -1.4114100e-01  -4.3107999e-02
  -1.3353500e-01  -7.4834098e-02
  -1.2210300e-01  -1.0722000e-01
  -1.0273200e-01  -1.4177400e-01
  -7.0524298e-02  -1.7475600e-01
  -2.4621999e-02  -1.9828100e-01
   2.9590599e-02  -2.0491000e-01
   8.2695198e-02  -1.9235100e-01
   1.2630300e-01  -1.6479300e-01
   1.5728800e-01  -1.2989400e-01
   1.7815000e-01  -9.3719798e-02
   1.9338200e-01  -5.7393999e-02
   2.0473300e-01  -1.7917600e-02
   2.0904900e-01   2.7610199e-02
   2.0036900e-01   7.7704498e-02
   1.7470300e-01   1.2554000e-01
   1.3384900e-01   1.6218900e-01
   8.5300198e-02   1.8173200e-01
   3.8224799e-02   1.8448800e-01
  -1.5476600e-03   1.7601000e-01
  -3.3892899e-02   1.6267500e-01
  -6.2474799e-02   1.4720800e-01
  -9.0157698e-02   1.2750500e-01
  -1.1535600e-01   9.9545498e-02
  -1.3218500e-01   6.2091199e-02
  -1.3435700e-01   1.9466300e-02
  -1.1990900e-01  -1.9810200e-02
  -9.3161198e-02  -4.7647399e-02
  -6.2408899e-02  -6.0892399e-02
  -3.5003899e-02  -6.2440499e-02
  -1.3452100e-02  -5.8210199e-02
   4.6648399e-03  -5.2342899e-02
   2.3039899e-02  -4.4280599e-02
   4.2178999e-02  -2.9906799e-02
   5.7634999e-02  -5.8126899e-03
   6.2376899e-02   2.6637799e-02
   5.1568399e-02   6.0640099e-02
   2.6181099e-02   8.7308998e-02
  -7.2823698e-03   1.0065900e-01
  -4.0768599e-02   1.0057200e-01
  -6.9409798e-02   9.1647698e-02
  -9.3535198e-02   7.8905298e-02
  -1.1657500e-01   6.3679699e-02
  -1.4059600e-01   4.2832999e-02
  -1.6299200e-01   1.1863300e-02
  -1.7697600e-01  -3.0503399e-02
  -1.7559200e-01  -7.9798898e-02
  -1.5630500e-01  -1.2738400e-01
  -1.2274800e-01  -1.6503800e-01
  -8.2332298e-02  -1.8923600e-01
  -4.1518299e-02  -2.0201100e-01
  -2.2674199e-03  -2.0791500e-01
   3.7734999e-02  -2.0947300e-01
   8.1391798e-02  -2.0467400e-01
   1.2797600e-01  -1.8842500e-01
   1.7171800e-01  -1.5686300e-01
   2.0440000e-01  -1.1122800e-01
   2.2010899e-01  -5.8289099e-02
   2.1864699e-01  -6.9288898e-03
   2.0510500e-01   3.6663899e-02
   1.8595300e-01   7.1677898e-02
   1.6463100e-01   1.0136500e-01
   1.3991100e-01   1.2887100e-01
   1.0820000e-01   1.5348700e-01
   6.7919098e-02   1.7024900e-01
   2.2507199e-02   1.7323900e-01
  -2.0339200e-02   1.6010100e-01
  -5.2754799e-02   1.3433900e-01
  -7.1139798e-02   1.0361600e-01
  -7.7697298e-02   7.5268098e-02
  -7.7998198e-02   5.2325299e-02
  -7.6476198e-02   3.2918799e-02
  -7.3274498e-02   1.3380800e-02
  -6.4797798e-02  -7.4514698e-03
  -4.7480299e-02  -2.6101299e-02
  -2.1818299e-02  -3.6190699e-02
   6.4935298e-03  -3.2791799e-02
   2.9300599e-02  -1.6124800e-02
   4.0646899e-02   8.1942098e-03
   3.9950099e-02   3.2572399e-02
   3.1403299e-02   5.1999599e-02
   2.0151500e-02   6.6396598e-02
   8.1966698e-03   7.9099898e-02
  -6.8538998e-03   9.2767298e-02
  -2.9274999e-02   1.0593600e-01
  -6.0910199e-02   1.1294700e-01
  -9.8406498e-02   1.0738900e-01
  -1.3418800e-01   8.6505298e-02
  -1.6054000e-01   5.3281199e-02
  -1.7384100e-01   1.4640400e-02
  -1.7584700e-01  -2.2903799e-02
  -1.7120700e-01  -5.6905299e-02
  -1.6315700e-01  -8.9280298e-02
  -1.5074200e-01  -1.2313700e-01
  -1.2967800e-01  -1.5867200e-01
  -9.6186298e-02  -1.9136900e-01
  -5.0857399e-02  -2.1396399e-01
   4.5056899e-04  -2.2080499e-01
   4.9446399e-02  -2.1135899e-01
   8.9928198e-02  -1.9028900e-01
   1.2069600e-01  -1.6407100e-01
   1.4478100e-01  -1.3669200e-01
   1.6569800e-01  -1.0765800e-01
   1.8366700e-01  -7.3723598e-02
   1.9473000e-01  -3.2920399e-02
   1.9346800e-01   1.2266500e-02
   1.7726100e-01   5.5111699e-02
   1.4885100e-01   8.8187998e-02
   1.1520700e-01   1.0765700e-01
   8.3507598e-02   1.1515100e-01
   5.7158099e-02   1.1590000e-01
   3.4768599e-02   1.1455300e-01
   1.2722600e-02   1.1188300e-01
  -1.0719900e-02   1.0480800e-01
  -3.2993399e-02   8.9669898e-02
  -4.8379199e-02   6.6179298e-02
  -5.1909699e-02   3.8954099e-02
  -4.3084399e-02   1.5381100e-02
  -2.6581399e-02   1.3214900e-03
  -9.3967198e-03  -2.1889099e-03
   3.4796899e-03   1.1596500e-03
   1.1661200e-02   6.2982198e-03
   1.8378100e-02   1.0794300e-02
   2.6770099e-02   1.6486800e-02
   3.6373099e-02   2.7532299e-02
   4.2551399e-02   4.6398299e-02
   3.9370599e-02   7.0910898e-02
   2.3783999e-02   9.4676398e-02
  -2.0120199e-03   1.1064700e-01
  -3.1828699e-02   1.1522800e-01
  -5.9416799e-02   1.0992200e-01
  -8.2153698e-02   9.9358197e-02
  -1.0177600e-01   8.7273598e-02
  -1.2171000e-01   7.3543298e-02
  -1.4312100e-01   5.4509699e-02
  -1.6279100e-01   2.6344999e-02
  -1.7450000e-01  -1.1146600e-02
  -1.7295000e-01  -5.3224599e-02
  -1.5730900e-01  -9.2468598e-02
  -1.3174000e-01  -1.2297200e-01
  -1.0251700e-01  -1.4339700e-01
  -7.3923898e-02  -1.5668900e-01
  -4.5971599e-02  -1.6675500e-01
  -1.5602200e-02  -1.7472000e-01
   1.9631699e-02  -1.7762400e-01
   5.8297899e-02  -1.7058600e-01
   9.4793298e-02  -1.5077700e-01
   1.2233700e-01  -1.2016900e-01
   1.3706000e-01  -8.4941998e-02
   1.4015800e-01  -5.1932699e-02
   1.3654100e-01  -2.4734899e-02
   1.3102100e-01  -2.3136099e-03
   1.2493200e-01   1.8926000e-02
   1.1570600e-01   4.1276999e-02
   9.9658497e-02   6.3077498e-02
   7.5806898e-02   7.9327798e-02
   4.7738699e-02   8.5137998e-02
   2.2043999e-02   7.9403398e-02
   4.4140299e-03   6.5916998e-02
  -3.7139999e-03   5.1051899e-02
  -5.4991199e-03   3.9720699e-02
  -5.8250398e-03   3.2604999e-02
  -7.4239298e-03   2.6662899e-02
  -8.9338898e-03   1.8439000e-02
  -6.3341598e-03   7.5835798e-03
   3.3774699e-03  -2.1521999e-03
   1.9110399e-02  -5.2470599e-03
   3.5603399e-02   1.6673800e-03
   4.6470399e-02   1.7244900e-02
   4.8137599e-02   3.6161499e-02
   4.1765299e-02   5.2609799e-02
   3.1772999e-02   6.3944898e-02
   2.2141099e-02   7.1787298e-02
   1.3323500e-02   7.9827098e-02
   2.1102799e-03   9.0077798e-02
  -1.5475100e-02   1.0049300e-01
  -4.0479899e-02   1.0581500e-01
  -6.9372898e-02   1.0105400e-01
  -9.5748297e-02   8.5010898e-02
  -1.1415500e-01   6.1193798e-02
  -1.2322600e-01   3.5445899e-02
  -1.2581800e-01   1.2073700e-02
  -1.2612600e-01  -8.6347098e-03
  -1.2601800e-01  -2.9681099e-02
  -1.2340600e-01  -5.4044799e-02
  -1.1387800e-01  -8.1372898e-02
  -9.4357897e-02  -1.0724700e-01
  -6.5995098e-02  -1.2564500e-01
  -3.4047899e-02  -1.3278500e-01
  -4.8188499e-03  -1.2948400e-01
   1.8107100e-02  -1.2029400e-01
   3.5541199e-02  -1.1007400e-01
   5.1094199e-02  -1.0060100e-01
   6.7587598e-02  -8.9757698e-02
   8.4245398e-02  -7.3849098e-02
   9.6830997e-02  -5.1245299e-02
   1.0063800e-01  -2.4520999e-02
   9.4073497e-02   5.8524598e-04
   8.0110798e-02   1.8660099e-02
   6.4490098e-02   2.7965499e-02
   5.1998299e-02   3.1165899e-02
   4.3590999e-02   3.2925199e-02
   3.6471999e-02   3.6218299e-02
   2.6999499e-02   4.0152199e-02
   1.4152600e-02   4.0924199e-02
   8.8521898e-04   3.5152099e-02
  -7.6918298e-03   2.3009299e-02
  -7.9424498e-03   8.7419498e-03
  -4.1130799e-04  -1.8688399e-03
   1.0443100e-02  -5.2302499e-03
   1.9296299e-02  -2.0784899e-03
   2.3506599e-02   3.5310199e-03
   2.4522499e-02   7.5772998e-03
   2.6142599e-02   9.2078997e-03
   3.1005899e-02   1.1279400e-02
   3.8025599e-02   1.7912899e-02
   4.2749599e-02   3.0946099e-02
   4.0405399e-02   4.8002799e-02
   2.9346199e-02   6.3679398e-02
   1.2303900e-02   7.2990198e-02
  -5.4896098e-03   7.4511498e-02
  -1.9899299e-02   7.0896698e-02
  -3.0501299e-02   6.6423998e-02
  -4.0280299e-02   6.3473998e-02
  -5.2691999e-02   6.0626198e-02
  -6.8367998e-02   5.3817898e-02
  -8.4006998e-02   3.9674199e-02
  -9.4327297e-02   1.8469099e-02
  -9.5635597e-02  -5.5511798e-03
  -8.8337697e-02  -2.6755499e-02
  -7.6514998e-02  -4.1704799e-02
  -6.4900598e-02  -5.1059199e-02
  -5.5544798e-02  -5.8423798e-02
  -4.6671099e-02  -6.7059798e-02
  -3.4552199e-02  -7.6988298e-02
  -1.6941300e-02  -8.4703198e-02
   4.5848499e-03  -8.5716598e-02
   2.5182199e-02  -7.8006298e-02
   3.9809899e-02  -6.3747898e-02
   4.6523699e-02  -4.8007099e-02
   4.7533399e-02  -3.5361899e-02
   4.7254699e-02  -2.6979499e-02
   4.8849199e-02  -2.0316899e-02
   5.1876198e-02  -1.1621800e-02
   5.2815598e-02   7.0390198e-04
   4.8041199e-02   1.4459700e-02
   3.6958299e-02   2.4985299e-02
   2.2900599e-02   2.8480499e-02
   1.1078500e-02   2.4797599e-02
   5.1020099e-03   1.7596799e-02
   4.6783599e-03   1.1741800e-02
   6.1905298e-03   9.8958497e-03
   5.6885498e-03   1.0867300e-02
   2.0094399e-03   1.0918000e-02
  -2.3387099e-03   7.0039998e-03
  -3.1860399e-03  -5.4173098e-04
   1.9376599e-03  -7.9409898e-03
   1.1655100e-02  -1.0584900e-02
   2.1453399e-02  -6.3645398e-03
   2.6737899e-02   2.7929999e-03
   2.5942499e-02   1.2336400e-02
   2.1373199e-02   1.8380499e-02
   1.7181899e-02   2.0394399e-02
   1.6031800e-02   2.1278999e-02
   1.6994299e-02   2.4807199e-02
   1.6271600e-02   3.2399399e-02
   1.0188100e-02   4.1703199e-02
  -1.8263499e-03   4.8072099e-02
  -1.6532400e-02   4.7839099e-02
  -2.9002199e-02   4.0924399e-02
  -3.5977599e-02   3.0816899e-02
  -3.7950099e-02   2.1959099e-02
  -3.8418699e-02   1.6516000e-02
  -4.0923199e-02   1.2965600e-02
  -4.6121499e-02   7.5537298e-03
  -5.1139298e-02  -2.5151999e-03
  -5.1684698e-02  -1.6593600e-02
  -4.5325399e-02  -3.0713599e-02
  -3.3442299e-02  -4.0241999e-02
  -2.0377299e-02  -4.3073399e-02
  -1.0414100e-02  -4.0966599e-02
  -4.8610099e-03  -3.8031999e-02
  -1.4202800e-03  -3.7533399e-02
   3.7101799e-03  -3.9428799e-02
   1.2623100e-02  -4.0504999e-02
   2.3830299e-02  -3.6985999e-02
   3.3160899e-02  -2.7622299e-02
   3.6755799e-02  -1.4905300e-02
   3.3893099e-02  -3.4750999e-03
   2.7513399e-02   3.0867999e-03
   2.2049399e-02   4.6701499e-03
   2.0202999e-02   4.4500199e-03
   2.1095899e-02   6.2668498e-03
   2.1173099e-02   1.1571800e-02
   1.7149899e-02   1.8255099e-02
   8.7483997e-03   2.2238999e-02
  -8.6159897e-04   2.0618899e-02
  -7.2596098e-03   1.3965600e-02
  -7.9533398e-03   6.0384798e-03
  -4.1417199e-03   1.1220400e-03
   2.6104899e-04   9.9021697e-04
   1.5930300e-03   3.7798299e-03
  -8.4315797e-04   5.6033198e-03
  -4.3661599e-03   3.6590999e-03
  -5.0956798e-03  -1.5277600e-03
  -1.0573600e-03  -6.4339998e-03
   6.1515198e-03  -7.1832798e-03
   1.2404600e-02  -2.5009999e-03
   1.4014000e-02   5.2596998e-03
   1.0384700e-02   1.1797300e-02
   4.3592999e-03   1.3977600e-02
   6.4890498e-06   1.2037500e-02
  -4.6415999e-04   9.2251497e-03
   1.6751499e-03   9.1699297e-03
   2.7284199e-03   1.2990200e-02
  -5.0005098e-04   1.8336299e-02
  -8.1412697e-03   2.1096099e-02
  -1.7005399e-02   1.8469199e-02
  -2.2831599e-02   1.1085300e-02
  -2.3347799e-02   2.5671899e-03
  -1.9833799e-02  -3.1273399e-03
  -1.6022199e-02  -4.5726699e-03
  -1.5183600e-02  -3.7924799e-03
  -1.7610599e-02  -4.5489199e-03
  -2.0406299e-02  -9.3167597e-03
  -1.9726999e-02  -1.7245699e-02
  -1.3776200e-02  -2.4658999e-02
  -4.2749499e-03  -2.7713199e-02
   4.7034198e-03  -2.5208699e-02
   9.6556497e-03  -1.9430899e-02
   1.0122300e-02  -1.4396200e-02
   8.8546697e-03  -1.2836000e-02
   9.5662697e-03  -1.4202300e-02
   1.3985400e-02  -1.5194400e-02
   2.0447799e-02  -1.2393900e-02
   2.5094099e-02  -5.0005498e-03
   2.4762299e-02   4.4086199e-03
   1.9383599e-02   1.1675900e-02
   1.2070400e-02   1.4056900e-02
   6.8340298e-03   1.2155100e-02
   5.6581098e-03   9.3434797e-03
   7.1364798e-03   9.1261797e-03
   7.6911798e-03   1.2443800e-02
   4.4324899e-03   1.6962799e-02
  -2.5157099e-03   1.8878899e-02
  -9.9906197e-03   1.5859699e-02
  -1.4084700e-02   8.8939997e-03
  -1.3023200e-02   1.6452599e-03
  -8.4522997e-03  -2.2011799e-03
  -4.1695599e-03  -1.5940899e-03
  -3.2660099e-03   1.2243100e-03
  -5.8419298e-03   2.5394099e-03
  -9.0180297e-03   7.3768498e-05
  -9.2199897e-03  -5.2241198e-03
  -4.9946798e-03  -9.8649697e-03
   1.7811799e-03  -1.0454100e-02
   7.2169498e-03  -6.2781698e-03
   8.2537097e-03   1.1447300e-04
   4.8902798e-03   4.7766598e-03
   1.1408500e-04   5.2579498e-03
  -2.3994699e-03   2.3473599e-03
  -1.0706800e-03  -6.4287898e-04
   2.4239199e-03  -4.9531798e-04
   4.4844999e-03   3.3862899e-03
   2.3944099e-03   8.4589197e-03
  -3.5320799e-03   1.0921600e-02
  -1.0089800e-02   8.5701897e-03
  -1.3505200e-02   2.4652399e-03
  -1.2186200e-02  -3.8435099e-03
  -7.8275997e-03  -6.9454498e-03
  -4.0462999e-03  -6.0606898e-03
  -3.5939399e-03  -3.5176399e-03
  -6.2606798e-03  -2.8690199e-03
  -9.0557897e-03  -6.0860298e-03
  -8.5206597e-03  -1.1963400e-02
  -3.4160199e-03  -1.6945399e-02
   4.2539199e-03  -1.7746899e-02
   1.0656000e-02  -1.3788600e-02
   1.2911200e-02  -7.6086997e-03
   1.1146400e-02  -2.9474999e-03
   8.2731597e-03  -1.9608399e-03
   7.6771997e-03  -3.6684999e-03
   1.0577600e-02  -4.8024998e-03
   1.5059999e-02  -2.3999699e-03
   1.7513299e-02   3.8330399e-03
   1.5376099e-02   1.1181700e-02
   9.1140597e-03   1.5865599e-02
   1.9295299e-03   1.5796199e-02
  -2.5719799e-03   1.2068800e-02
  -2.9960199e-03   8.0692797e-03
  -1.0835000e-03   6.8829098e-03
  -2.5996499e-04   8.9706297e-03
  -2.9226899e-03   1.1868400e-02
  -8.5286197e-03   1.2127200e-02
  -1.3933100e-02   8.0155897e-03
  -1.5721599e-02   9.3124797e-04
  -1.2768100e-02  -5.5481298e-03
  -7.0862798e-03  -8.2586497e-03
  -2.3347799e-03  -6.7302098e-03
  -1.1095600e-03  -3.4373899e-03
  -3.0706899e-03  -1.8443299e-03
  -5.3100598e-03  -3.7335599e-03
  -4.6675198e-03  -7.8436597e-03
  -2.3014399e-04  -1.0842500e-02
   5.8835298e-03  -9.8910897e-03
   1.0049000e-02  -4.8520098e-03
   9.8163897e-03   1.5329299e-03
   5.7195398e-03   5.6287898e-03
   8.5147297e-04   5.5572598e-03
  -1.4662199e-03   2.5117599e-03
  -1.5326999e-04  -2.4482299e-04
   2.8841399e-03   7.1924297e-05
   4.2857399e-03   3.6109699e-03
   1.8746399e-03   7.7531097e-03
  -3.6048099e-03   9.0982397e-03
  -8.9674697e-03   6.0629198e-03
  -1.0922700e-02   1.2022300e-04
  -8.4988297e-03  -5.2556298e-03
  -3.7284499e-03  -7.1399597e-03
  -8.3955197e-05  -5.2769598e-03
   1.4492499e-04  -2.1734399e-03
  -2.4532799e-03  -1.1094700e-03
  -4.9195398e-03  -3.5829499e-03
  -4.2403898e-03  -8.1274097e-03
   2.9034099e-04  -1.1396500e-02
   6.4561298e-03  -1.0690300e-02
   1.0715400e-02  -6.0094298e-03
   1.0803800e-02  -8.3076797e-05
   7.3756897e-03   3.6457499e-03
   3.4520799e-03   3.5536599e-03
   2.1020299e-03   9.7669197e-04
   4.1178899e-03  -8.9451797e-04
   7.4420297e-03   4.8440598e-04
   8.7712097e-03   5.0159698e-03
   6.1152098e-03   9.9828696e-03
   3.6770299e-04   1.2068700e-02
  -5.3008198e-03   9.8458596e-03
  -7.7679397e-03   4.8485098e-03
  -6.2444998e-03   4.2402398e-04
  -2.7977899e-03  -7.6481497e-04
  -7.2686397e-04   1.3031900e-03
  -2.0285799e-03   4.0647499e-03
  -5.8749898e-03   4.3887798e-03
  -9.2505197e-03   1.0164200e-03
  -9.2593897e-03  -4.4269098e-03
  -5.3510998e-03  -8.6127797e-03
   2.2197799e-04  -8.9876797e-03
   4.0594199e-03  -5.6727398e-03
   4.1267099e-03  -1.3515200e-03
   1.2294400e-03   7.6277397e-04
  -1.6594499e-03  -6.6084798e-04
  -1.7002999e-03  -4.1027599e-03
   1.6321499e-03  -6.3922398e-03
   6.1375298e-03  -5.1574498e-03
   8.5545097e-03  -6.6557598e-04
   7.0356797e-03   4.3399898e-03
   2.5571899e-03   6.6794798e-03
  -1.8015299e-03   5.1079198e-03
  -3.1596199e-03   1.2256400e-03
  -9.7579296e-04  -1.7548799e-03
   2.5865399e-03  -1.4467399e-03
   4.3379598e-03   1.9151899e-03
   2.5073399e-03   5.6740798e-03
  -1.9003699e-03   6.7876097e-03
  -5.8570198e-03   4.1530798e-03
  -6.5991098e-03  -5.4000798e-04
  -3.7153599e-03  -4.0722598e-03
   5.4484598e-04  -4.1121698e-03
   2.9713799e-03  -9.5892396e-04
   1.8116499e-03   2.7046299e-03
  -1.9217199e-03   3.8559499e-03
  -5.2376198e-03   1.4229699e-03
  -5.4449898e-03  -2.9109899e-03
  -2.1949799e-03  -5.9902698e-03
   2.2567999e-03  -5.5800298e-03
   4.7603598e-03  -2.0552699e-03
   3.6537299e-03   1.8899399e-03
   1.3409399e-05   3.2875799e-03
  -3.1704799e-03   1.1433000e-03
  -3.2649099e-03  -2.8140099e-03
   9.7739796e-06  -5.4435498e-03
   4.3663798e-03  -4.5681498e-03
   6.6758297e-03  -6.1587798e-04
   5.3209898e-03   3.7098199e-03
   1.3986599e-03   5.4747598e-03
  -2.1338099e-03   3.7212099e-03
  -2.7137999e-03   1.6812899e-04
  -1.1882300e-04  -2.1198599e-03
   3.3696799e-03  -1.0808800e-03
   4.7041098e-03   2.7590799e-03
   2.3910099e-03   6.6628397e-03
  -2.3619999e-03   7.7321897e-03
  -6.5367798e-03   5.0790098e-03
  -7.5545497e-03   4.7803798e-04
  -5.1819498e-03  -2.9852099e-03
  -1.6562699e-03  -3.2413499e-03
   5.5614498e-05  -7.7566497e-04
  -1.4613499e-03   1.7820299e-03
  -4.9791198e-03   1.6983299e-03
  -7.5499097e-03  -1.7429599e-03
  -6.7420797e-03  -6.6476797e-03
  -2.4952999e-03  -9.8939196e-03
   2.8067599e-03  -9.4435396e-03
   6.0967798e-03  -5.8367098e-03
   5.8833498e-03  -1.7463399e-03
   3.3037199e-03   6.1138398e-05
   1.1827000e-03  -1.1906200e-03
   1.8211599e-03  -3.7361199e-03
   5.1962298e-03  -4.6597298e-03
   8.9384397e-03  -2.1698799e-03
   1.0102200e-02   2.9707999e-03
   7.3893097e-03   7.9436097e-03
   2.1439499e-03   9.9240796e-03
  -2.6279399e-03   8.1363697e-03
  -4.4705698e-03   4.3654098e-03
  -3.2482599e-03   1.5507199e-03
  -1.1426900e-03   1.5363499e-03
  -8.9217797e-04   3.6843599e-03
  -3.6178399e-03   5.3986898e-03
  -7.8899397e-03   4.1565798e-03
  -1.0744600e-02  -4.9663698e-04
  -9.8825296e-03  -6.5030397e-03
  -5.3897398e-03  -1.0736600e-02
   3.1750199e-04  -1.1247400e-02
   4.2745398e-03  -8.6156797e-03
   5.1271998e-03  -5.4046698e-03
   4.0388298e-03  -4.1401198e-03
   3.6708399e-03  -5.3568998e-03
   6.0229298e-03  -7.1940397e-03
   1.0780100e-02  -6.8425097e-03
   1.5425699e-02  -2.7443799e-03
   1.7040799e-02   4.1250798e-03
   1.4432299e-02   1.0865600e-02
   8.9891996e-03   1.4693599e-02
   3.6268499e-03   1.4880299e-02
   6.2576398e-04   1.3133199e-02
   1.1858100e-06   1.2149900e-02
  -3.7104199e-04   1.3455299e-02
  -2.9810799e-03   1.6169699e-02
  -8.6210897e-03   1.7643599e-02
  -1.5604999e-02   1.5479099e-02
  -2.0871499e-02   9.4033596e-03
  -2.2144499e-02   1.5782099e-03
  -1.9525499e-02  -4.8929698e-03
  -1.5327799e-02  -8.1346197e-03
  -1.2288500e-02  -8.7157897e-03
  -1.1521000e-02  -9.0114796e-03
  -1.1754600e-02  -1.1212200e-02
  -1.0428900e-02  -1.5505599e-02
  -5.7999698e-03  -1.9817299e-02
   1.5481199e-03  -2.1312199e-02
   8.9431196e-03  -1.8522099e-02
   1.3443799e-02  -1.2491199e-02
   1.3874699e-02  -6.0747398e-03
   1.1552200e-02  -1.9197799e-03
   9.1699596e-03  -6.4895697e-04
   8.7017096e-03  -6.0553998e-04
   9.9157896e-03   6.6820497e-04
   1.0623300e-02   4.3600698e-03
   8.4627997e-03   9.3089996e-03
   2.8586099e-03   1.2746399e-02
  -4.3414298e-03   1.2303799e-02
  -1.0042700e-02   7.7741697e-03
  -1.2017700e-02   1.2986899e-03
  -1.0374400e-02  -4.1570298e-03
  -7.2886997e-03  -6.8873197e-03
  -5.2241098e-03  -7.5242297e-03
  -5.0020998e-03  -8.3123197e-03
  -5.1893698e-03  -1.1152800e-02
  -3.2640099e-03  -1.5919299e-02
   2.3303999e-03  -2.0338299e-02
   1.0807500e-02  -2.1537699e-02
   1.9390399e-02  -1.8103399e-02
   2.5140099e-02  -1.1098800e-02
   2.6892699e-02  -3.2853299e-03
   2.5862299e-02   2.8602799e-03
   2.4479499e-02   6.8344697e-03
   2.4367299e-02   1.0237200e-02
   2.5004799e-02   1.5266199e-02
   2.4095499e-02   2.2739699e-02
   1.9362599e-02   3.1165599e-02
   1.0407800e-02   3.7581798e-02
  -7.8087797e-04   3.9548698e-02
  -1.1064600e-02   3.6802898e-02
  -1.8212399e-02   3.1337999e-02
  -2.2245199e-02   2.5866299e-02
  -2.5076699e-02   2.1832499e-02
  -2.8751299e-02   1.8478999e-02
  -3.3638999e-02   1.3656899e-02
  -3.7971598e-02   5.7470498e-03
