1.003E2	-0E0	-1.4913E2	5.0298E1
3.452E2	-1.835E2	-1.4913E2	5.0617E1
2.062E2	-3.069E2	-1.4913E2	5.0934E1
3.239E1	-3.375E2	-1.4914E2	5.1252E1
-1.196E2	-2.762E2	-1.4916E2	5.1578E1
-2.063E2	-1.548E2	-1.4917E2	5.1914E1
-2.118E2	-2.186E1	-1.4918E2	5.2257E1
-1.505E2	7.736E1	-1.4918E2	5.2603E1
-5.767E1	1.168E2	-1.4918E2	5.2945E1
2.645E1	9.674E1	-1.4917E2	5.3282E1
7.297E1	3.899E1	-1.4916E2	5.3618E1
7.323E1	-2.504E1	-1.4915E2	5.3951E1
3.833E1	-6.867E1	-1.4913E2	5.4281E1
-9.497E0	-7.96E1	-1.4912E2	5.4603E1
-4.843E1	-6.175E1	-1.4912E2	5.4921E1
-6.62E1	-2.982E1	-1.4912E2	5.5239E1
-6.308E1	-1.14E-1	-1.4912E2	5.5562E1
-4.847E1	1.727E1	-1.4913E2	5.5888E1
-3.387E1	2.165E1	-1.4914E2	5.6216E1
-2.638E1	1.955E1	-1.4915E2	5.6546E1
-2.584E1	1.911E1	-1.4916E2	5.6879E1
-2.653E1	2.47E1	-1.4917E2	5.7218E1
-2.193E1	3.457E1	-1.4917E2	5.756E1
-9.319E0	4.246E1	-1.4917E2	5.79E1
8.191E0	4.192E1	-1.4917E2	5.8237E1
2.334E1	3.059E1	-1.4918E2	5.8572E1
2.887E1	1.208E1	-1.4918E2	5.891E1
2.173E1	-5.678E0	-1.4918E2	5.9251E1
5.033E0	-1.443E1	-1.4918E2	5.9594E1
-1.331E1	-9.909E0	-1.4918E2	5.9934E1
-2.444E1	6.025E0	-1.4918E2	6.0273E1
-2.283E1	2.631E1	-1.4917E2	6.061E1
-8.698E0	4.218E1	-1.4917E2	6.0947E1
1.243E1	4.727E1	-1.4917E2	6.1283E1
3.276E1	4.026E1	-1.4918E2	6.162E1
4.598E1	2.474E1	-1.4918E2	6.1958E1
4.984E1	6.801E0	-1.4918E2	6.2298E1
4.629E1	-8.355E0	-1.4918E2	6.2639E1
3.944E1	-1.869E1	-1.4919E2	6.2978E1
3.266E1	-2.55E1	-1.4919E2	6.3318E1
2.661E1	-3.151E1	-1.492E2	6.3662E1
1.932E1	-3.829E1	-1.492E2	6.4012E1
8.171E0	-4.461E1	-1.4921E2	6.4366E1
-7.539E0	-4.677E1	-1.492E2	6.4719E1
-2.506E1	-4.095E1	-1.4919E2	6.5069E1
-3.881E1	-2.596E1	-1.4918E2	6.5414E1
-4.298E1	-4.99E0	-1.4917E2	6.5756E1
-3.487E1	1.51E1	-1.4916E2	6.6094E1
-1.688E1	2.662E1	-1.4915E2	6.6431E1
3.778E0	2.484E1	-1.4914E2	6.6762E1
1.811E1	1.067E1	-1.4914E2	6.7089E1
1.948E1	-9.23E0	-1.4915E2	6.7417E1
6.956E0	-2.521E1	-1.4917E2	6.7755E1
-1.391E1	-2.905E1	-1.4918E2	6.8103E1
-3.342E1	-1.786E1	-1.4919E2	6.8457E1
-4.206E1	4.324E0	-1.4919E2	6.8809E1
-3.501E1	2.827E1	-1.492E2	6.9158E1
-1.438E1	4.368E1	-1.492E2	6.9506E1
1.17E1	4.387E1	-1.4921E2	6.9857E1
3.276E1	2.874E1	-1.4921E2	7.021E1
4.066E1	4.704E0	-1.4921E2	7.0564E1
3.316E1	-1.837E1	-1.4921E2	7.0916E1
1.453E1	-3.169E1	-1.4921E2	7.1267E1
-6.714E0	-3.127E1	-1.4921E2	7.162E1
-2.197E1	-1.929E1	-1.4922E2	7.1975E1
-2.632E1	-2.491E0	-1.4922E2	7.2331E1
-2.033E1	1.143E1	-1.4922E2	7.2688E1
-9.024E0	1.748E1	-1.4922E2	7.3045E1
1.145E0	1.534E1	-1.4921E2	7.3401E1
5.715E0	8.84E0	-1.4921E2	7.3754E1
4.262E0	3.313E0	-1.4921E2	7.4104E1
9.472E-2	2.465E0	-1.4921E2	7.4458E1
-2.06E0	6.347E0	-1.4922E2	7.4817E1
9.567E-1	1.153E1	-1.4922E2	7.518E1
8.746E0	1.328E1	-1.4921E2	7.5543E1
1.743E1	8.47E0	-1.492E2	7.59E1
2.174E1	-2.352E0	-1.492E2	7.6256E1
1.803E1	-1.49E1	-1.492E2	7.6614E1
6.485E0	-2.318E1	-1.492E2	7.6979E1
-8.551E0	-2.262E1	-1.4919E2	7.7348E1
-2.051E1	-1.253E1	-1.4918E2	7.7714E1
-2.374E1	3.195E0	-1.4916E2	7.8072E1
-1.636E1	1.776E1	-1.4914E2	7.8422E1
-1.353E0	2.46E1	-1.4913E2	7.8768E1
1.473E1	2.052E1	-1.4912E2	7.9111E1
2.473E1	7.268E0	-1.4912E2	7.9453E1
2.425E1	-9.273E0	-1.4912E2	7.9795E1
1.362E1	-2.177E1	-1.4913E2	8.014E1
-2.291E0	-2.482E1	-1.4915E2	8.0492E1
-1.636E1	-1.736E1	-1.4916E2	8.0853E1
-2.252E1	-2.991E0	-1.4917E2	8.1221E1
-1.841E1	1.178E1	-1.4918E2	8.1592E1
-6.215E0	2.059E1	-1.4918E2	8.1963E1
8.527E0	2.001E1	-1.4918E2	8.2332E1
1.962E1	1.08E1	-1.4917E2	8.2699E1
2.293E1	-2.789E0	-1.4917E2	8.3063E1
1.793E1	-1.52E1	-1.4916E2	8.3425E1
7.473E0	-2.213E1	-1.4916E2	8.3785E1
-3.959E0	-2.215E1	-1.4916E2	8.4143E1
-1.246E1	-1.683E1	-1.4917E2	8.45E1
-1.633E1	-9.426E0	-1.4918E2	8.4861E1
-1.632E1	-2.948E0	-1.4919E2	8.5229E1
-1.461E1	1.255E0	-1.4921E2	8.5604E1
-1.321E1	3.787E0	-1.4922E2	8.5984E1
-1.267E1	6.316E0	-1.4922E2	8.6366E1
-1.193E1	1.012E1	-1.4922E2	8.6746E1
-9.146E0	1.497E1	-1.4922E2	8.7124E1
-3.175E0	1.902E1	-1.4922E2	8.7505E1
5.379E0	1.978E1	-1.4922E2	8.7887E1
1.405E1	1.559E1	-1.4922E2	8.8271E1
1.954E1	6.844E0	-1.4921E2	8.8653E1
1.934E1	-3.833E0	-1.492E2	8.9034E1
1.313E1	-1.26E1	-1.4919E2	8.9412E1
3.163E0	-1.61E1	-1.4919E2	8.9792E1
-6.629E0	-1.31E1	-1.4918E2	9.0176E1
-1.233E1	-5.072E0	-1.4917E2	9.0563E1
-1.182E1	4.352E0	-1.4915E2	9.0948E1
-5.726E0	1.107E1	-1.4912E2	9.1327E1
2.939E0	1.233E1	-1.491E2	9.1697E1
1.019E1	7.941E0	-1.4907E2	9.2057E1
1.294E1	2.024E-1	-1.4906E2	9.2411E1
1.029E1	-7.252E0	-1.4906E2	9.2765E1
3.858E0	-1.121E1	-1.4907E2	9.3126E1
-3.211E0	-1.03E1	-1.4908E2	9.3496E1
-7.79E0	-5.494E0	-1.4909E2	9.3874E1
-8.232E0	5.886E-1	-1.491E2	9.4256E1
-4.992E0	5.069E0	-1.4911E2	9.464E1
-1.827E-1	6.211E0	-1.4911E2	9.5026E1
3.647E0	4.144E0	-1.4911E2	9.5417E1
4.842E0	5.763E-1	-1.4911E2	9.5813E1
3.397E0	-2.264E0	-1.491E2	9.6209E1
7.988E-1	-2.887E0	-1.4909E2	9.6601E1
-9.309E-1	-1.317E0	-1.4907E2	9.6986E1
-4.317E-1	9.873E-1	-1.4905E2	9.7367E1
2.189E0	2.011E0	-1.4904E2	9.7744E1
5.366E0	3.619E-1	-1.4903E2	9.8118E1
6.895E0	-3.87E0	-1.4902E2	9.8491E1
5.115E0	-9.027E0	-1.4902E2	9.8866E1
-1.325E-1	-1.262E1	-1.4902E2	9.9245E1
-7.289E0	-1.255E1	-1.4902E2	9.9627E1
-1.37E1	-8.131E0	-1.4902E2	1.0001E2
-1.678E1	-5.162E-1	-1.4902E2	1.0039E2
-1.519E1	7.754E0	-1.4903E2	1.0077E2
-9.403E0	1.383E1	-1.4904E2	1.0115E2
-1.488E0	1.577E1	-1.4905E2	1.0154E2
5.789E0	1.326E1	-1.4905E2	1.0194E2
1.014E1	7.664E0	-1.4906E2	1.0233E2
1.06E1	1.337E0	-1.4907E2	1.0273E2
7.81E0	-3.442E0	-1.4908E2	1.0313E2
3.502E0	-5.356E0	-1.4908E2	1.0355E2
-3.267E-1	-4.43E0	-1.4907E2	1.0396E2
-2.277E0	-1.801E0	-1.4905E2	1.0437E2
-2.003E0	9.522E-1	-1.4903E2	1.0477E2
-1.458E-1	2.542E0	-1.4902E2	1.0516E2
2.139E0	2.441E0	-1.49E2	1.0555E2
3.773E0	9.22E-1	-1.4899E2	1.0594E2
4.173E0	-1.255E0	-1.4899E2	1.0633E2
3.336E0	-3.279E0	-1.4899E2	1.0671E2
1.645E0	-4.617E0	-1.49E2	1.0711E2
-4.293E-1	-5.084E0	-1.4901E2	1.0751E2
-2.54E0	-4.715E0	-1.4901E2	1.0792E2
-4.475E0	-3.568E0	-1.4901E2	1.0833E2
-6.021E0	-1.641E0	-1.4901E2	1.0874E2
-6.835E0	1.044E0	-1.49E2	1.0916E2
-6.455E0	4.249E0	-1.4899E2	1.0957E2
-4.487E0	7.385E0	-1.4898E2	1.0998E2
-9.076E-1	9.56E0	-1.4896E2	1.1039E2
3.737E0	9.868E0	-1.4894E2	1.1079E2
8.355E0	7.786E0	-1.4893E2	1.1119E2
1.162E1	3.497E0	-1.4893E2	1.1159E2
1.248E1	-2.047E0	-1.4892E2	1.1199E2
1.055E1	-7.409E0	-1.4891E2	1.1239E2
6.346E0	-1.117E1	-1.4891E2	1.128E2
1.063E0	-1.244E1	-1.489E2	1.1321E2
-3.856E0	-1.117E1	-1.489E2	1.1362E2
-7.277E0	-8.12E0	-1.4889E2	1.1403E2
-8.749E0	-4.423E0	-1.4888E2	1.1444E2
-8.554E0	-1.139E0	-1.4886E2	1.1484E2
-7.433E0	1.168E0	-1.4885E2	1.1524E2
-6.15E0	2.533E0	-1.4885E2	1.1564E2
-5.124E0	3.398E0	-1.4886E2	1.1604E2
-4.3E0	4.24E0	-1.4886E2	1.1645E2
-3.305E0	5.239E0	-1.4886E2	1.1686E2
-1.784E0	6.166E0	-1.4887E2	1.1727E2
2.987E-1	6.53E0	-1.4888E2	1.1768E2
2.552E0	5.906E0	-1.4889E2	1.1811E2
4.32E0	4.239E0	-1.489E2	1.1853E2
5.013E0	1.957E0	-1.489E2	1.1897E2
4.443E0	-1.897E-1	-1.4889E2	1.194E2
2.952E0	-1.473E0	-1.4888E2	1.1983E2
1.283E0	-1.543E0	-1.4887E2	1.2026E2
2.353E-1	-6.143E-1	-1.4886E2	1.2069E2
2.758E-1	6.381E-1	-1.4884E2	1.2111E2
1.318E0	1.4E0	-1.4882E2	1.2152E2
2.767E0	1.118E0	-1.4882E2	1.2193E2
3.813E0	-2.382E-1	-1.4881E2	1.2235E2
3.825E0	-2.165E0	-1.4882E2	1.2277E2
2.647E0	-3.877E0	-1.4882E2	1.2319E2
6.583E-1	-4.68E0	-1.4882E2	1.2362E2
-1.428E0	-4.286E0	-1.4882E2	1.2405E2
-2.906E0	-2.914E0	-1.4882E2	1.2448E2
-3.392E0	-1.142E0	-1.4882E2	1.2491E2
-2.949E0	3.939E-1	-1.4882E2	1.2534E2
-1.989E0	1.298E0	-1.4882E2	1.2577E2
-1.004E0	1.549E0	-1.4882E2	1.2621E2
-3.038E-1	1.423E0	-1.4881E2	1.2664E2
1.129E-1	1.258E0	-1.4881E2	1.2708E2
4.846E-1	1.22E0	-1.4882E2	1.2752E2
1.065E0	1.185E0	-1.4881E2	1.2797E2
1.893E0	8.327E-1	-1.488E2	1.2841E2
2.691E0	-1.263E-1	-1.4879E2	1.2885E2
2.971E0	-1.703E0	-1.4878E2	1.2929E2
2.29E0	-3.525E0	-1.4877E2	1.2973E2
5.258E-1	-4.937E0	-1.4876E2	1.3017E2
-1.977E0	-5.282E0	-1.4875E2	1.306E2
-4.492E0	-4.224E0	-1.4875E2	1.3104E2
-6.19E0	-1.938E0	-1.4875E2	1.3149E2
-6.497E0	9.157E-1	-1.4874E2	1.3193E2
-5.347E0	3.458E0	-1.4873E2	1.3237E2
-3.214E0	4.954E0	-1.4872E2	1.3281E2
-8.974E-1	5.117E0	-1.4872E2	1.3325E2
8.328E-1	4.204E0	-1.4872E2	1.3369E2
1.561E0	2.859E0	-1.4872E2	1.3414E2
1.377E0	1.796E0	-1.4872E2	1.3459E2
7.822E-1	1.466E0	-1.4871E2	1.3504E2
4.12E-1	1.866E0	-1.4871E2	1.3549E2
7.146E-1	2.588E0	-1.4871E2	1.3593E2
1.741E0	3.042E0	-1.4871E2	1.3638E2
3.14E0	2.765E0	-1.4872E2	1.3684E2
4.35E0	1.638E0	-1.4872E2	1.373E2
4.869E0	-6.902E-2	-1.4872E2	1.3776E2
4.485E0	-1.845E0	-1.4871E2	1.3821E2
3.345E0	-3.181E0	-1.4871E2	1.3867E2
1.849E0	-3.784E0	-1.4872E2	1.3914E2
4.449E-1	-3.671E0	-1.4872E2	1.3961E2
-5.661E-1	-3.094E0	-1.4871E2	1.4008E2
-1.122E0	-2.375E0	-1.4869E2	1.4056E2
-1.349E0	-1.738E0	-1.4868E2	1.4102E2
-1.432E0	-1.237E0	-1.4866E2	1.4148E2
-1.471E0	-7.906E-1	-1.4865E2	1.4193E2
-1.431E0	-3.111E-1	-1.4865E2	1.4239E2
-1.199E0	1.88E-1	-1.4865E2	1.4285E2
-7.016E-1	5.597E-1	-1.4865E2	1.4332E2
-1.518E-2	5.995E-1	-1.4865E2	1.4378E2
6.219E-1	1.831E-1	-1.4865E2	1.4425E2
9.024E-1	-6.195E-1	-1.4865E2	1.4473E2
6.103E-1	-1.527E0	-1.4864E2	1.452E2
-2.441E-1	-2.155E0	-1.4864E2	1.4568E2
-1.395E0	-2.19E0	-1.4863E2	1.4615E2
-2.423E0	-1.556E0	-1.4863E2	1.4663E2
-2.949E0	-4.613E-1	-1.4863E2	1.471E2
-2.814E0	6.909E-1	-1.4863E2	1.4758E2
-2.155E0	1.496E0	-1.4862E2	1.4807E2
-1.336E0	1.747E0	-1.4862E2	1.4855E2
-7.505E-1	1.532E0	-1.4862E2	1.4903E2
-6.188E-1	1.181E0	-1.4861E2	1.4951E2
-8.675E-1	1.077E0	-1.4861E2	1.5E2
-1.167E0	1.445E0	-1.486E2	1.5049E2
-1.112E0	2.211E0	-1.486E2	1.5098E2
-4.468E-1	3.021E0	-1.4859E2	1.5147E2
7.766E-1	3.416E0	-1.4858E2	1.5196E2
2.194E0	3.067E0	-1.4856E2	1.5245E2
3.291E0	1.957E0	-1.4855E2	1.5293E2
3.649E0	4.152E-1	-1.4854E2	1.5341E2
3.149E0	-1.028E0	-1.4854E2	1.539E2
2.04E0	-1.888E0	-1.4854E2	1.5438E2
8.162E-1	-1.952E0	-1.4854E2	1.5487E2
-1.94E-2	-1.374E0	-1.4854E2	1.5537E2
-1.957E-1	-5.854E-1	-1.4854E2	1.5586E2
2.03E-1	-7.434E-2	-1.4854E2	1.5635E2
7.958E-1	-1.322E-1	-1.4854E2	1.5685E2
1.114E0	-7.102E-1	-1.4855E2	1.5735E2
8.544E-1	-1.451E0	-1.4855E2	1.5786E2
4.37E-2	-1.879E0	-1.4854E2	1.5837E2
-9.65E-1	-1.66E0	-1.4854E2	1.5887E2
-1.668E0	-7.835E-1	-1.4854E2	1.5938E2
-1.669E0	4.125E-1	-1.4855E2	1.5989E2
-8.854E-1	1.394E0	-1.4855E2	1.604E2
3.916E-1	1.69E0	-1.4855E2	1.6092E2
1.628E0	1.116E0	-1.4855E2	1.6144E2
2.29E0	-1.265E-1	-1.4854E2	1.6196E2
2.089E0	-1.55E0	-1.4853E2	1.6248E2
1.104E0	-2.602E0	-1.4852E2	1.6301E2
-2.667E-1	-2.914E0	-1.4851E2	1.6353E2
-1.509E0	-2.449E0	-1.485E2	1.6405E2
-2.225E0	-1.489E0	-1.4849E2	1.6456E2
-2.302E0	-4.675E-1	-1.4848E2	1.6508E2
-1.918E0	2.467E-1	-1.4847E2	1.656E2
-1.416E0	5.181E-1	-1.4847E2	1.6612E2
-1.101E0	4.704E-1	-1.4846E2	1.6664E2
-1.08E0	3.768E-1	-1.4846E2	1.6717E2
-1.237E0	4.793E-1	-1.4845E2	1.6769E2
-1.322E0	8.419E-1	-1.4845E2	1.6822E2
-1.13E0	1.318E0	-1.4844E2	1.6874E2
-6.327E-1	1.648E0	-1.4844E2	1.6927E2
-1.515E-2	1.628E0	-1.4844E2	1.698E2
4.307E-1	1.251E0	-1.4844E2	1.7034E2
4.809E-1	7.361E-1	-1.4844E2	1.7088E2
1.318E-1	4.22E-1	-1.4844E2	1.7142E2
-3.64E-1	5.742E-1	-1.4844E2	1.7196E2
-6.068E-1	1.214E0	-1.4843E2	1.7251E2
-2.581E-1	2.064E0	-1.4843E2	1.7305E2
7.592E-1	2.651E0	-1.4843E2	1.736E2
2.176E0	2.531E0	-1.4842E2	1.7415E2
3.461E0	1.516E0	-1.4841E2	1.747E2
4.051E0	-1.93E-1	-1.484E2	1.7525E2
3.604E0	-2.064E0	-1.4839E2	1.758E2
2.184E0	-3.442E0	-1.4838E2	1.7635E2
2.47E-1	-3.833E0	-1.4838E2	1.769E2
-1.538E0	-3.122E0	-1.4838E2	1.7746E2
-2.571E0	-1.62E0	-1.4838E2	1.7801E2
-2.57E0	7.326E-2	-1.4837E2	1.7857E2
-1.676E0	1.333E0	-1.4837E2	1.7914E2
-3.597E-1	1.77E0	-1.4837E2	1.7971E2
8.046E-1	1.377E0	-1.4835E2	1.8028E2
1.399E0	4.848E-1	-1.4834E2	1.8085E2
1.325E0	-4.27E-1	-1.4832E2	1.8142E2
8.058E-1	-9.718E-1	-1.483E2	1.8199E2
2.259E-1	-1.029E0	-1.4828E2	1.8255E2
-8.614E-2	-7.65E-1	-1.4827E2	1.8311E2
-3.118E-2	-5.084E-1	-1.4826E2	1.8367E2
2.245E-1	-5.416E-1	-1.4826E2	1.8424E2
3.611E-1	-9.33E-1	-1.4825E2	1.8481E2
1.002E-1	-1.491E0	-1.4825E2	1.8538E2
-6.22E-1	-1.864E0	-1.4825E2	1.8595E2
-1.598E0	-1.734E0	-1.4824E2	1.8653E2
-2.438E0	-9.982E-1	-1.4824E2	1.8712E2
-2.764E0	1.569E-1	-1.4823E2	1.877E2
-2.399E0	1.33E0	-1.4822E2	1.8828E2
-1.47E0	2.09E0	-1.4822E2	1.8887E2
-3.53E-1	2.185E0	-1.4821E2	1.8945E2
5.012E-1	1.663E0	-1.482E2	1.9004E2
7.832E-1	8.518E-1	-1.4819E2	1.9063E2
4.704E-1	1.931E-1	-1.4818E2	1.9121E2
-1.661E-1	3.356E-2	-1.4818E2	1.918E2
-6.972E-1	4.543E-1	-1.4818E2	1.9239E2
-7.471E-1	1.234E0	-1.4819E2	1.9299E2
-1.764E-1	1.957E0	-1.4819E2	1.9359E2
8.504E-1	2.215E0	-1.4819E2	1.942E2
1.942E0	1.797E0	-1.4819E2	1.9481E2
2.661E0	7.914E-1	-1.4818E2	1.9542E2
2.726E0	-4.65E-1	-1.4818E2	1.9604E2
2.125E0	-1.539E0	-1.4817E2	1.9665E2
1.11E0	-2.096E0	-1.4816E2	1.9727E2
6.51E-2	-2.033E0	-1.4815E2	1.9788E2
-6.67E-1	-1.499E0	-1.4814E2	1.985E2
-9.273E-1	-7.989E-1	-1.4813E2	1.9912E2
-7.81E-1	-2.377E-1	-1.4813E2	1.9973E2
-4.492E-1	1.699E-2	-1.4812E2	2.0035E2
-1.764E-1	-1.406E-2	-1.4812E2	2.0098E2
-1.044E-1	-1.684E-1	-1.4812E2	2.0161E2
-2.174E-1	-2.552E-1	-1.4811E2	2.0225E2
-3.768E-1	-1.683E-1	-1.481E2	2.0288E2
-4.204E-1	6E-2	-1.4809E2	2.0352E2
-2.662E-1	2.881E-1	-1.4807E2	2.0415E2
3.591E-2	3.565E-1	-1.4806E2	2.0479E2
3.311E-1	1.873E-1	-1.4805E2	2.0543E2
4.464E-1	-1.649E-1	-1.4803E2	2.0607E2
2.895E-1	-5.352E-1	-1.4801E2	2.0671E2
-9.588E-2	-7.333E-1	-1.48E2	2.0734E2
-5.472E-1	-6.424E-1	-1.4799E2	2.0797E2
-8.622E-1	-2.813E-1	-1.4798E2	2.0861E2
-8.99E-1	2.042E-1	-1.4798E2	2.0925E2
-6.438E-1	6.126E-1	-1.4798E2	2.099E2
-2.133E-1	7.843E-1	-1.4798E2	2.1055E2
2.067E-1	6.735E-1	-1.4798E2	2.1121E2
4.522E-1	3.611E-1	-1.4798E2	2.1187E2
4.543E-1	4.846E-3	-1.4797E2	2.1253E2
2.591E-1	-2.424E-1	-1.4797E2	2.1319E2
-1.065E-2	-3.024E-1	-1.4797E2	2.1386E2
-2.268E-1	-1.95E-1	-1.4797E2	2.1453E2
-3.182E-1	-7.325E-3	-1.4796E2	2.152E2
-2.916E-1	1.666E-1	-1.4795E2	2.1588E2
-2.05E-1	2.785E-1	-1.4795E2	2.1656E2
-1.144E-1	3.403E-1	-1.4794E2	2.1724E2
-3.073E-2	3.946E-1	-1.4792E2	2.1792E2
8.402E-2	4.63E-1	-1.4791E2	2.1859E2
2.785E-1	5.107E-1	-1.4791E2	2.1927E2
5.553E-1	4.529E-1	-1.4791E2	2.1995E2
8.359E-1	2.077E-1	-1.4791E2	2.2064E2
9.762E-1	-2.353E-1	-1.4792E2	2.2134E2
8.343E-1	-7.712E-1	-1.4792E2	2.2204E2
3.596E-1	-1.198E0	-1.4792E2	2.2275E2
-3.478E-1	-1.299E0	-1.4791E2	2.2346E2
-1.047E0	-9.513E-1	-1.479E2	2.2418E2
-1.444E0	-2.16E-1	-1.4788E2	2.249E2
-1.33E0	6.577E-1	-1.4786E2	2.2562E2
-6.92E-1	1.318E0	-1.4784E2	2.2633E2
2.47E-1	1.46E0	-1.4782E2	2.2705E2
1.101E0	9.788E-1	-1.4779E2	2.2776E2
1.48E0	3.743E-2	-1.4776E2	2.2847E2
1.17E0	-9.742E-1	-1.4774E2	2.2918E2
2.463E-1	-1.596E0	-1.4772E2	2.2988E2
-9.322E-1	-1.498E0	-1.4772E2	2.3059E2
-1.859E0	-6.383E-1	-1.4772E2	2.313E2
-2.09E0	6.948E-1	-1.4772E2	2.3202E2
-1.442E0	1.986E0	-1.4772E2	2.3276E2
-8.535E-2	2.699E0	-1.4772E2	2.3349E2
1.511E0	2.498E0	-1.4771E2	2.3423E2
2.762E0	1.394E0	-1.4771E2	2.3498E2
3.198E0	-2.562E-1	-1.477E2	2.3574E2
2.652E0	-1.884E0	-1.4768E2	2.3649E2
1.319E0	-2.94E0	-1.4766E2	2.3724E2
-3.281E-1	-3.098E0	-1.4763E2	2.3798E2
-1.733E0	-2.373E0	-1.4762E2	2.3873E2
-2.47E0	-1.086E0	-1.4761E2	2.3947E2
-2.395E0	2.776E-1	-1.476E2	2.4022E2
-1.663E0	1.269E0	-1.4759E2	2.4097E2
-6.364E-1	1.642E0	-1.4759E2	2.4172E2
2.829E-1	1.41E0	-1.476E2	2.4248E2
8.147E-1	8.022E-1	-1.476E2	2.4326E2
8.843E-1	1.309E-1	-1.476E2	2.4404E2
6.089E-1	-3.482E-1	-1.476E2	2.4482E2
2.051E-1	-5.272E-1	-1.4759E2	2.4561E2
-1.278E-1	-4.545E-1	-1.4759E2	2.4639E2
-2.93E-1	-2.704E-1	-1.4758E2	2.4718E2
-3.14E-1	-1.134E-1	-1.4758E2	2.4798E2
-2.879E-1	-4.626E-2	-1.4758E2	2.4878E2
-3.089E-1	-3.758E-2	-1.4757E2	2.4958E2
-4.047E-1	2.69E-4	-1.4757E2	2.5039E2
-5.209E-1	1.439E-1	-1.4756E2	2.5121E2
-5.558E-1	4.023E-1	-1.4755E2	2.5203E2
-4.241E-1	7.022E-1	-1.4753E2	2.5286E2
-1.115E-1	9.208E-1	-1.4751E2	2.5368E2
3.077E-1	9.488E-1	-1.4748E2	2.5451E2
7.003E-1	7.468E-1	-1.4745E2	2.5533E2
9.344E-1	3.682E-1	-1.4743E2	2.5616E2
9.389E-1	-6.338E-2	-1.474E2	2.5698E2
7.325E-1	-4.095E-1	-1.4737E2	2.578E2
4.105E-1	-5.755E-1	-1.4735E2	2.5862E2
9.825E-2	-5.459E-1	-1.4734E2	2.5944E2
-1.041E-1	-3.798E-1	-1.4732E2	2.6027E2
-1.584E-1	-1.751E-1	-1.4731E2	2.611E2
-9.19E-2	-2.005E-2	-1.473E2	2.6194E2
2.983E-2	4.106E-2	-1.4729E2	2.6277E2
1.417E-1	1.443E-2	-1.4729E2	2.6362E2
2.079E-1	-6.309E-2	-1.4729E2	2.6447E2
2.273E-1	-1.545E-1	-1.4728E2	2.6534E2
2.165E-1	-2.442E-1	-1.4728E2	2.662E2
1.845E-1	-3.383E-1	-1.4727E2	2.6708E2
1.189E-1	-4.456E-1	-1.4726E2	2.6795E2
-8.442E-3	-5.544E-1	-1.4725E2	2.6884E2
-2.163E-1	-6.217E-1	-1.4724E2	2.6973E2
-4.872E-1	-5.863E-1	-1.4722E2	2.7062E2
-7.563E-1	-4.007E-1	-1.472E2	2.7152E2
-9.272E-1	-6.644E-2	-1.4716E2	2.7241E2
-9.118E-1	3.492E-1	-1.4713E2	2.733E2
-6.748E-1	7.272E-1	-1.4711E2	2.7418E2
-2.615E-1	9.401E-1	-1.4709E2	2.7506E2
2.095E-1	9.06E-1	-1.4708E2	2.7595E2
5.875E-1	6.283E-1	-1.4708E2	2.7684E2
7.489E-1	2.006E-1	-1.4708E2	2.7775E2
6.487E-1	-2.266E-1	-1.4709E2	2.7867E2
3.392E-1	-5.06E-1	-1.4709E2	2.7959E2
-5.194E-2	-5.512E-1	-1.4709E2	2.8053E2
-3.749E-1	-3.689E-1	-1.4708E2	2.8147E2
-5.186E-1	-5.086E-2	-1.4707E2	2.8242E2
-4.513E-1	2.696E-1	-1.4705E2	2.8338E2
-2.259E-1	4.751E-1	-1.4703E2	2.8434E2
5.208E-2	5.096E-1	-1.47E2	2.853E2
2.749E-1	3.93E-1	-1.4696E2	2.8625E2
3.778E-1	2.001E-1	-1.4693E2	2.872E2
3.59E-1	1.96E-2	-1.469E2	2.8814E2
2.679E-1	-8.851E-2	-1.4689E2	2.8909E2
1.713E-1	-1.14E-1	-1.4687E2	2.9005E2
1.168E-1	-9.033E-2	-1.4687E2	2.9101E2
1.121E-1	-6.679E-2	-1.4687E2	2.9198E2
1.293E-1	-7.692E-2	-1.4686E2	2.9297E2
1.288E-1	-1.201E-1	-1.4686E2	2.9396E2
8.772E-2	-1.656E-1	-1.4685E2	2.9497E2
1.628E-2	-1.758E-1	-1.4683E2	2.9597E2
-4.763E-2	-1.331E-1	-1.4681E2	2.9699E2
-6.182E-2	-5.527E-2	-1.4678E2	2.98E2
-8.071E-3	1.031E-2	-1.4676E2	2.9901E2
9.15E-2	1.202E-2	-1.4673E2	3.0003E2
1.801E-1	-7.54E-2	-1.4671E2	3.0105E2
1.925E-1	-2.313E-1	-1.4668E2	3.0207E2
8.916E-2	-3.921E-1	-1.4666E2	3.0309E2
-1.191E-1	-4.779E-1	-1.4664E2	3.0412E2
-3.7E-1	-4.289E-1	-1.4662E2	3.0515E2
-5.729E-1	-2.361E-1	-1.4661E2	3.062E2
-6.474E-1	5.075E-2	-1.4659E2	3.0724E2
-5.584E-1	3.414E-1	-1.4657E2	3.083E2
-3.318E-1	5.419E-1	-1.4655E2	3.0935E2
-4.419E-2	5.928E-1	-1.4653E2	3.1042E2
2.103E-1	4.918E-1	-1.4651E2	3.1148E2
3.576E-1	2.914E-1	-1.4649E2	3.1255E2
3.718E-1	7.28E-2	-1.4648E2	3.1363E2
2.792E-1	-8.906E-2	-1.4647E2	3.1471E2
1.407E-1	-1.549E-1	-1.4646E2	3.1579E2
2.147E-2	-1.311E-1	-1.4645E2	3.1689E2
-3.763E-2	-5.872E-2	-1.4645E2	3.18E2
-3.24E-2	1.182E-2	-1.4644E2	3.1912E2
1.073E-2	4.532E-2	-1.4642E2	3.2025E2
5.445E-2	3.522E-2	-1.4641E2	3.2138E2
7.202E-2	1.651E-4	-1.4639E2	3.2252E2
5.935E-2	-3.197E-2	-1.4636E2	3.2367E2
3.248E-2	-4.232E-2	-1.4632E2	3.2482E2
1.375E-2	-3.135E-2	-1.4629E2	3.2596E2
1.575E-2	-1.593E-2	-1.4627E2	3.2711E2
3.267E-2	-1.623E-2	-1.4624E2	3.2827E2
4.41E-2	-4.05E-2	-1.4621E2	3.2943E2
2.874E-2	-7.744E-2	-1.4619E2	3.3059E2
-2.013E-2	-1.009E-1	-1.4616E2	3.3176E2
-8.681E-2	-8.464E-2	-1.4614E2	3.3294E2
-1.382E-1	-1.951E-2	-1.4612E2	3.3413E2
-1.401E-1	7.763E-2	-1.461E2	3.3533E2
-7.574E-2	1.68E-1	-1.4607E2	3.3653E2
4.186E-2	2.077E-1	-1.4605E2	3.3773E2
1.724E-1	1.688E-1	-1.4602E2	3.3894E2
2.643E-1	5.439E-2	-1.46E2	3.4016E2
2.771E-1	-9.992E-2	-1.4598E2	3.4139E2
2.002E-1	-2.402E-1	-1.4596E2	3.4263E2
5.805E-2	-3.167E-1	-1.4593E2	3.4387E2
-1.003E-1	-3.047E-1	-1.459E2	3.4512E2
-2.221E-1	-2.141E-1	-1.4587E2	3.4638E2
-2.73E-1	-8.315E-2	-1.4584E2	3.4763E2
-2.493E-1	3.988E-2	-1.4581E2	3.489E2
-1.764E-1	1.177E-1	-1.4578E2	3.5016E2
-9.343E-2	1.386E-1	-1.4576E2	3.5144E2
-3.412E-2	1.173E-1	-1.4574E2	3.5272E2
-1.206E-2	8.353E-2	-1.4572E2	3.5402E2
-1.763E-2	6.472E-2	-1.457E2	3.5532E2
-2.711E-2	7.181E-2	-1.4568E2	3.5662E2
-1.823E-2	9.534E-2	-1.4567E2	3.5795E2
1.647E-2	1.131E-1	-1.4565E2	3.5928E2
6.532E-2	1.044E-1	-1.4563E2	3.6063E2
1.044E-1	6.349E-2	-1.4561E2	3.6199E2
1.116E-1	3.685E-3	-1.4558E2	3.6336E2
7.967E-2	-4.851E-2	-1.4554E2	3.6473E2
2.205E-2	-6.753E-2	-1.455E2	3.6611E2
-3.292E-2	-4.285E-2	-1.4545E2	3.6749E2
-5.581E-2	1.417E-2	-1.454E2	3.6887E2
-3.135E-2	7.448E-2	-1.4535E2	3.7025E2
3.285E-2	1.05E-1	-1.4532E2	3.7163E2
1.086E-1	8.454E-2	-1.4529E2	3.7301E2
1.595E-1	1.526E-2	-1.4527E2	3.7442E2
1.582E-1	-7.757E-2	-1.4525E2	3.7584E2
9.915E-2	-1.561E-1	-1.4523E2	3.7728E2
1.885E-3	-1.867E-1	-1.4521E2	3.7872E2
-9.696E-2	-1.548E-1	-1.4519E2	3.8018E2
-1.595E-1	-7.156E-2	-1.4516E2	3.8165E2
-1.624E-1	3.147E-2	-1.4513E2	3.8313E2
-1.064E-1	1.156E-1	-1.451E2	3.8462E2
-1.466E-2	1.51E-1	-1.4506E2	3.8612E2
7.768E-2	1.281E-1	-1.4501E2	3.8762E2
1.382E-1	5.963E-2	-1.4496E2	3.8912E2
1.495E-1	-2.676E-2	-1.4492E2	3.9063E2
1.138E-1	-1.006E-1	-1.4489E2	3.9214E2
4.929E-2	-1.406E-1	-1.4487E2	3.9367E2
-1.953E-2	-1.41E-1	-1.4484E2	3.9522E2
-7.208E-2	-1.106E-1	-1.4481E2	3.9678E2
-9.853E-2	-6.611E-2	-1.4477E2	3.9836E2
-1.006E-1	-2.375E-2	-1.4473E2	3.9994E2
-8.762E-2	6.6E-3	-1.4469E2	4.0153E2
-7.005E-2	2.323E-2	-1.4465E2	4.0312E2
-5.502E-2	3.008E-2	-1.4461E2	4.0473E2
-4.467E-2	3.255E-2	-1.4457E2	4.0635E2
-3.774E-2	3.42E-2	-1.4452E2	4.0798E2
-3.241E-2	3.593E-2	-1.4448E2	4.096E2
-2.823E-2	3.736E-2	-1.4445E2	4.1124E2
-2.602E-2	3.897E-2	-1.4442E2	4.129E2
-2.605E-2	4.295E-2	-1.4439E2	4.1457E2
-2.615E-2	5.21E-2	-1.4436E2	4.1626E2
-2.149E-2	6.732E-2	-1.4434E2	4.1796E2
-6.473E-3	8.539E-2	-1.4431E2	4.1968E2
2.179E-2	9.885E-2	-1.4427E2	4.2142E2
6.06E-2	9.853E-2	-1.4423E2	4.2317E2
1.011E-1	7.779E-2	-1.4418E2	4.2493E2
1.308E-1	3.641E-2	-1.4412E2	4.2669E2
1.386E-1	-1.791E-2	-1.4407E2	4.2847E2
1.194E-1	-7.165E-2	-1.4401E2	4.3025E2
7.669E-2	-1.103E-1	-1.4396E2	4.3205E2
2.197E-2	-1.237E-1	-1.439E2	4.3386E2
-2.992E-2	-1.099E-1	-1.4384E2	4.3569E2
-6.608E-2	-7.561E-2	-1.4378E2	4.3752E2
-7.99E-2	-3.254E-2	-1.4372E2	4.3936E2
-7.243E-2	6.959E-3	-1.4366E2	4.4121E2
-5.051E-2	3.438E-2	-1.436E2	4.4307E2
-2.292E-2	4.697E-2	-1.4355E2	4.4495E2
3.295E-3	4.679E-2	-1.435E2	4.4684E2
2.463E-2	3.786E-2	-1.4345E2	4.4874E2
4.054E-2	2.341E-2	-1.434E2	4.5067E2
5.12E-2	4.639E-3	-1.4334E2	4.526E2
5.551E-2	-1.835E-2	-1.4329E2	4.5455E2
5.06E-2	-4.443E-2	-1.4324E2	4.5651E2
3.339E-2	-6.958E-2	-1.432E2	4.5849E2
3.365E-3	-8.696E-2	-1.4315E2	4.6049E2
-3.534E-2	-8.914E-2	-1.431E2	4.6251E2
-7.382E-2	-7.159E-2	-1.4305E2	4.6454E2
-1.01E-1	-3.573E-2	-1.4299E2	4.6659E2
-1.077E-1	1.04E-2	-1.4294E2	4.6865E2
-9.093E-2	5.439E-2	-1.4289E2	4.7073E2
-5.514E-2	8.384E-2	-1.4283E2	4.7283E2
-1.126E-2	9.108E-2	-1.4277E2	4.7495E2
2.757E-2	7.601E-2	-1.4272E2	4.7708E2
5.084E-2	4.584E-2	-1.4266E2	4.7923E2
5.432E-2	1.188E-2	-1.4261E2	4.814E2
4.087E-2	-1.499E-2	-1.4255E2	4.836E2
1.833E-2	-2.821E-2	-1.4248E2	4.8581E2
-4.24E-3	-2.71E-2	-1.424E2	4.8804E2
-2.017E-2	-1.572E-2	-1.4232E2	4.9028E2
-2.692E-2	-2.625E-5	-1.4224E2	4.9253E2
-2.559E-2	1.505E-2	-1.4216E2	4.9479E2
-1.885E-2	2.709E-2	-1.4208E2	4.9707E2
-8.752E-3	3.581E-2	-1.4201E2	4.9937E2
4.184E-3	4.134E-2	-1.4194E2	5.0169E2
2.016E-2	4.26E-2	-1.4188E2	5.0403E2
3.832E-2	3.711E-2	-1.4181E2	5.064E2
5.53E-2	2.234E-2	-1.4175E2	5.0879E2
6.536E-2	-1.898E-3	-1.4168E2	5.112E2
6.248E-2	-3.165E-2	-1.416E2	5.1364E2
4.35E-2	-5.893E-2	-1.4153E2	5.161E2
1.075E-2	-7.414E-2	-1.4144E2	5.1858E2
-2.749E-2	-7.003E-2	-1.4135E2	5.2108E2
-5.931E-2	-4.533E-2	-1.4126E2	5.236E2
-7.352E-2	-6.219E-3	-1.4116E2	5.2613E2
-6.424E-2	3.523E-2	-1.4107E2	5.2867E2
-3.365E-2	6.538E-2	-1.4098E2	5.3124E2
8.467E-3	7.416E-2	-1.409E2	5.3383E2
4.836E-2	5.893E-2	-1.4082E2	5.3645E2
7.344E-2	2.535E-2	-1.4074E2	5.391E2
7.689E-2	-1.509E-2	-1.4066E2	5.4178E2
5.968E-2	-4.973E-2	-1.4058E2	5.4448E2
2.938E-2	-6.938E-2	-1.405E2	5.4722E2
-3.504E-3	-7.12E-2	-1.404E2	5.4998E2
-2.982E-2	-5.859E-2	-1.403E2	5.5277E2
-4.485E-2	-3.862E-2	-1.4019E2	5.5558E2
-4.898E-2	-1.842E-2	-1.4009E2	5.584E2
-4.592E-2	-2.357E-3	-1.3998E2	5.6126E2
-4E-2	8.815E-3	-1.3988E2	5.6413E2
-3.374E-2	1.683E-2	-1.3977E2	5.6703E2
-2.718E-2	2.368E-2	-1.3967E2	5.6996E2
-1.885E-2	2.976E-2	-1.3958E2	5.7292E2
-7.746E-3	3.347E-2	-1.3949E2	5.7591E2
5.171E-3	3.231E-2	-1.394E2	5.7895E2
1.677E-2	2.489E-2	-1.393E2	5.8202E2
2.313E-2	1.239E-2	-1.392E2	5.8513E2
2.171E-2	-1.343E-3	-1.3908E2	5.8827E2
1.298E-2	-1.129E-2	-1.3896E2	5.9144E2
7.053E-4	-1.368E-2	-1.3883E2	5.9464E2
-9.647E-3	-7.931E-3	-1.3869E2	5.9786E2
-1.338E-2	2.846E-3	-1.3855E2	6.0111E2
-8.871E-3	1.32E-2	-1.3841E2	6.0439E2
1.619E-3	1.787E-2	-1.3828E2	6.0771E2
1.296E-2	1.43E-2	-1.3814E2	6.1106E2
1.957E-2	3.825E-3	-1.38E2	6.1444E2
1.806E-2	-8.989E-3	-1.3786E2	6.1787E2
8.699E-3	-1.852E-2	-1.3771E2	6.2132E2
-4.824E-3	-2.066E-2	-1.3756E2	6.248E2
-1.726E-2	-1.456E-2	-1.3742E2	6.2833E2
-2.42E-2	-2.684E-3	-1.3728E2	6.3189E2
-2.387E-2	1.067E-2	-1.3714E2	6.3549E2
-1.742E-2	2.15E-2	-1.37E2	6.3913E2
-7.753E-3	2.777E-2	-1.3686E2	6.4282E2
2.313E-3	2.977E-2	-1.3671E2	6.4656E2
1.148E-2	2.908E-2	-1.3657E2	6.5034E2
2.02E-2	2.698E-2	-1.3641E2	6.5417E2
2.96E-2	2.32E-2	-1.3625E2	6.5804E2
3.985E-2	1.592E-2	-1.3609E2	6.6195E2
4.907E-2	3.134E-3	-1.3593E2	6.659E2
5.343E-2	-1.556E-2	-1.3576E2	6.6991E2
4.885E-2	-3.759E-2	-1.3559E2	6.7397E2
3.319E-2	-5.757E-2	-1.3542E2	6.7807E2
8.083E-3	-6.91E-2	-1.3524E2	6.8223E2
-2.095E-2	-6.743E-2	-1.3506E2	6.8644E2
-4.612E-2	-5.181E-2	-1.3487E2	6.907E2
-6.036E-2	-2.626E-2	-1.3468E2	6.9501E2
-6.012E-2	1.71E-3	-1.3448E2	6.9938E2
-4.689E-2	2.396E-2	-1.3428E2	7.038E2
-2.647E-2	3.489E-2	-1.3407E2	7.0828E2
-6.543E-3	3.347E-2	-1.3385E2	7.1282E2
6.507E-3	2.327E-2	-1.3362E2	7.1741E2
1.004E-2	1.055E-2	-1.3339E2	7.2206E2
5.734E-3	1.323E-3	-1.3316E2	7.2676E2
-1.733E-3	-1.202E-3	-1.3292E2	7.3153E2
-7.251E-3	2.428E-3	-1.3267E2	7.3635E2
-7.705E-3	8.747E-3	-1.3243E2	7.4124E2
-3.153E-3	1.351E-2	-1.3217E2	7.462E2
3.685E-3	1.393E-2	-1.3192E2	7.5122E2
9.216E-3	9.884E-3	-1.3166E2	7.5631E2
1.097E-2	3.624E-3	-1.314E2	7.6148E2
8.789E-3	-1.777E-3	-1.3113E2	7.6672E2
4.552E-3	-4.204E-3	-1.3084E2	7.7203E2
8.586E-4	-3.568E-3	-1.3056E2	7.7741E2
-6.405E-4	-1.573E-3	-1.3026E2	7.8287E2
-1.786E-4	-4.12E-4	-1.2996E2	7.8841E2
4.209E-4	-1.209E-3	-1.2965E2	7.9403E2
-9.098E-4	-3.157E-3	-1.2933E2	7.9972E2
-4.902E-3	-3.92E-3	-1.2902E2	8.0549E2
-1.011E-2	-1.098E-3	-1.2871E2	8.1135E2
-1.338E-2	6.053E-3	-1.284E2	8.1731E2
-1.151E-2	1.568E-2	-1.2808E2	8.2337E2
-3.162E-3	2.382E-2	-1.2775E2	8.2953E2
9.912E-3	2.615E-2	-1.2741E2	8.358E2
2.326E-2	2.029E-2	-1.2706E2	8.4217E2
3.156E-2	7.26E-3	-1.2669E2	8.4864E2
3.114E-2	-8.567E-3	-1.263E2	8.5522E2
2.187E-2	-2.125E-2	-1.2589E2	8.6191E2
7.5E-3	-2.597E-2	-1.2547E2	8.687E2
-5.914E-3	-2.134E-2	-1.2503E2	8.756E2
-1.276E-2	-1.017E-2	-1.2459E2	8.8261E2
-1.051E-2	1.779E-3	-1.2412E2	8.8973E2
-9.546E-4	8.429E-3	-1.2365E2	8.9698E2
1.063E-2	6.292E-3	-1.2317E2	9.0435E2
1.792E-2	-3.874E-3	-1.2268E2	9.1185E2
1.659E-2	-1.74E-2	-1.2218E2	9.1949E2
6.314E-3	-2.792E-2	-1.2166E2	9.2726E2
-9.08E-3	-3.032E-2	-1.2112E2	9.3518E2
-2.343E-2	-2.315E-2	-1.2058E2	9.4325E2
-3.112E-2	-9.158E-3	-1.2001E2	9.5147E2
-2.964E-2	6.121E-3	-1.1942E2	9.5986E2
-2.054E-2	1.701E-2	-1.188E2	9.684E2
-8.399E-3	2.03E-2	-1.1815E2	9.771E2
1.515E-3	1.653E-2	-1.175E2	9.8596E2
5.861E-3	9.313E-3	-1.1682E2	9.95E2
4.634E-3	3.213E-3	-1.1614E2	1.0042E3
7.996E-4	1.281E-3	-1.1542E2	1.0136E3
-1.626E-3	3.514E-3	-1.1468E2	1.0233E3
1.545E-5	7.053E-3	-1.1392E2	1.0331E3
5.417E-3	7.965E-3	-1.1313E2	1.0431E3
1.136E-2	3.657E-3	-1.1231E2	1.0534E3
1.343E-2	-5.379E-3	-1.1146E2	1.0639E3
8.506E-3	-1.545E-2	-1.1057E2	1.0746E3
-3.245E-3	-2.13E-2	-1.0965E2	1.0856E3
-1.8E-2	-1.873E-2	-1.0869E2	1.0968E3
-2.974E-2	-6.864E-3	-1.0768E2	1.1083E3
-3.292E-2	1.103E-2	-1.0663E2	1.1201E3
-2.509E-2	2.87E-2	-1.0553E2	1.1321E3
-8.202E-3	3.953E-2	-1.0439E2	1.1445E3
1.21E-2	3.938E-2	-1.032E2	1.1571E3
2.881E-2	2.838E-2	-1.0196E2	1.1701E3
3.652E-2	1.084E-2	-1.0066E2	1.1834E3
3.357E-2	-6.748E-3	-9.9299E1	1.1971E3
2.254E-2	-1.843E-2	-9.7879E1	1.2112E3
8.818E-3	-2.128E-2	-9.6396E1	1.2256E3
-1.918E-3	-1.628E-2	-9.4843E1	1.2405E3
-6.124E-3	-7.467E-3	-9.3207E1	1.2558E3
-3.666E-3	1.801E-4	-9.1481E1	1.2715E3
2.586E-3	3.089E-3	-8.9662E1	1.2877E3
8.484E-3	5.058E-4	-8.7746E1	1.3044E3
1.071E-2	-5.554E-3	-8.572E1	1.3217E3
8.238E-3	-1.166E-2	-8.3569E1	1.3395E3
2.509E-3	-1.485E-2	-8.1278E1	1.3579E3
-3.632E-3	-1.401E-2	-7.8841E1	1.377E3
-7.582E-3	-1.021E-2	-7.6253E1	1.3967E3
-8.301E-3	-5.834E-3	-7.3503E1	1.417E3
-6.673E-3	-3.124E-3	-7.0574E1	1.4382E3
-4.779E-3	-2.934E-3	-6.7447E1	1.4601E3
-4.567E-3	-4.366E-3	-6.4103E1	1.4828E3
-6.676E-3	-5.418E-3	-6.0519E1	1.5065E3
-1.005E-2	-4.244E-3	-5.6668E1	1.5312E3
-1.256E-2	-3.183E-4	-5.2513E1	1.5569E3
-1.221E-2	5.155E-3	-4.8016E1	1.5837E3
-8.372E-3	9.797E-3	-4.3138E1	1.6118E3
-2.245E-3	1.129E-2	-3.7839E1	1.6411E3
3.597E-3	8.647E-3	-3.2063E1	1.6719E3
6.438E-3	2.838E-3	-2.5745E1	1.7043E3
4.759E-3	-3.551E-3	-1.8803E1	1.7383E3
-9.584E-4	-7.469E-3	-1.1146E1	1.7742E3
-8.383E-3	-6.79E-3	-2.6673E0	1.8121E3
-1.433E-2	-1.282E-3	6.7664E0	1.8523E3
-1.613E-2	7.296E-3	1.732E1	1.8949E3
-1.272E-2	1.597E-2	2.9194E1	1.9403E3
-4.991E-3	2.18E-2	4.2637E1	1.9888E3
4.732E-3	2.299E-2	5.7958E1	2.0407E3
1.37E-2	1.942E-2	7.5556E1	2.0966E3
1.977E-2	1.242E-2	9.5945E1	2.1568E3
2.2E-2	4.021E-3	1.1979E2	2.222E3
2.064E-2	-3.877E-3	1.4795E2	2.2928E3
1.665E-2	-1.002E-2	1.8159E2	2.3701E3
1.113E-2	-1.385E-2	2.2228E2	2.4547E3
5.034E-3	-1.525E-2	2.7222E2	2.5476E3
-8.43E-4	-1.426E-2	3.3444E2	2.6497E3
-5.659E-3	-1.102E-2	4.1318E2	2.7615E3
-8.432E-3	-5.977E-3	5.1422E2	2.8828E3
-8.257E-3	-1.843E-4	6.4491E2	3.0114E3
-4.81E-3	4.662E-3	8.1368E2	3.1427E3
1.137E-3	6.648E-3	1.0301E3	3.2701E3
7.589E-3	4.443E-3	1.3098E3	3.3833E3
1.182E-2	-1.873E-3	1.677E3	3.4536E3
1.142E-2	-1.043E-2	2.1425E3	3.4131E3
5.468E-3	-1.801E-2	2.649E3	3.1624E3
-4.736E-3	-2.118E-2	3.028E3	2.6618E3
-1.587E-2	-1.783E-2	3.109E3	2.0608E3
-2.376E-2	-8.297E-3	2.94E3	1.5987E3
-2.508E-2	4.51E-3	2.7269E3	1.3376E3
-1.892E-2	1.607E-2	2.586E3	1.1584E3
-7.328E-3	2.206E-2	2.468E3	9.4119E2
5.319E-3	2.027E-2	2.2577E3	6.9983E2
1.411E-2	1.161E-2	1.9382E3	5.487E2
1.567E-2	-1.568E-4	1.6004E3	5.4405E2
9.68E-3	-9.918E-3	1.3211E3	6.5163E2
-9.611E-4	-1.345E-2	1.1217E3	8.1825E2
-1.133E-2	-9.235E-3	9.9547E2	1.0084E3
-1.663E-2	8.457E-4	9.31E2	1.2033E3
-1.427E-2	1.233E-2	9.1929E2	1.392E3
-5.022E-3	2.012E-2	9.5269E2	1.5651E3
7.365E-3	2.071E-2	1.0205E3	1.7152E3
1.779E-2	1.368E-2	1.1112E3	1.844E3
2.204E-2	1.869E-3	1.2271E3	1.9594E3
1.856E-2	-9.976E-3	1.3839E3	2.0501E3
9.041E-3	-1.723E-2	1.576E3	2.0775E3
-2.403E-3	-1.735E-2	1.7479E3	2.0148E3
-1.112E-2	-1.087E-2	1.8296E3	1.9075E3
-1.387E-2	-9.959E-4	1.8313E3	1.8502E3
-1.013E-2	7.946E-3	1.8392E3	1.8746E3
-2.071E-3	1.238E-2	1.9145E3	1.928E3
6.575E-3	1.092E-2	2.0441E3	1.9386E3
1.223E-2	4.749E-3	2.1603E3	1.8888E3
1.295E-2	-3.16E-3	2.2274E3	1.839E3
9.085E-3	-9.52E-3	2.3006E3	1.8378E3
2.795E-3	-1.217E-2	2.4486E3	1.8399E3
-3.122E-3	-1.083E-2	2.6555E3	1.7491E3
-6.562E-3	-6.974E-3	2.8079E3	1.5283E3
-6.948E-3	-2.836E-3	2.8107E3	1.2781E3
-5.243E-3	-2.695E-4	2.7215E3	1.1273E3
-3.227E-3	9.668E-5	2.667E3	1.0705E3
-2.465E-3	-1.016E-3	2.6829E3	1.0035E3
-3.515E-3	-2.099E-3	2.6867E3	8.6228E2
-5.726E-3	-1.751E-3	2.5903E3	7.108E2
-7.676E-3	5.54E-4	2.4291E3	6.5528E2
-7.973E-3	4.222E-3	2.307E3	7.0287E2
-5.979E-3	7.872E-3	2.2701E3	7.7926E2
-2.116E-3	1.004E-2	2.2839E3	8.2406E2
2.377E-3	9.899E-3	2.298E3	8.4924E2
6.058E-3	7.556E-3	2.3275E3	8.9629E2
7.924E-3	3.955E-3	2.4282E3	9.4303E2
7.787E-3	3.453E-4	2.5998E3	9.0339E2
6.207E-3	-2.286E-3	2.7419E3	7.1858E2
4.095E-3	-3.578E-3	2.7295E3	4.6146E2
2.224E-3	-3.779E-3	2.5729E3	2.866E2
9.193E-4	-3.44E-3	2.4015E3	2.4654E2
6.193E-5	-3.015E-3	2.2999E3	2.6864E2
-6.468E-4	-2.621E-3	2.2458E3	2.692E2
-1.361E-3	-2.078E-3	2.1677E3	2.4523E2
-1.92E-3	-1.168E-3	2.0526E3	2.6077E2
-1.95E-3	6.871E-5	1.9592E3	3.4078E2
-1.162E-3	1.217E-3	1.9291E3	4.3962E2
3.383E-4	1.65E-3	1.938E3	5.0218E2
1.951E-3	8.966E-4	1.9248E3	5.3064E2
2.786E-3	-9.966E-4	1.8727E3	5.8507E2
2.108E-3	-3.33E-3	1.8319E3	6.9917E2
-2.172E-4	-4.973E-3	1.8478E3	8.4325E2
-3.508E-3	-4.862E-3	1.9137E3	9.7078E2
-6.456E-3	-2.558E-3	1.9883E3	1.0752E3
-7.658E-3	1.435E-3	2.0601E3	1.1989E3
-6.257E-3	5.773E-3	2.1773E3	1.3676E3
-2.398E-3	8.775E-3	2.3952E3	1.545E3
2.739E-3	9.133E-3	2.7229E3	1.6536E3
7.372E-3	6.496E-3	3.0968E3	1.6251E3
9.83E-3	1.657E-3	3.4114E3	1.4802E3
9.232E-3	-3.747E-3	3.6502E3	1.3319E3
5.833E-3	-7.889E-3	3.9299E3	1.2181E3
8.892E-4	-9.472E-3	4.3303E3	1.0101E3
-3.885E-3	-8.202E-3	4.7388E3	5.4007E2
-7.012E-3	-4.811E-3	4.8952E3	-1.6702E2
-7.784E-3	-6.692E-4	4.6903E3	-8.3545E2
-6.427E-3	2.831E-3	4.309E3	-1.2645E3
-3.855E-3	4.814E-3	3.9398E3	-1.5126E3
-1.167E-3	5.155E-3	3.5872E3	-1.6848E3
8.364E-4	4.352E-3	3.2111E3	-1.7641E3
1.911E-3	3.146E-3	2.8665E3	-1.7071E3
2.308E-3	2.098E-3	2.634E3	-1.5554E3
2.474E-3	1.365E-3	2.5305E3	-1.397E3
2.708E-3	7.405E-4	2.5069E3	-1.2945E3
2.969E-3	-9.03E-5	2.5031E3	-1.2423E3
2.936E-3	-1.248E-3	2.5181E3	-1.2083E3
2.263E-3	-2.502E-3	2.5778E3	-1.2177E3
8.672E-4	-3.356E-3	2.6374E3	-1.3294E3
-9.209E-4	-3.321E-3	2.5911E3	-1.5169E3
-2.454E-3	-2.228E-3	2.4148E3	-1.653E3
-3.069E-3	-3.986E-4	2.2113E3	-1.6621E3
-2.436E-3	1.444E-3	2.081E3	-1.5879E3
-7.773E-4	2.483E-3	2.0438E3	-1.521E3
1.186E-3	2.206E-3	2.0435E3	-1.5242E3
2.534E-3	6.712E-4	2.0026E3	-1.5808E3
2.566E-3	-1.472E-3	1.9104E3	-1.621E3
1.139E-3	-3.254E-3	1.8194E3	-1.6249E3
-1.242E-3	-3.808E-3	1.7472E3	-1.6321E3
-3.631E-3	-2.758E-3	1.6549E3	-1.6575E3
-5.041E-3	-3.886E-4	1.522E3	-1.6578E3
-4.86E-3	2.475E-3	1.3872E3	-1.6001E3
-3.097E-3	4.818E-3	1.2912E3	-1.5039E3
-3.485E-4	5.848E-3	1.2362E3	-1.4038E3
2.471E-3	5.293E-3	1.2031E3	-1.3087E3
4.513E-3	3.453E-3	1.1912E3	-1.2067E3
5.3E-3	1.013E-3	1.2234E3	-1.1021E3
4.846E-3	-1.271E-3	1.3126E3	-1.0312E3
3.545E-3	-2.864E-3	1.4328E3	-1.043E3
1.938E-3	-3.594E-3	1.5089E3	-1.1541E3
4.595E-4	-3.604E-3	1.4704E3	-1.2991E3
-6.883E-4	-3.178E-3	1.3398E3	-1.3796E3
-1.514E-3	-2.551E-3	1.2002E3	-1.3687E3
-2.106E-3	-1.815E-3	1.1045E3	-1.3065E3
-2.492E-3	-9.492E-4	1.0527E3	-1.2418E3
-2.583E-3	6.066E-5	1.014E3	-1.1945E3
-2.235E-3	1.107E-3	9.6607E2	-1.1466E3
-1.385E-3	1.935E-3	9.2176E2	-1.077E3
-1.671E-4	2.236E-3	9.0415E2	-9.9421E2
1.07E-3	1.817E-3	9.1391E2	-9.2338E2
1.878E-3	7.415E-4	9.2718E2	-8.7596E2
1.908E-3	-6.363E-4	9.2442E2	-8.3244E2
1.094E-3	-1.787E-3	9.1927E2	-7.6842E2
-2.785E-4	-2.229E-3	9.3882E2	-6.8913E2
-1.67E-3	-1.747E-3	9.8916E2	-6.2118E2
-2.511E-3	-5.087E-4	1.0484E3	-5.8194E2
-2.449E-3	9.989E-4	1.0913E3	-5.5762E2
-1.511E-3	2.173E-3	1.1202E3	-5.206E2
-8.644E-5	2.558E-3	1.1554E3	-4.5778E2
1.245E-3	2.041E-3	1.2212E3	-3.6697E2
1.97E-3	8.893E-4	1.3504E3	-2.6079E2
1.863E-3	-3.881E-4	1.5728E3	-1.7994E2
1.059E-3	-1.273E-3	1.8936E3	-1.9706E2
-3.053E-5	-1.463E-3	2.2548E3	-4.0557E2
-9.287E-4	-9.827E-4	2.498E3	-8.456E2
-1.308E-3	-1.323E-4	2.453E3	-1.3842E3
-1.115E-3	6.85E-4	2.1398E3	-1.787E3
-5.523E-4	1.163E-3	1.739E3	-1.9547E3
6.445E-5	1.219E-3	1.3885E3	-1.9424E3
4.862E-4	9.936E-4	1.1307E3	-1.8345E3
6.52E-4	7.272E-4	9.6107E2	-1.6868E3
6.906E-4	5.988E-4	8.6571E2	-1.529E3
8.097E-4	6.12E-4	8.3452E2	-1.3782E3
1.139E-3	5.951E-4	8.625E2	-1.2501E3
1.619E-3	3.143E-4	9.4346E2	-1.1683E3
2.004E-3	-3.643E-4	1.0538E3	-1.1656E3
1.979E-3	-1.354E-3	1.1339E3	-1.2595E3
1.338E-3	-2.343E-3	1.1135E3	-1.4053E3
1.298E-4	-2.913E-3	9.9015E2	-1.5112E3
-1.321E-3	-2.738E-3	8.3045E2	-1.5308E3
-2.518E-3	-1.755E-3	6.9124E2	-1.4816E3
-3.004E-3	-2.281E-4	5.9162E2	-1.3968E3
-2.564E-3	1.335E-3	5.3116E2	-1.2999E3
-1.331E-3	2.382E-3	5.0498E2	-1.2063E3
2.512E-4	2.546E-3	5.0544E2	-1.1295E3
1.606E-3	1.796E-3	5.1658E2	-1.0807E3
2.257E-3	4.486E-4	5.1372E2	-1.0568E3
2.015E-3	-9.691E-4	4.8294E2	-1.0331E3
1.038E-3	-1.936E-3	4.3695E2	-9.8597E2
-2.511E-4	-2.145E-3	3.9682E2	-9.1263E2
-1.354E-3	-1.601E-3	3.7384E2	-8.2198E2
-1.899E-3	-5.947E-4	3.7094E2	-7.2225E2
-1.773E-3	4.48E-4	3.8872E2	-6.1872E2
-1.136E-3	1.15E-3	4.2804E2	-5.1568E2
-3.137E-4	1.325E-3	4.8958E2	-4.1869E2
3.543E-4	1.022E-3	5.7063E2	-3.3463E2
6.54E-4	4.665E-4	6.6345E2	-2.6606E2
5.601E-4	-6.605E-5	7.6483E2	-2.0546E2
2.076E-4	-3.706E-4	8.8836E2	-1.4893E2
-1.995E-4	-3.819E-4	1.0502E3	-1.1739E2
-4.901E-4	-1.671E-4	1.2371E3	-1.5081E2
-5.895E-4	1.384E-4	1.3913E3	-2.6688E2
-5.228E-4	4.114E-4	1.4556E3	-4.1317E2
-3.691E-4	5.934E-4	1.454E3	-5.0913E2
-1.999E-4	6.949E-4	1.4634E3	-5.4372E2
-3.964E-5	7.597E-4	1.5208E3	-5.7307E2
1.345E-4	8.165E-4	1.5924E3	-6.468E2
3.584E-4	8.499E-4	1.6235E3	-7.4719E2
6.394E-4	8.073E-4	1.6217E3	-8.1643E2
9.335E-4	6.351E-4	1.6479E3	-8.5088E2
1.158E-3	3.205E-4	1.7262E3	-9.1391E2
1.229E-3	-8.773E-5	1.7985E3	-1.0624E3
1.111E-3	-4.926E-4	1.7718E3	-1.262E3
8.345E-4	-7.906E-4	1.6363E3	-1.4015E3
4.876E-4	-9.191E-4	1.4813E3	-1.422E3
1.756E-4	-8.839E-4	1.3916E3	-1.3531E3
-2.841E-5	-7.525E-4	1.4039E3	-1.257E3
-1.142E-4	-6.161E-4	1.5215E3	-1.2005E3
-1.319E-4	-5.421E-4	1.7112E3	-1.2556E3
-1.584E-4	-5.417E-4	1.8779E3	-1.472E3
-2.511E-4	-5.685E-4	1.8916E3	-1.7978E3
-4.15E-4	-5.492E-4	1.7223E3	-2.0791E3
-5.989E-4	-4.272E-4	1.4778E3	-2.2192E3
-7.221E-4	-1.973E-4	1.2685E3	-2.2465E3
-7.175E-4	8.755E-5	1.129E3	-2.2369E3
-5.673E-4	3.405E-4	1.0319E3	-2.2489E3
-3.127E-4	4.809E-4	9.2304E2	-2.29E3
-3.51E-5	4.71E-4	7.7726E2	-2.32E3
1.811E-4	3.292E-4	6.1845E2	-2.3066E3
2.836E-4	1.166E-4	4.7738E2	-2.2543E3
2.681E-4	-9.554E-5	3.6505E2	-2.1822E3
1.681E-4	-2.571E-4	2.7912E2	-2.1046E3
2.799E-5	-3.54E-4	2.1361E2	-2.0287E3
-1.233E-4	-3.994E-4	1.6309E2	-1.9575E3
-2.836E-4	-4.099E-4	1.2345E2	-1.8919E3
-4.664E-4	-3.827E-4	9.1781E1	-1.8318E3
-6.758E-4	-2.891E-4	6.604E1	-1.7767E3
-8.844E-4	-9.018E-5	4.4794E1	-1.7262E3
-1.029E-3	2.333E-4	2.7016E1	-1.6796E3
-1.029E-3	6.544E-4	1.1958E1	-1.6367E3
-8.264E-4	1.093E-3	-9.3701E-1	-1.5968E3
-4.142E-4	1.435E-3	-1.209E1	-1.5598E3
1.436E-4	1.574E-3	-2.1819E1	-1.5252E3
7.285E-4	1.452E-3	-3.0372E1	-1.4928E3
1.206E-3	1.085E-3	-3.7945E1	-1.4623E3
1.474E-3	5.584E-4	-4.4696E1	-1.4337E3
1.49E-3	-2.566E-6	-5.0755E1	-1.4066E3
1.286E-3	-4.795E-4	-5.6218E1	-1.3809E3
9.422E-4	-7.955E-4	-6.1166E1	-1.3566E3
5.555E-4	-9.307E-4	-6.5662E1	-1.3334E3
2.029E-4	-9.12E-4	-6.9762E1	-1.3114E3
-7.261E-5	-7.884E-4	-7.3513E1	-1.2903E3
-2.588E-4	-6.06E-4	-7.6953E1	-1.2701E3
-3.576E-4	-3.969E-4	-8.0115E1	-1.2509E3
-3.701E-4	-1.837E-4	-8.3028E1	-1.2324E3
-2.937E-4	7.614E-6	-8.5724E1	-1.2146E3
-1.329E-4	1.381E-4	-8.823E1	-1.1975E3
8.303E-5	1.625E-4	-9.0565E1	-1.1811E3
2.929E-4	4.955E-5	-9.2743E1	-1.1653E3
4.138E-4	-1.921E-4	-9.4777E1	-1.15E3
3.712E-4	-5E-4	-9.6686E1	-1.1353E3
1.362E-4	-7.681E-4	-9.8484E1	-1.121E3
-2.502E-4	-8.812E-4	-1.0018E2	-1.1072E3
-6.791E-4	-7.626E-4	-1.0177E2	-1.0939E3
-1.007E-3	-4.127E-4	-1.0328E2	-1.0809E3
-1.112E-3	8.143E-5	-1.0469E2	-1.0684E3
-9.408E-4	5.714E-4	-1.0604E2	-1.0562E3
-5.368E-4	9.015E-4	-1.0732E2	-1.0444E3
-2.71E-5	9.684E-4	-1.0853E2	-1.0329E3
4.254E-4	7.601E-4	-1.0968E2	-1.0217E3
6.823E-4	3.593E-4	-1.1078E2	-1.0108E3
6.8E-4	-9.138E-5	-1.1183E2	-1.0002E3
4.47E-4	-4.453E-4	-1.1284E2	-9.8991E2
8.405E-5	-6.052E-4	-1.1379E2	-9.7984E2
-2.814E-4	-5.512E-4	-1.147E2	-9.7001E2
-5.452E-4	-3.344E-4	-1.1556E2	-9.6042E2
-6.587E-4	-4.367E-5	-1.1639E2	-9.5107E2
-6.319E-4	2.363E-4	-1.1718E2	-9.4194E2
-5.105E-4	4.554E-4	-1.1794E2	-9.3302E2
-3.43E-4	6.041E-4	-1.1868E2	-9.243E2
-1.567E-4	6.97E-4	-1.1938E2	-9.1577E2
4.662E-5	7.47E-4	-1.2005E2	-9.0744E2
2.751E-4	7.47E-4	-1.207E2	-8.9928E2
5.23E-4	6.702E-4	-1.2134E2	-8.9129E2
7.559E-4	4.895E-4	-1.2194E2	-8.8346E2
9.143E-4	2.031E-4	-1.2252E2	-8.7579E2
9.378E-4	-1.485E-4	-1.2308E2	-8.6827E2
7.96E-4	-4.872E-4	-1.2363E2	-8.6091E2
5.109E-4	-7.229E-4	-1.2415E2	-8.5368E2
1.569E-4	-7.904E-4	-1.2465E2	-8.4659E2
-1.642E-4	-6.788E-4	-1.2513E2	-8.3965E2
-3.618E-4	-4.393E-4	-1.256E2	-8.3283E2
-3.925E-4	-1.655E-4	-1.2606E2	-8.2614E2
-2.766E-4	4.353E-5	-1.2651E2	-8.1957E2
-8.648E-5	1.231E-4	-1.2694E2	-8.1311E2
8.577E-5	6.57E-5	-1.2736E2	-8.0676E2
1.669E-4	-8.162E-5	-1.2776E2	-8.0053E2
1.299E-4	-2.421E-4	-1.2815E2	-7.944E2
-1.358E-6	-3.447E-4	-1.2852E2	-7.8837E2
-1.695E-4	-3.514E-4	-1.2888E2	-7.8244E2
-3.132E-4	-2.675E-4	-1.2923E2	-7.7662E2
-3.926E-4	-1.293E-4	-1.2956E2	-7.7091E2
-4.001E-4	1.793E-5	-1.299E2	-7.6528E2
-3.533E-4	1.42E-4	-1.3023E2	-7.5975E2
-2.768E-4	2.327E-4	-1.3056E2	-7.5431E2
-1.86E-4	2.953E-4	-1.3088E2	-7.4894E2
-8.132E-5	3.359E-4	-1.3119E2	-7.4366E2
4.321E-5	3.48E-4	-1.315E2	-7.3845E2
1.843E-4	3.113E-4	-1.318E2	-7.3331E2
3.175E-4	2.048E-4	-1.3209E2	-7.2824E2
3.986E-4	2.515E-5	-1.3237E2	-7.2324E2
3.803E-4	-1.979E-4	-1.3263E2	-7.1832E2
2.372E-4	-4.028E-4	-1.3288E2	-7.1347E2
-1.365E-5	-5.152E-4	-1.3313E2	-7.0869E2
-3.094E-4	-4.783E-4	-1.3336E2	-7.0398E2
-5.589E-4	-2.803E-4	-1.3359E2	-6.9934E2
-6.755E-4	3.406E-5	-1.3381E2	-6.9477E2
-6.113E-4	3.752E-4	-1.3403E2	-6.9027E2
-3.779E-4	6.403E-4	-1.3425E2	-6.8584E2
-4.304E-5	7.506E-4	-1.3447E2	-6.8146E2
2.945E-4	6.795E-4	-1.3469E2	-6.7713E2
5.413E-4	4.599E-4	-1.349E2	-6.7286E2
6.413E-4	1.67E-4	-1.351E2	-6.6864E2
5.906E-4	-1.118E-4	-1.353E2	-6.6448E2
4.31E-4	-3.086E-4	-1.355E2	-6.6037E2
2.266E-4	-3.939E-4	-1.3569E2	-6.5631E2
3.769E-5	-3.775E-4	-1.3587E2	-6.523E2
-9.816E-5	-2.933E-4	-1.3605E2	-6.4835E2
-1.702E-4	-1.803E-4	-1.3623E2	-6.4445E2
-1.863E-4	-6.74E-5	-1.364E2	-6.406E2
-1.595E-4	2.991E-5	-1.3658E2	-6.3679E2
-9.955E-5	1.04E-4	-1.3675E2	-6.3303E2
-1.278E-5	1.463E-4	-1.3692E2	-6.2931E2
9.077E-5	1.441E-4	-1.3709E2	-6.2563E2
1.902E-4	8.605E-5	-1.3725E2	-6.2199E2
2.536E-4	-2.728E-5	-1.374E2	-6.1839E2
2.484E-4	-1.736E-4	-1.3755E2	-6.1484E2
1.58E-4	-3.095E-4	-1.377E2	-6.1134E2
-4.691E-6	-3.837E-4	-1.3785E2	-6.0787E2
-1.949E-4	-3.584E-4	-1.38E2	-6.0443E2
-3.491E-4	-2.294E-4	-1.3815E2	-6.0103E2
-4.104E-4	-3.29E-5	-1.3828E2	-5.9767E2
-3.537E-4	1.65E-4	-1.3841E2	-5.9435E2
-1.992E-4	2.944E-4	-1.3854E2	-5.9107E2
-6.388E-6	3.11E-4	-1.3868E2	-5.8783E2
1.501E-4	2.16E-4	-1.3881E2	-5.8461E2
2.125E-4	5.581E-5	-1.3893E2	-5.8142E2
1.643E-4	-9.806E-5	-1.3905E2	-5.7827E2
3.652E-5	-1.81E-4	-1.3916E2	-5.7516E2
-1.078E-4	-1.633E-4	-1.3927E2	-5.7208E2
-2.034E-4	-6.137E-5	-1.3937E2	-5.6904E2
-2.125E-4	7.246E-5	-1.3948E2	-5.6604E2
-1.399E-4	1.768E-4	-1.3959E2	-5.6307E2
-2.746E-5	2.106E-4	-1.397E2	-5.6013E2
6.946E-5	1.713E-4	-1.3982E2	-5.5721E2
1.106E-4	9.24E-5	-1.3994E2	-5.5432E2
9.01E-5	2.348E-5	-1.4005E2	-5.5146E2
3.72E-5	2.223E-6	-1.4016E2	-5.4861E2
-2.066E-6	3.438E-5	-1.4026E2	-5.458E2
8.374E-6	9.127E-5	-1.4036E2	-5.4301E2
7.344E-5	1.264E-4	-1.4045E2	-5.4025E2
1.627E-4	1.02E-4	-1.4054E2	-5.3752E2
2.26E-4	1.211E-5	-1.4064E2	-5.3482E2
2.2E-4	-1.119E-4	-1.4073E2	-5.3215E2
1.337E-4	-2.149E-4	-1.4082E2	-5.295E2
-3.224E-6	-2.457E-4	-1.4092E2	-5.2687E2
-1.321E-4	-1.846E-4	-1.41E2	-5.2427E2
-1.936E-4	-5.608E-5	-1.4109E2	-5.2169E2
-1.572E-4	8.055E-5	-1.4118E2	-5.1914E2
-3.911E-5	1.584E-4	-1.4126E2	-5.166E2
1.035E-4	1.357E-4	-1.4134E2	-5.1409E2
1.977E-4	1.767E-5	-1.4141E2	-5.1161E2
1.898E-4	-1.435E-4	-1.4148E2	-5.0915E2
7.149E-5	-2.711E-4	-1.4155E2	-5.0672E2
-1.14E-4	-2.989E-4	-1.4163E2	-5.0431E2
-2.896E-4	-2.023E-4	-1.4171E2	-5.0192E2
-3.783E-4	-1.055E-5	-1.4179E2	-4.9956E2
-3.375E-4	2.048E-4	-1.4187E2	-4.9721E2
-1.774E-4	3.609E-4	-1.4196E2	-4.9488E2
4.353E-5	3.987E-4	-1.4204E2	-4.9256E2
2.443E-4	3.069E-4	-1.4212E2	-4.9027E2
3.556E-4	1.248E-4	-1.422E2	-4.8799E2
3.471E-4	-7.766E-5	-1.4227E2	-4.8572E2
2.363E-4	-2.301E-4	-1.4234E2	-4.8347E2
7.578E-5	-2.904E-4	-1.424E2	-4.8125E2
-7.262E-5	-2.574E-4	-1.4246E2	-4.7905E2
-1.645E-4	-1.646E-4	-1.4252E2	-4.7687E2
-1.879E-4	-5.954E-5	-1.4259E2	-4.7472E2
-1.614E-4	1.989E-5	-1.4266E2	-4.7258E2
-1.178E-4	6.038E-5	-1.4272E2	-4.7045E2
-8.383E-5	7.32E-5	-1.4279E2	-4.6834E2
-6.712E-5	8.131E-5	-1.4286E2	-4.6625E2
-5.52E-5	1.017E-4	-1.4293E2	-4.6417E2
-2.734E-5	1.335E-4	-1.43E2	-4.6211E2
2.911E-5	1.577E-4	-1.4307E2	-4.6005E2
1.074E-4	1.488E-4	-1.4313E2	-4.5801E2
1.815E-4	9.171E-5	-1.4319E2	-4.5598E2
2.18E-4	-7.089E-6	-1.4323E2	-4.5397E2
1.938E-4	-1.183E-4	-1.4328E2	-4.5198E2
1.091E-4	-2.018E-4	-1.4332E2	-4.5001E2
-9.324E-6	-2.249E-4	-1.4336E2	-4.4807E2
-1.19E-4	-1.782E-4	-1.4341E2	-4.4614E2
-1.8E-4	-8.074E-5	-1.4347E2	-4.4423E2
-1.73E-4	2.759E-5	-1.4353E2	-4.4232E2
-1.072E-4	1.039E-4	-1.4359E2	-4.4043E2
-1.608E-5	1.21E-4	-1.4364E2	-4.3854E2
5.819E-5	7.858E-5	-1.4369E2	-4.3667E2
8.351E-5	2.058E-6	-1.4374E2	-4.3482E2
5.112E-5	-6.969E-5	-1.4379E2	-4.3297E2
-2.202E-5	-1.02E-4	-1.4384E2	-4.3114E2
-1.022E-4	-7.877E-5	-1.4388E2	-4.2932E2
-1.543E-4	-7.77E-6	-1.4391E2	-4.2752E2
-1.56E-4	8.467E-5	-1.4395E2	-4.2574E2
-1.051E-4	1.659E-4	-1.4399E2	-4.2397E2
-1.799E-5	2.099E-4	-1.4403E2	-4.2222E2
7.966E-5	2.054E-4	-1.4407E2	-4.2047E2
1.628E-4	1.566E-4	-1.4412E2	-4.1874E2
2.147E-4	7.795E-5	-1.4416E2	-4.1702E2
2.286E-4	-1.268E-5	-1.442E2	-4.1531E2
2.056E-4	-9.94E-5	-1.4424E2	-4.1361E2
1.513E-4	-1.697E-4	-1.4428E2	-4.1192E2
7.339E-5	-2.135E-4	-1.4431E2	-4.1024E2
-1.721E-5	-2.224E-4	-1.4434E2	-4.0858E2
-1.052E-4	-1.913E-4	-1.4438E2	-4.0694E2
-1.714E-4	-1.223E-4	-1.4441E2	-4.0531E2
-1.972E-4	-2.858E-5	-1.4445E2	-4.0369E2
-1.72E-4	6.611E-5	-1.4449E2	-4.0209E2
-1.005E-4	1.327E-4	-1.4453E2	-4.0049E2
-4.651E-6	1.478E-4	-1.4458E2	-3.989E2
8.116E-5	1.044E-4	-1.4463E2	-3.9731E2
1.231E-4	1.791E-5	-1.4467E2	-3.9573E2
1.02E-4	-7.712E-5	-1.447E2	-3.9416E2
2.394E-5	-1.399E-4	-1.4473E2	-3.9261E2
-8.059E-5	-1.404E-4	-1.4477E2	-3.9107E2
-1.674E-4	-7.336E-5	-1.448E2	-3.8954E2
-1.973E-4	3.754E-5	-1.4484E2	-3.8802E2
-1.534E-4	1.484E-4	-1.4487E2	-3.8651E2
-4.995E-5	2.135E-4	-1.4491E2	-3.8502E2
7.308E-5	2.05E-4	-1.4495E2	-3.8353E2
1.666E-4	1.259E-4	-1.4499E2	-3.8205E2
1.939E-4	9.298E-6	-1.4504E2	-3.8058E2
1.466E-4	-9.629E-5	-1.4507E2	-3.7911E2
4.86E-5	-1.479E-4	-1.4511E2	-3.7765E2
-5.511E-5	-1.272E-4	-1.4515E2	-3.762E2
-1.186E-4	-4.828E-5	-1.4519E2	-3.7476E2
-1.156E-4	4.955E-5	-1.4523E2	-3.7332E2
-5.094E-5	1.2E-4	-1.4526E2	-3.719E2
4.269E-5	1.31E-4	-1.4529E2	-3.7049E2
1.204E-4	7.914E-5	-1.4532E2	-3.6909E2
1.461E-4	-9.697E-6	-1.4536E2	-3.677E2
1.093E-4	-9.315E-5	-1.4541E2	-3.6631E2
2.896E-5	-1.325E-4	-1.4545E2	-3.6492E2
-5.583E-5	-1.106E-4	-1.4548E2	-3.6354E2
-1.045E-4	-3.972E-5	-1.4551E2	-3.6216E2
-9.393E-5	4.499E-5	-1.4554E2	-3.6079E2
-2.916E-5	1.019E-4	-1.4556E2	-3.5944E2
5.958E-5	1.024E-4	-1.4558E2	-3.581E2
1.308E-4	4.343E-5	-1.4559E2	-3.5677E2
1.507E-4	-5.126E-5	-1.4562E2	-3.5545E2
1.078E-4	-1.423E-4	-1.4564E2	-3.5414E2
1.736E-5	-1.924E-4	-1.4567E2	-3.5284E2
-8.634E-5	-1.818E-4	-1.457E2	-3.5154E2
-1.652E-4	-1.16E-4	-1.4573E2	-3.5026E2
-1.936E-4	-2.135E-5	-1.4577E2	-3.4897E2
-1.673E-4	6.72E-5	-1.4581E2	-3.4769E2
-1.033E-4	1.213E-4	-1.4584E2	-3.4641E2
-3.029E-5	1.298E-4	-1.4587E2	-3.4513E2
2.478E-5	1.007E-4	-1.4588E2	-3.4387E2
4.715E-5	5.499E-5	-1.459E2	-3.4261E2
3.821E-5	1.564E-5	-1.4592E2	-3.4137E2
1.186E-5	-2.236E-6	-1.4594E2	-3.4014E2
-1.393E-5	3.836E-6	-1.4595E2	-3.3891E2
-2.569E-5	2.544E-5	-1.4597E2	-3.3769E2
-1.916E-5	4.945E-5	-1.4599E2	-3.3649E2
1.23E-6	6.498E-5	-1.4602E2	-3.3529E2
2.682E-5	6.742E-5	-1.4606E2	-3.3409E2
4.999E-5	5.837E-5	-1.4609E2	-3.3289E2
6.717E-5	4.234E-5	-1.4611E2	-3.3169E2
7.855E-5	2.289E-5	-1.4613E2	-3.305E2
8.528E-5	8.503E-7	-1.4614E2	-3.2931E2
8.654E-5	-2.468E-5	-1.4615E2	-3.2814E2
7.893E-5	-5.329E-5	-1.4616E2	-3.2698E2
5.848E-5	-8.077E-5	-1.4617E2	-3.2583E2
2.447E-5	-9.917E-5	-1.4618E2	-3.2469E2
-1.778E-5	-9.99E-5	-1.4619E2	-3.2356E2
-5.709E-5	-7.864E-5	-1.4621E2	-3.2244E2
-8.029E-5	-3.903E-5	-1.4623E2	-3.2133E2
-7.819E-5	6.926E-6	-1.4627E2	-3.2022E2
-5.064E-5	4.295E-5	-1.4631E2	-3.1911E2
-7.969E-6	5.522E-5	-1.4635E2	-3.18E2
3.251E-5	3.885E-5	-1.4638E2	-3.1689E2
5.361E-5	7.807E-7	-1.4641E2	-3.1578E2
4.583E-5	-4.265E-5	-1.4644E2	-3.1467E2
1.18E-5	-7.248E-5	-1.4646E2	-3.1358E2
-3.461E-5	-7.537E-5	-1.4648E2	-3.1249E2
-7.43E-5	-4.942E-5	-1.4651E2	-3.114E2
-9.122E-5	-4.943E-6	-1.4653E2	-3.1032E2
-7.93E-5	4.029E-5	-1.4654E2	-3.0926E2
-4.472E-5	6.895E-5	-1.4656E2	-3.082E2
-2.695E-6	7.162E-5	-1.4659E2	-3.0714E2
2.962E-5	5.045E-5	-1.4661E2	-3.0609E2
4.072E-5	1.737E-5	-1.4665E2	-3.0504E2
2.932E-5	-1.187E-5	-1.4667E2	-3.0399E2
3.953E-6	-2.497E-5	-1.467E2	-3.0295E2
-2.177E-5	-1.816E-5	-1.4672E2	-3.0191E2
-3.583E-5	3.071E-6	-1.4674E2	-3.0087E2
-3.3E-5	2.757E-5	-1.4676E2	-2.9984E2
-1.636E-5	4.44E-5	-1.4678E2	-2.9882E2
5.361E-6	4.788E-5	-1.4679E2	-2.978E2
2.285E-5	3.951E-5	-1.4681E2	-2.9679E2
3.093E-5	2.601E-5	-1.4684E2	-2.9579E2
3.056E-5	1.492E-5	-1.4686E2	-2.9478E2
2.734E-5	1.027E-5	-1.4688E2	-2.9378E2
2.752E-5	1.057E-5	-1.4689E2	-2.9278E2
3.393E-5	1.013E-5	-1.469E2	-2.9178E2
4.398E-5	2.893E-6	-1.4691E2	-2.908E2
5.093E-5	-1.355E-5	-1.4692E2	-2.8982E2
4.764E-5	-3.584E-5	-1.4693E2	-2.8885E2
3.083E-5	-5.594E-5	-1.4694E2	-2.8789E2
3.518E-6	-6.493E-5	-1.4695E2	-2.8694E2
-2.57E-5	-5.755E-5	-1.4697E2	-2.8599E2
-4.634E-5	-3.516E-5	-1.4699E2	-2.8504E2
-5.079E-5	-5.649E-6	-1.4701E2	-2.841E2
-3.794E-5	1.991E-5	-1.4703E2	-2.8316E2
-1.377E-5	3.206E-5	-1.4706E2	-2.8222E2
1.122E-5	2.708E-5	-1.4709E2	-2.8128E2
2.668E-5	8.49E-6	-1.4712E2	-2.8033E2
2.683E-5	-1.478E-5	-1.4713E2	-2.7939E2
1.263E-5	-3.249E-5	-1.4714E2	-2.7845E2
-9.073E-6	-3.753E-5	-1.4715E2	-2.7753E2
-2.896E-5	-2.867E-5	-1.4715E2	-2.7662E2
-3.944E-5	-1.049E-5	-1.4716E2	-2.7571E2
-3.762E-5	9.216E-6	-1.4718E2	-2.7481E2
-2.595E-5	2.314E-5	-1.472E2	-2.7391E2
-1.034E-5	2.747E-5	-1.4722E2	-2.7301E2
2.87E-6	2.286E-5	-1.4724E2	-2.7211E2
9.701E-6	1.334E-5	-1.4726E2	-2.7121E2
9.687E-6	3.779E-6	-1.4728E2	-2.7032E2
5.175E-6	-2.398E-6	-1.4729E2	-2.6943E2
-5.69E-7	-4.335E-6	-1.473E2	-2.6854E2
-5.248E-6	-3.248E-6	-1.4731E2	-2.6766E2
-8.368E-6	-9.127E-7	-1.4732E2	-2.6678E2
-1.073E-5	1.8E-6	-1.4733E2	-2.6592E2
-1.305E-5	5.42E-6	-1.4733E2	-2.6506E2
-1.481E-5	1.115E-5	-1.4734E2	-2.642E2
-1.402E-5	1.943E-5	-1.4736E2	-2.6336E2
-8.264E-6	2.878E-5	-1.4739E2	-2.6251E2
3.561E-6	3.575E-5	-1.4741E2	-2.6165E2
1.992E-5	3.625E-5	-1.4743E2	-2.608E2
3.652E-5	2.76E-5	-1.4745E2	-2.5995E2
4.769E-5	1.028E-5	-1.4747E2	-2.591E2
4.88E-5	-1.165E-5	-1.4748E2	-2.5825E2
3.839E-5	-3.176E-5	-1.4749E2	-2.5741E2
1.917E-5	-4.383E-5	-1.4749E2	-2.5657E2
-2.927E-6	-4.43E-5	-1.4749E2	-2.5574E2
-2.105E-5	-3.38E-5	-1.4748E2	-2.5492E2
-3.017E-5	-1.679E-5	-1.4749E2	-2.5412E2
-2.896E-5	4.92E-7	-1.475E2	-2.5332E2
-1.992E-5	1.258E-5	-1.4753E2	-2.5252E2
-7.948E-6	1.693E-5	-1.4755E2	-2.5172E2
2.105E-6	1.448E-5	-1.4758E2	-2.5091E2
7.477E-6	8.571E-6	-1.4761E2	-2.501E2
8.296E-6	2.953E-6	-1.4764E2	-2.4929E2
6.849E-6	-1.688E-7	-1.4766E2	-2.4848E2
5.831E-6	-9.567E-7	-1.4767E2	-2.4767E2
6.616E-6	-1.353E-6	-1.4768E2	-2.4686E2
8.481E-6	-3.506E-6	-1.4768E2	-2.4606E2
9.186E-6	-8.157E-6	-1.4768E2	-2.4527E2
6.514E-6	-1.393E-5	-1.4769E2	-2.4449E2
-1.153E-7	-1.796E-5	-1.4769E2	-2.4371E2
-8.921E-6	-1.748E-5	-1.477E2	-2.4294E2
-1.64E-5	-1.161E-5	-1.4771E2	-2.4216E2
-1.906E-5	-2.139E-6	-1.4772E2	-2.4139E2
-1.536E-5	6.988E-6	-1.4773E2	-2.4062E2
-6.775E-6	1.153E-5	-1.4774E2	-2.3986E2
2.55E-6	9.086E-6	-1.4775E2	-2.391E2
7.663E-6	5.704E-7	-1.4776E2	-2.3834E2
5.172E-6	-9.927E-6	-1.4777E2	-2.3758E2
-4.919E-6	-1.681E-5	-1.4778E2	-2.3682E2
-1.889E-5	-1.551E-5	-1.4778E2	-2.3607E2
-3.072E-5	-4.73E-6	-1.4778E2	-2.3533E2
-3.463E-5	1.274E-5	-1.478E2	-2.3459E2
-2.763E-5	3.095E-5	-1.4781E2	-2.3385E2
-1.094E-5	4.324E-5	-1.4783E2	-2.3311E2
1.04E-5	4.49E-5	-1.4785E2	-2.3236E2
2.957E-5	3.51E-5	-1.4786E2	-2.3162E2
4.065E-5	1.717E-5	-1.4785E2	-2.3088E2
4.083E-5	-2.923E-6	-1.4785E2	-2.3015E2
3.132E-5	-1.895E-5	-1.4785E2	-2.2943E2
1.646E-5	-2.68E-5	-1.4786E2	-2.2871E2
1.768E-6	-2.579E-5	-1.4787E2	-2.2799E2
-8.318E-6	-1.836E-5	-1.4787E2	-2.2727E2
-1.191E-5	-8.692E-6	-1.4788E2	-2.2656E2
-9.919E-6	-7.111E-7	-1.4789E2	-2.2586E2
-5.059E-6	3.365E-6	-1.479E2	-2.2515E2
-3.235E-7	3.526E-6	-1.4792E2	-2.2445E2
2.364E-6	1.384E-6	-1.4793E2	-2.2374E2
2.712E-6	-1.012E-6	-1.4794E2	-2.2302E2
1.714E-6	-2.301E-6	-1.4794E2	-2.2232E2
7.35E-7	-2.324E-6	-1.4794E2	-2.2161E2
5.948E-7	-1.881E-6	-1.4794E2	-2.2092E2
1.146E-6	-1.978E-6	-1.4793E2	-2.2023E2
1.508E-6	-3.059E-6	-1.4793E2	-2.1955E2
7.531E-7	-4.67E-6	-1.4794E2	-2.1888E2
-1.4E-6	-5.716E-6	-1.4795E2	-2.1821E2
-4.288E-6	-5.142E-6	-1.4796E2	-2.1754E2
-6.583E-6	-2.619E-6	-1.4799E2	-2.1687E2
-6.978E-6	1.145E-6	-1.4801E2	-2.162E2
-4.913E-6	4.663E-6	-1.4804E2	-2.1552E2
-9.439E-7	6.353E-6	-1.4806E2	-2.1484E2
3.447E-6	5.304E-6	-1.4807E2	-2.1415E2
6.491E-6	1.728E-6	-1.4808E2	-2.1347E2
6.915E-6	-3.114E-6	-1.4809E2	-2.1279E2
4.472E-6	-7.468E-6	-1.4809E2	-2.1212E2
-1.017E-8	-9.828E-6	-1.4809E2	-2.1145E2
-5.051E-6	-9.513E-6	-1.4809E2	-2.1078E2
-9.172E-6	-6.816E-6	-1.4809E2	-2.1012E2
-1.146E-5	-2.728E-6	-1.4809E2	-2.0947E2
-1.176E-5	1.605E-6	-1.4809E2	-2.0882E2
-1.053E-5	5.355E-6	-1.481E2	-2.0818E2
-8.387E-6	8.223E-6	-1.4811E2	-2.0753E2
-5.77E-6	1.031E-5	-1.4811E2	-2.0687E2
-2.763E-6	1.176E-5	-1.4811E2	-2.0622E2
7.433E-7	1.252E-5	-1.4811E2	-2.0558E2
4.733E-6	1.22E-5	-1.4811E2	-2.0495E2
8.809E-6	1.034E-5	-1.4811E2	-2.0432E2
1.217E-5	6.75E-6	-1.4812E2	-2.0369E2
1.387E-5	1.769E-6	-1.4812E2	-2.0307E2
1.323E-5	-3.659E-6	-1.4813E2	-2.0245E2
1.022E-5	-8.277E-6	-1.4815E2	-2.0183E2
5.543E-6	-1.097E-5	-1.4816E2	-2.0121E2
4.091E-7	-1.12E-5	-1.4819E2	-2.0059E2
-3.902E-6	-9.201E-6	-1.4821E2	-1.9996E2
-6.511E-6	-5.82E-6	-1.4823E2	-1.9933E2
-7.202E-6	-2.164E-6	-1.4825E2	-1.9869E2
-6.377E-6	8.615E-7	-1.4826E2	-1.9806E2
-4.763E-6	2.843E-6	-1.4827E2	-1.9743E2
-3.019E-6	3.872E-6	-1.4827E2	-1.968E2
-1.47E-6	4.326E-6	-1.4827E2	-1.9618E2
-6.907E-8	4.545E-6	-1.4826E2	-1.9556E2
1.418E-6	4.6E-6	-1.4826E2	-1.9495E2
3.135E-6	4.278E-6	-1.4826E2	-1.9434E2
4.943E-6	3.255E-6	-1.4826E2	-1.9374E2
6.415E-6	1.361E-6	-1.4826E2	-1.9314E2
7.028E-6	-1.234E-6	-1.4827E2	-1.9254E2
6.426E-6	-4.02E-6	-1.4827E2	-1.9194E2
4.622E-6	-6.341E-6	-1.4827E2	-1.9134E2
2.008E-6	-7.658E-6	-1.4827E2	-1.9074E2
-8.107E-7	-7.759E-6	-1.4827E2	-1.9014E2
-3.266E-6	-6.797E-6	-1.4827E2	-1.8955E2
-5.026E-6	-5.154E-6	-1.4826E2	-1.8897E2
-6.042E-6	-3.225E-6	-1.4827E2	-1.8839E2
-6.43E-6	-1.253E-6	-1.4827E2	-1.8781E2
-6.293E-6	6.861E-7	-1.4828E2	-1.8723E2
-5.607E-6	2.564E-6	-1.4829E2	-1.8665E2
-4.254E-6	4.232E-6	-1.4831E2	-1.8607E2
-2.191E-6	5.339E-6	-1.4832E2	-1.8548E2
3.489E-7	5.429E-6	-1.4833E2	-1.849E2
2.778E-6	4.186E-6	-1.4833E2	-1.8431E2
4.29E-6	1.708E-6	-1.4832E2	-1.8373E2
4.181E-6	-1.367E-6	-1.4831E2	-1.8315E2
2.228E-6	-3.987E-6	-1.483E2	-1.8259E2
-1.088E-6	-5.063E-6	-1.483E2	-1.8203E2
-4.651E-6	-3.948E-6	-1.483E2	-1.8148E2
-7.092E-6	-7.86E-7	-1.483E2	-1.8092E2
-7.335E-6	3.454E-6	-1.4831E2	-1.8037E2
-5.074E-6	7.297E-6	-1.4833E2	-1.7982E2
-9.464E-7	9.338E-6	-1.4834E2	-1.7926E2
3.686E-6	8.809E-6	-1.4836E2	-1.787E2
7.271E-6	5.895E-6	-1.4837E2	-1.7814E2
8.681E-6	1.65E-6	-1.4838E2	-1.7757E2
7.643E-6	-2.447E-6	-1.4839E2	-1.7701E2
4.79E-6	-5.103E-6	-1.4839E2	-1.7646E2
1.334E-6	-5.697E-6	-1.4839E2	-1.759E2
-1.48E-6	-4.452E-6	-1.4839E2	-1.7535E2
-2.876E-6	-2.223E-6	-1.4839E2	-1.748E2
-2.788E-6	-3.802E-8	-1.4839E2	-1.7426E2
-1.743E-6	1.372E-6	-1.484E2	-1.7372E2
-4.904E-7	1.836E-6	-1.4841E2	-1.7318E2
4.233E-7	1.684E-6	-1.4842E2	-1.7263E2
9.006E-7	1.436E-6	-1.4843E2	-1.7209E2
1.252E-6	1.42E-6	-1.4843E2	-1.7154E2
1.91E-6	1.551E-6	-1.4843E2	-1.71E2
3.064E-6	1.377E-6	-1.4843E2	-1.7046E2
4.45E-6	3.744E-7	-1.4842E2	-1.6993E2
5.395E-6	-1.676E-6	-1.4842E2	-1.6941E2
5.14E-6	-4.445E-6	-1.4843E2	-1.6888E2
3.256E-6	-7.093E-6	-1.4843E2	-1.6836E2
-6.006E-8	-8.591E-6	-1.4845E2	-1.6784E2
-3.965E-6	-8.183E-6	-1.4846E2	-1.6731E2
-7.264E-6	-5.757E-6	-1.4847E2	-1.6679E2
-8.895E-6	-1.952E-6	-1.4848E2	-1.6626E2
-8.367E-6	2.074E-6	-1.4849E2	-1.6573E2
-5.961E-6	5.102E-6	-1.485E2	-1.6521E2
-2.6E-6	6.331E-6	-1.485E2	-1.6468E2
5.473E-7	5.666E-6	-1.4851E2	-1.6416E2
2.546E-6	3.687E-6	-1.4852E2	-1.6364E2
3.023E-6	1.34E-6	-1.4853E2	-1.6312E2
2.232E-6	-4.875E-7	-1.4853E2	-1.626E2
8.319E-7	-1.314E-6	-1.4853E2	-1.6208E2
-4.697E-7	-1.172E-6	-1.4853E2	-1.6156E2
-1.233E-6	-4.649E-7	-1.4853E2	-1.6105E2
-1.409E-6	3.203E-7	-1.4853E2	-1.6054E2
-1.244E-6	8.851E-7	-1.4854E2	-1.6003E2
-1.034E-6	1.228E-6	-1.4854E2	-1.5952E2
-8.997E-7	1.552E-6	-1.4854E2	-1.5901E2
-7.114E-7	2.045E-6	-1.4854E2	-1.5851E2
-1.93E-7	2.681E-6	-1.4854E2	-1.5801E2
8.476E-7	3.161E-6	-1.4854E2	-1.5751E2
2.314E-6	3.052E-6	-1.4855E2	-1.5701E2
3.77E-6	2.042E-6	-1.4855E2	-1.5652E2
4.593E-6	1.827E-7	-1.4856E2	-1.5603E2
4.27E-6	-2.042E-6	-1.4857E2	-1.5553E2
2.683E-6	-3.86E-6	-1.4858E2	-1.5504E2
2.405E-7	-4.528E-6	-1.4859E2	-1.5455E2
-2.233E-6	-3.676E-6	-1.486E2	-1.5405E2
-3.813E-6	-1.512E-6	-1.4861E2	-1.5355E2
-3.857E-6	1.224E-6	-1.4862E2	-1.5305E2
-2.279E-6	3.533E-6	-1.4862E2	-1.5255E2
3.982E-7	4.548E-6	-1.4862E2	-1.5206E2
3.251E-6	3.867E-6	-1.4862E2	-1.5157E2
5.307E-6	1.691E-6	-1.4862E2	-1.5108E2
5.903E-6	-1.285E-6	-1.4862E2	-1.506E2
4.887E-6	-4.155E-6	-1.4862E2	-1.5012E2
2.608E-6	-6.131E-6	-1.4863E2	-1.4965E2
-2.699E-7	-6.779E-6	-1.4864E2	-1.4917E2
-3.035E-6	-6.08E-6	-1.4865E2	-1.4869E2
-5.141E-6	-4.332E-6	-1.4866E2	-1.4821E2
-6.295E-6	-1.979E-6	-1.4867E2	-1.4772E2
-6.43E-6	5.421E-7	-1.4867E2	-1.4724E2
-5.617E-6	2.868E-6	-1.4867E2	-1.4675E2
-3.994E-6	4.698E-6	-1.4866E2	-1.4628E2
-1.768E-6	5.764E-6	-1.4866E2	-1.4581E2
7.509E-7	5.833E-6	-1.4866E2	-1.4534E2
3.113E-6	4.791E-6	-1.4867E2	-1.4488E2
4.788E-6	2.748E-6	-1.4868E2	-1.4441E2
5.305E-6	1.128E-7	-1.4868E2	-1.4394E2
4.45E-6	-2.455E-6	-1.4869E2	-1.4348E2
2.409E-6	-4.227E-6	-1.4871E2	-1.4302E2
-2.267E-7	-4.663E-6	-1.4872E2	-1.4255E2
-2.634E-6	-3.642E-6	-1.4874E2	-1.4208E2
-4.048E-6	-1.541E-6	-1.4874E2	-1.416E2
-4.063E-6	8.844E-7	-1.4875E2	-1.4113E2
-2.789E-6	2.792E-6	-1.4875E2	-1.4066E2
-8.029E-7	3.581E-6	-1.4875E2	-1.4019E2
1.1E-6	3.125E-6	-1.4875E2	-1.3972E2
2.245E-6	1.792E-6	-1.4874E2	-1.3926E2
2.348E-6	2.512E-7	-1.4873E2	-1.3881E2
1.597E-6	-8.443E-7	-1.4873E2	-1.3837E2
5.142E-7	-1.141E-6	-1.4874E2	-1.3792E2
-3.215E-7	-7.087E-7	-1.4875E2	-1.3748E2
-5.589E-7	5.043E-8	-1.4876E2	-1.3703E2
-2.159E-7	6.477E-7	-1.4877E2	-1.3658E2
3.806E-7	7.755E-7	-1.4878E2	-1.3614E2
8.151E-7	4.556E-7	-1.488E2	-1.357E2
8.387E-7	-6.401E-9	-1.4882E2	-1.3525E2
5.182E-7	-2.306E-7	-1.4884E2	-1.3479E2
1.934E-7	-1.603E-8	-1.4886E2	-1.3434E2
2.657E-7	5.056E-7	-1.4888E2	-1.3388E2
9.305E-7	9.105E-7	-1.4889E2	-1.3342E2
2.006E-6	7.065E-7	-1.4891E2	-1.3296E2
2.963E-6	-3.721E-7	-1.4892E2	-1.325E2
3.158E-6	-2.155E-6	-1.4892E2	-1.3204E2
2.167E-6	-4.04E-6	-1.4892E2	-1.3159E2
4.478E-8	-5.217E-6	-1.4893E2	-1.3113E2
-2.619E-6	-5.041E-6	-1.4892E2	-1.3067E2
-4.907E-6	-3.352E-6	-1.4892E2	-1.3022E2
-5.955E-6	-6.019E-7	-1.4891E2	-1.2978E2
-5.333E-6	2.294E-6	-1.489E2	-1.2934E2
-3.257E-6	4.328E-6	-1.489E2	-1.2891E2
-5.17E-7	4.823E-6	-1.489E2	-1.2847E2
1.853E-6	3.72E-6	-1.489E2	-1.2803E2
3.006E-6	1.596E-6	-1.489E2	-1.276E2
2.636E-6	-5.906E-7	-1.489E2	-1.2717E2
1.084E-6	-1.924E-6	-1.4892E2	-1.2674E2
-8.378E-7	-1.913E-6	-1.4893E2	-1.2631E2
-2.222E-6	-6.789E-7	-1.4894E2	-1.2587E2
-2.46E-6	1.14E-6	-1.4893E2	-1.2543E2
-1.484E-6	2.7E-6	-1.4893E2	-1.2499E2
2.476E-7	3.33E-6	-1.4893E2	-1.2457E2
1.995E-6	2.811E-6	-1.4893E2	-1.2414E2
3.082E-6	1.421E-6	-1.4894E2	-1.2371E2
3.183E-6	-2.374E-7	-1.4894E2	-1.2329E2
2.415E-6	-1.542E-6	-1.4894E2	-1.2286E2
1.222E-6	-2.123E-6	-1.4895E2	-1.2244E2
1.211E-7	-1.983E-6	-1.4896E2	-1.2202E2
-5.446E-7	-1.422E-6	-1.4897E2	-1.2159E2
-7.354E-7	-8.307E-7	-1.4898E2	-1.2116E2
-6.637E-7	-4.67E-7	-1.4898E2	-1.2074E2
-6.144E-7	-3.366E-7	-1.4898E2	-1.2031E2
-7.444E-7	-2.369E-7	-1.4898E2	-1.1989E2
-9.761E-7	7.594E-8	-1.4898E2	-1.1947E2
-1.042E-6	6.946E-7	-1.4898E2	-1.1906E2
-6.547E-7	1.456E-6	-1.4898E2	-1.1865E2
2.899E-7	1.99E-6	-1.4899E2	-1.1824E2
1.598E-6	1.897E-6	-1.4901E2	-1.1783E2
2.812E-6	9.716E-7	-1.4902E2	-1.1741E2
3.398E-6	-6.509E-7	-1.4903E2	-1.1698E2
2.988E-6	-2.502E-6	-1.4903E2	-1.1657E2
1.566E-6	-3.952E-6	-1.4904E2	-1.1615E2
-4.913E-7	-4.465E-6	-1.4905E2	-1.1574E2
-2.551E-6	-3.824E-6	-1.4907E2	-1.1532E2
-3.973E-6	-2.226E-6	-1.4908E2	-1.149E2
-4.357E-6	-1.971E-7	-1.4908E2	-1.1448E2
-3.688E-6	1.621E-6	-1.4908E2	-1.1406E2
-2.311E-6	2.723E-6	-1.4908E2	-1.1365E2
-7.678E-7	2.918E-6	-1.4909E2	-1.1324E2
4.314E-7	2.358E-6	-1.491E2	-1.1283E2
9.973E-7	1.432E-6	-1.491E2	-1.1242E2
9.325E-7	5.765E-7	-1.4911E2	-1.1201E2
4.742E-7	9.833E-8	-1.4912E2	-1.116E2
-4.764E-8	8.238E-8	-1.4913E2	-1.1118E2
-3.619E-7	4.103E-7	-1.4913E2	-1.1076E2
-3.476E-7	8.586E-7	-1.4912E2	-1.1035E2
-3.915E-8	1.215E-6	-1.4912E2	-1.0994E2
4.357E-7	1.356E-6	-1.4911E2	-1.0954E2
9.373E-7	1.259E-6	-1.4911E2	-1.0913E2
1.368E-6	9.654E-7	-1.4911E2	-1.0873E2
1.675E-6	5.266E-7	-1.4911E2	-1.0833E2
1.827E-6	-1.67E-8	-1.491E2	-1.0794E2
1.781E-6	-6.234E-7	-1.491E2	-1.0755E2
1.49E-6	-1.22E-6	-1.4911E2	-1.0716E2
9.37E-7	-1.682E-6	-1.4912E2	-1.0676E2
1.897E-7	-1.863E-6	-1.4912E2	-1.0637E2
-5.854E-7	-1.656E-6	-1.4913E2	-1.0597E2
-1.158E-6	-1.071E-6	-1.4913E2	-1.0558E2
-1.322E-6	-2.711E-7	-1.4914E2	-1.0519E2
-1.002E-6	4.685E-7	-1.4916E2	-1.048E2
-3.114E-7	8.593E-7	-1.4917E2	-1.0441E2
4.668E-7	7.326E-7	-1.4919E2	-1.0401E2
9.912E-7	1.307E-7	-1.4921E2	-1.0361E2
1.011E-6	-6.919E-7	-1.4922E2	-1.0321E2
4.871E-7	-1.369E-6	-1.4923E2	-1.028E2
-3.738E-7	-1.585E-6	-1.4924E2	-1.0239E2
-1.207E-6	-1.224E-6	-1.4924E2	-1.0199E2
-1.651E-6	-4.306E-7	-1.4924E2	-1.0159E2
-1.521E-6	4.485E-7	-1.4923E2	-1.0119E2
-9.004E-7	1.026E-6	-1.4923E2	-1.0079E2
-1.046E-7	1.06E-6	-1.4922E2	-1.004E2
4.643E-7	5.735E-7	-1.4922E2	-1.0002E2
5.149E-7	-1.497E-7	-1.4922E2	-9.9634E1
1.33E-8	-6.969E-7	-1.4922E2	-9.9254E1
-7.899E-7	-7.271E-7	-1.4923E2	-9.8871E1
-1.471E-6	-1.435E-7	-1.4924E2	-9.8484E1
-1.635E-6	8.467E-7	-1.4925E2	-9.8096E1
-1.107E-6	1.818E-6	-1.4926E2	-9.7704E1
-2.828E-8	2.317E-6	-1.4927E2	-9.731E1
1.194E-6	2.08E-6	-1.4927E2	-9.6913E1
2.069E-6	1.157E-6	-1.4927E2	-9.6516E1
2.239E-6	-9.752E-8	-1.4926E2	-9.6124E1
1.649E-6	-1.182E-6	-1.4925E2	-9.5739E1
5.692E-7	-1.667E-6	-1.4925E2	-9.5361E1
-5.21E-7	-1.39E-6	-1.4924E2	-9.4986E1
-1.149E-6	-5.239E-7	-1.4924E2	-9.4612E1
-1.059E-6	5.052E-7	-1.4925E2	-9.4239E1
-3.188E-7	1.208E-6	-1.4925E2	-9.3864E1
7.144E-7	1.249E-6	-1.4926E2	-9.3486E1
1.557E-6	5.952E-7	-1.4927E2	-9.3106E1
1.815E-6	-4.838E-7	-1.4927E2	-9.2726E1
1.349E-6	-1.535E-6	-1.4928E2	-9.2348E1
3.258E-7	-2.124E-6	-1.4929E2	-9.1968E1
-8.641E-7	-2.013E-6	-1.493E2	-9.1585E1
-1.777E-6	-1.249E-6	-1.493E2	-9.1202E1
-2.1E-6	-1.275E-7	-1.493E2	-9.0823E1
-1.76E-6	9.447E-7	-1.493E2	-9.0447E1
-9.3E-7	1.617E-6	-1.493E2	-9.0073E1
6.373E-8	1.721E-6	-1.4931E2	-8.9698E1
8.87E-7	1.305E-6	-1.4932E2	-8.9317E1
1.318E-6	5.829E-7	-1.4932E2	-8.8932E1
1.306E-6	-1.76E-7	-1.4932E2	-8.855E1
9.472E-7	-7.522E-7	-1.4932E2	-8.8174E1
4.154E-7	-1.038E-6	-1.4931E2	-8.7801E1
-1.21E-7	-1.036E-6	-1.4932E2	-8.7428E1
-5.494E-7	-8.181E-7	-1.4932E2	-8.7053E1
-8.209E-7	-4.724E-7	-1.4932E2	-8.6676E1
-9.251E-7	-6.926E-8	-1.4932E2	-8.6299E1
-8.618E-7	3.377E-7	-1.4931E2	-8.5925E1
-6.309E-7	6.928E-7	-1.493E2	-8.5555E1
-2.484E-7	9.244E-7	-1.493E2	-8.5187E1
2.282E-7	9.542E-7	-1.493E2	-8.4821E1
6.877E-7	7.329E-7	-1.493E2	-8.4453E1
9.872E-7	2.815E-7	-1.493E2	-8.408E1
1.004E-6	-2.885E-7	-1.493E2	-8.3701E1
6.96E-7	-7.968E-7	-1.4929E2	-8.3327E1
1.413E-7	-1.057E-6	-1.4927E2	-8.2962E1
-4.773E-7	-9.581E-7	-1.4926E2	-8.2608E1
-9.34E-7	-5.172E-7	-1.4925E2	-8.2258E1
-1.052E-6	1.102E-7	-1.4925E2	-8.1905E1
-7.817E-7	6.88E-7	-1.4925E2	-8.1551E1
-2.263E-7	9.936E-7	-1.4925E2	-8.1197E1
3.956E-7	9.115E-7	-1.4926E2	-8.0844E1
8.404E-7	4.818E-7	-1.4927E2	-8.0487E1
9.404E-7	-1.175E-7	-1.4928E2	-8.0123E1
6.713E-7	-6.475E-7	-1.4929E2	-7.9754E1
1.558E-7	-9.094E-7	-1.4929E2	-7.9384E1
-3.951E-7	-8.238E-7	-1.4929E2	-7.9018E1
-7.764E-7	-4.543E-7	-1.4928E2	-7.8658E1
-8.727E-7	3.318E-8	-1.4927E2	-7.83E1
-6.954E-7	4.51E-7	-1.4927E2	-7.7945E1
-3.608E-7	6.723E-7	-1.4927E2	-7.7595E1
-2.223E-8	6.755E-7	-1.4927E2	-7.7247E1
2.05E-7	5.355E-7	-1.4928E2	-7.6898E1
2.91E-7	3.685E-7	-1.4929E2	-7.6542E1
2.889E-7	2.647E-7	-1.4929E2	-7.6182E1
2.898E-7	2.425E-7	-1.493E2	-7.5821E1
3.61E-7	2.473E-7	-1.493E2	-7.5462E1
5.021E-7	1.925E-7	-1.493E2	-7.5103E1
6.427E-7	1.824E-8	-1.493E2	-7.4743E1
6.819E-7	-2.648E-7	-1.493E2	-7.4382E1
5.471E-7	-5.708E-7	-1.4929E2	-7.4028E1
2.416E-7	-7.769E-7	-1.4928E2	-7.3681E1
-1.462E-7	-7.843E-7	-1.4928E2	-7.334E1
-4.774E-7	-5.722E-7	-1.4928E2	-7.2996E1
-6.262E-7	-2.145E-7	-1.4929E2	-7.2647E1
-5.39E-7	1.486E-7	-1.493E2	-7.2295E1
-2.618E-7	3.721E-7	-1.4931E2	-7.1944E1
7.8E-8	3.707E-7	-1.4932E2	-7.159E1
3.285E-7	1.575E-7	-1.4933E2	-7.1231E1
3.802E-7	-1.638E-7	-1.4934E2	-7.0866E1
2.125E-7	-4.461E-7	-1.4933E2	-7.0502E1
-1.003E-7	-5.644E-7	-1.4933E2	-7.0141E1
-4.26E-7	-4.683E-7	-1.4932E2	-6.9784E1
-6.342E-7	-1.994E-7	-1.493E2	-6.9432E1
-6.514E-7	1.338E-7	-1.4929E2	-6.9085E1
-4.867E-7	4.069E-7	-1.4928E2	-6.8743E1
-2.19E-7	5.333E-7	-1.4928E2	-6.8404E1
4.42E-8	4.953E-7	-1.4928E2	-6.8065E1
2.161E-7	3.416E-7	-1.4929E2	-6.7721E1
2.631E-7	1.55E-7	-1.4929E2	-6.7368E1
2.087E-7	1.146E-8	-1.4929E2	-6.7013E1
1.111E-7	-5.213E-8	-1.4928E2	-6.6663E1
2.85E-8	-4.495E-8	-1.4927E2	-6.6318E1
-9.071E-9	-5.998E-9	-1.4927E2	-6.5976E1
-7.474E-9	2.422E-8	-1.4926E2	-6.5635E1
4.315E-9	2.738E-8	-1.4925E2	-6.5296E1
-1.894E-9	1.408E-8	-1.4925E2	-6.496E1
-3.339E-8	1.218E-8	-1.4925E2	-6.4625E1
-7.155E-8	4.512E-8	-1.4925E2	-6.429E1
-8.376E-8	1.139E-7	-1.4925E2	-6.3952E1
-4.454E-8	1.932E-7	-1.4925E2	-6.3614E1
4.693E-8	2.441E-7	-1.4925E2	-6.3278E1
1.633E-7	2.355E-7	-1.4926E2	-6.2942E1
2.617E-7	1.617E-7	-1.4926E2	-6.2606E1
3.053E-7	4.755E-8	-1.4927E2	-6.2268E1
2.827E-7	-6.421E-8	-1.4927E2	-6.1929E1
2.137E-7	-1.344E-7	-1.4928E2	-6.1591E1
1.382E-7	-1.478E-7	-1.4928E2	-6.1253E1
9.5E-8	-1.201E-7	-1.4929E2	-6.091E1
1.009E-7	-8.922E-8	-1.493E2	-6.0563E1
1.413E-7	-9.379E-8	-1.493E2	-6.0214E1
1.782E-7	-1.52E-7	-1.493E2	-5.9868E1
1.702E-7	-2.506E-7	-1.4929E2	-5.9525E1
9.433E-8	-3.504E-7	-1.4929E2	-5.9181E1
-4.072E-8	-4.055E-7	-1.4928E2	-5.8836E1
-1.983E-7	-3.854E-7	-1.4927E2	-5.8492E1
-3.305E-7	-2.894E-7	-1.4925E2	-5.8158E1
-4.005E-7	-1.461E-7	-1.4923E2	-5.7834E1
-3.977E-7	1.413E-9	-1.4922E2	-5.7519E1
-3.393E-7	1.163E-7	-1.4922E2	-5.7206E1
-2.58E-7	1.832E-7	-1.4923E2	-5.6892E1
-1.832E-7	2.111E-7	-1.4925E2	-5.6572E1
-1.262E-7	2.226E-7	-1.4927E2	-5.6244E1
-7.808E-8	2.365E-7	-1.4929E2	-5.5908E1
-1.943E-8	2.543E-7	-1.4931E2	-5.5567E1
6.215E-8	2.583E-7	-1.4932E2	-5.5222E1
1.588E-7	2.231E-7	-1.4933E2	-5.4878E1
2.413E-7	1.336E-7	-1.4933E2	-5.4534E1
2.712E-7	-7.298E-11	-1.4933E2	-5.4189E1
2.222E-7	-1.405E-7	-1.4933E2	-5.3844E1
9.726E-8	-2.364E-7	-1.4932E2	-5.3502E1
-6.621E-8	-2.455E-7	-1.4931E2	-5.3166E1
-2.09E-7	-1.566E-7	-1.4931E2	-5.2835E1
-2.746E-7	1.614E-9	-1.4931E2	-5.2506E1
-2.346E-7	1.698E-7	-1.4931E2	-5.2174E1
-1.035E-7	2.822E-7	-1.4931E2	-5.1839E1
6.666E-8	2.953E-7	-1.4931E2	-5.1503E1
2.075E-7	2.07E-7	-1.493E2	-5.1169E1
2.645E-7	5.793E-8	-1.493E2	-5.0836E1
2.204E-7	-8.688E-8	-1.4929E2	-5.0504E1
1.021E-7	-1.667E-7	-1.4928E2	-5.0174E1
-3.2E-8	-1.516E-7	-1.4927E2	-4.9849E1
-1.19E-7	-5.509E-8	-1.4927E2	-4.9527E1
-1.194E-7	7.369E-8	-1.4926E2	-4.9208E1
-3.325E-8	1.728E-7	-1.4926E2	-4.8889E1
1.01E-7	1.951E-7	-1.4927E2	-4.857E1
2.256E-7	1.283E-7	-1.4927E2	-4.8248E1
2.889E-7	-2.114E-9	-1.4928E2	-4.7925E1
2.675E-7	-1.459E-7	-1.4929E2	-4.7598E1
1.732E-7	-2.515E-7	-1.493E2	-4.7266E1
4.494E-8	-2.878E-7	-1.4931E2	-4.6933E1
-7.085E-8	-2.544E-7	-1.4931E2	-4.66E1
-1.407E-7	-1.776E-7	-1.4931E2	-4.6269E1
-1.562E-7	-9.488E-8	-1.4931E2	-4.5936E1
-1.331E-7	-3.659E-8	-1.4931E2	-4.5601E1
-9.935E-8	-1.361E-8	-1.493E2	-4.5268E1
-7.936E-8	-1.62E-8	-1.4929E2	-4.4942E1
-8.215E-8	-2.319E-8	-1.4928E2	-4.4623E1
-9.939E-8	-1.568E-8	-1.4928E2	-4.4306E1
-1.127E-7	1.226E-8	-1.4928E2	-4.3986E1
-1.06E-7	5.117E-8	-1.4929E2	-4.3661E1
-7.519E-8	8.262E-8	-1.4929E2	-4.3334E1
-3.083E-8	9.038E-8	-1.4928E2	-4.3008E1
7.497E-9	7.011E-8	-1.4928E2	-4.2686E1
2.2E-8	3.231E-8	-1.4927E2	-4.2368E1
6.411E-9	-2.784E-9	-1.4927E2	-4.2052E1
-3.035E-8	-1.545E-8	-1.4927E2	-4.1738E1
-6.83E-8	3.436E-9	-1.4928E2	-4.1423E1
-8.611E-8	4.777E-8	-1.4929E2	-4.1105E1
-7.137E-8	9.907E-8	-1.4931E2	-4.0779E1
-2.627E-8	1.353E-7	-1.4932E2	-4.0447E1
3.376E-8	1.409E-7	-1.4932E2	-4.0115E1
8.757E-8	1.136E-7	-1.4932E2	-3.9784E1
1.178E-7	6.411E-8	-1.4932E2	-3.9455E1
1.178E-7	1.079E-8	-1.4932E2	-3.9125E1
9.337E-8	-2.933E-8	-1.4931E2	-3.8795E1
5.812E-8	-4.727E-8	-1.493E2	-3.8469E1
2.648E-8	-4.43E-8	-1.4929E2	-3.8149E1
7.4E-9	-2.91E-8	-1.4928E2	-3.7834E1
1.984E-9	-1.195E-8	-1.4927E2	-3.752E1
5.502E-9	5.477E-10	-1.4927E2	-3.7206E1
1.207E-8	7.424E-9	-1.4927E2	-3.6893E1
1.883E-8	1.154E-8	-1.4927E2	-3.6581E1
2.73E-8	1.548E-8	-1.4928E2	-3.6267E1
4.105E-8	1.806E-8	-1.4929E2	-3.5948E1
6.159E-8	1.38E-8	-1.4929E2	-3.5625E1
8.498E-8	-4.198E-9	-1.4929E2	-3.5303E1
1.016E-7	-3.942E-8	-1.4929E2	-3.4985E1
9.95E-8	-8.796E-8	-1.4929E2	-3.4669E1
7.037E-8	-1.379E-7	-1.4929E2	-3.4352E1
1.433E-8	-1.728E-7	-1.4929E2	-3.4033E1
-5.821E-8	-1.781E-7	-1.4929E2	-3.3716E1
-1.293E-7	-1.471E-7	-1.4929E2	-3.3402E1
-1.796E-7	-8.454E-8	-1.493E2	-3.3088E1
-1.954E-7	-5.288E-9	-1.4931E2	-3.2769E1
-1.734E-7	7.085E-8	-1.4932E2	-3.2443E1
-1.212E-7	1.259E-7	-1.4932E2	-3.2111E1
-5.418E-8	1.495E-7	-1.4932E2	-3.1781E1
1.037E-8	1.41E-7	-1.4931E2	-3.1454E1
5.889E-8	1.082E-7	-1.493E2	-3.1132E1
8.464E-8	6.298E-8	-1.4929E2	-3.0813E1
8.783E-8	1.735E-8	-1.4927E2	-3.0498E1
7.339E-8	-2.016E-8	-1.4926E2	-3.019E1
4.801E-8	-4.517E-8	-1.4925E2	-2.9888E1
1.789E-8	-5.658E-8	-1.4925E2	-2.9589E1
-1.202E-8	-5.512E-8	-1.4925E2	-2.9289E1
-3.771E-8	-4.23E-8	-1.4926E2	-2.8986E1
-5.56E-8	-2.046E-8	-1.4928E2	-2.8678E1
-6.27E-8	6.834E-9	-1.4929E2	-2.8364E1
-5.749E-8	3.463E-8	-1.493E2	-2.8044E1
-4.094E-8	5.738E-8	-1.4931E2	-2.772E1
-1.685E-8	7.06E-8	-1.4931E2	-2.7396E1
9.193E-9	7.25E-8	-1.493E2	-2.7078E1
3.183E-8	6.464E-8	-1.493E2	-2.6767E1
4.799E-8	5.104E-8	-1.493E2	-2.6458E1
5.782E-8	3.602E-8	-1.4931E2	-2.6149E1
6.389E-8	2.195E-8	-1.4931E2	-2.5839E1
6.897E-8	8.185E-9	-1.4932E2	-2.5529E1
7.363E-8	-8.055E-9	-1.4933E2	-2.5219E1
7.516E-8	-2.922E-8	-1.4934E2	-2.4906E1
6.864E-8	-5.477E-8	-1.4936E2	-2.4587E1
4.979E-8	-7.985E-8	-1.4937E2	-2.4262E1
1.827E-8	-9.656E-8	-1.4938E2	-2.3933E1
-2.056E-8	-9.726E-8	-1.4938E2	-2.3605E1
-5.669E-8	-7.867E-8	-1.4938E2	-2.3277E1
-7.912E-8	-4.441E-8	-1.4938E2	-2.2949E1
-8.073E-8	-4.613E-9	-1.4937E2	-2.2622E1
-6.19E-8	2.776E-8	-1.4936E2	-2.2299E1
-3.099E-8	4.234E-8	-1.4934E2	-2.1981E1
-1.139E-9	3.597E-8	-1.4933E2	-2.1668E1
1.531E-8	1.431E-8	-1.4932E2	-2.1359E1
1.23E-8	-1.049E-8	-1.4931E2	-2.1054E1
-7.198E-9	-2.53E-8	-1.493E2	-2.0751E1
-3.259E-8	-2.189E-8	-1.493E2	-2.0448E1
-5.052E-8	-7.566E-10	-1.493E2	-2.0142E1
-5.112E-8	2.923E-8	-1.493E2	-1.9835E1
-3.247E-8	5.498E-8	-1.493E2	-1.9529E1
-1.403E-9	6.532E-8	-1.493E2	-1.9226E1
2.988E-8	5.603E-8	-1.4931E2	-1.8926E1
4.954E-8	3.154E-8	-1.4932E2	-1.8624E1
5.15E-8	2.486E-9	-1.4933E2	-1.8315E1
3.787E-8	-1.959E-8	-1.4935E2	-1.7999E1
1.732E-8	-2.765E-8	-1.4936E2	-1.7678E1
3.6E-10	-2.214E-8	-1.4937E2	-1.7355E1
-5.978E-9	-1.007E-8	-1.4937E2	-1.7033E1
-1.475E-9	-8.454E-10	-1.4937E2	-1.6715E1
7.646E-9	-1.037E-9	-1.4936E2	-1.6399E1
1.246E-8	-1.083E-8	-1.4936E2	-1.6085E1
6.466E-9	-2.393E-8	-1.4936E2	-1.5771E1
-1.056E-8	-3.095E-8	-1.4936E2	-1.5456E1
-3.201E-8	-2.452E-8	-1.4936E2	-1.514E1
-4.749E-8	-3.532E-9	-1.4935E2	-1.4828E1
-4.793E-8	2.576E-8	-1.4935E2	-1.4522E1
-3.02E-8	5.226E-8	-1.4935E2	-1.4221E1
1.009E-9	6.507E-8	-1.4935E2	-1.3917E1
3.508E-8	5.844E-8	-1.4937E2	-1.3607E1
6.013E-8	3.438E-8	-1.4937E2	-1.3291E1
6.815E-8	1.631E-9	-1.4938E2	-1.2972E1
5.822E-8	-2.844E-8	-1.4938E2	-1.2656E1
3.632E-8	-4.682E-8	-1.4938E2	-1.2341E1
1.199E-8	-5.05E-8	-1.4938E2	-1.203E1
-6.31E-9	-4.292E-8	-1.4938E2	-1.172E1
-1.494E-8	-3.136E-8	-1.4939E2	-1.1411E1
-1.597E-8	-2.278E-8	-1.494E2	-1.1099E1
-1.514E-8	-2.015E-8	-1.4941E2	-1.078E1
-1.801E-8	-2.137E-8	-1.4941E2	-1.0456E1
-2.653E-8	-2.097E-8	-1.4941E2	-1.0133E1
-3.778E-8	-1.372E-8	-1.494E2	-9.8144E0
-4.55E-8	1.938E-9	-1.494E2	-9.499E0
-4.364E-8	2.25E-8	-1.494E2	-9.182E0
-2.985E-8	4.073E-8	-1.494E2	-8.8605E0
-7.294E-9	4.915E-8	-1.4939E2	-8.5378E0
1.647E-8	4.38E-8	-1.4938E2	-8.2201E0
3.281E-8	2.646E-8	-1.4936E2	-7.9101E0
3.601E-8	4.037E-9	-1.4936E2	-7.6049E0
2.595E-8	-1.447E-8	-1.4935E2	-7.2995E0
8.131E-9	-2.204E-8	-1.4935E2	-6.9933E0
-8.87E-9	-1.671E-8	-1.4934E2	-6.6876E0
-1.735E-8	-2.295E-9	-1.4934E2	-6.3822E0
-1.385E-8	1.357E-8	-1.4935E2	-6.0746E0
-4.816E-10	2.3E-8	-1.4935E2	-5.7635E0
1.634E-8	2.135E-8	-1.4935E2	-5.4511E0
2.895E-8	9.033E-9	-1.4934E2	-5.1401E0
3.178E-8	-9.064E-9	-1.4934E2	-4.8305E0
2.352E-8	-2.598E-8	-1.4934E2	-4.5207E0
7.115E-9	-3.569E-8	-1.4934E2	-4.2104E0
-1.189E-8	-3.533E-8	-1.4933E2	-3.9031E0
-2.786E-8	-2.564E-8	-1.4933E2	-3.6019E0
-3.704E-8	-9.982E-9	-1.4933E2	-3.3055E0
-3.826E-8	7.535E-9	-1.4934E2	-3.0073E0
-3.23E-8	2.353E-8	-1.4936E2	-2.7007E0
-2.079E-8	3.587E-8	-1.4937E2	-2.384E0
-5.309E-9	4.331E-8	-1.4938E2	-2.0613E0
1.27E-8	4.475E-8	-1.4939E2	-1.7378E0
3.131E-8	3.896E-8	-1.4939E2	-1.4146E0
4.753E-8	2.514E-8	-1.4939E2	-1.089E0
5.738E-8	4.041E-9	-1.4939E2	-7.606E-1
5.705E-8	-2.115E-8	-1.4938E2	-4.3446E-1
4.464E-8	-4.493E-8	-1.4936E2	-1.1593E-1
2.166E-8	-6.09E-8	-1.4934E2	1.958E-1
-6.692E-9	-6.413E-8	-1.4933E2	5.0611E-1
-3.296E-8	-5.333E-8	-1.4932E2	8.166E-1
-5.001E-8	-3.173E-8	-1.493E2	1.1232E0
-5.382E-8	-6.101E-9	-1.4929E2	1.4223E0
-4.502E-8	1.582E-8	-1.4928E2	1.7171E0
-2.848E-8	2.835E-8	-1.4928E2	2.0146E0
-1.111E-8	3.001E-8	-1.4928E2	2.3173E0
1.206E-9	2.364E-8	-1.4929E2	2.6214E0
5.99E-9	1.461E-8	-1.4929E2	2.9244E0
4.756E-9	8.047E-9	-1.4929E2	3.2289E0
1.608E-9	6.294E-9	-1.493E2	3.5394E0
6.327E-10	8.167E-9	-1.4931E2	3.856E0
3.505E-9	1.009E-8	-1.493E2	4.1727E0
8.6E-9	8.585E-9	-1.493E2	4.4835E0
1.208E-8	2.615E-9	-1.4929E2	4.7895E0
1.038E-8	-5.458E-9	-1.4929E2	5.0966E0
2.677E-9	-1.099E-8	-1.493E2	5.4069E0
-8.042E-9	-9.68E-9	-1.4929E2	5.7179E0
-1.61E-8	-3.17E-10	-1.4929E2	6.0271E0
-1.595E-8	1.389E-8	-1.4929E2	6.3348E0
-5.335E-9	2.628E-8	-1.4929E2	6.6432E0
1.291E-8	2.975E-8	-1.4929E2	6.9537E0
3.152E-8	2.036E-8	-1.4929E2	7.2651E0
4.179E-8	-2.094E-10	-1.4929E2	7.5756E0
3.764E-8	-2.477E-8	-1.4929E2	7.8848E0
1.877E-8	-4.338E-8	-1.493E2	8.1957E0
-8.646E-9	-4.772E-8	-1.493E2	8.5102E0
-3.425E-8	-3.492E-8	-1.493E2	8.8257E0
-4.784E-8	-9.158E-9	-1.4929E2	9.1383E0
-4.382E-8	1.985E-8	-1.4929E2	9.4488E0
-2.368E-8	4.092E-8	-1.4929E2	9.7616E0
4.556E-9	4.609E-8	-1.4929E2	1.0078E1
2.982E-8	3.396E-8	-1.4928E2	1.0394E1
4.266E-8	1.011E-8	-1.4927E2	1.0702E1
3.912E-8	-1.558E-8	-1.4926E2	1.1003E1
2.208E-8	-3.321E-8	-1.4926E2	1.1304E1
-5.041E-10	-3.707E-8	-1.4926E2	1.1609E1
-1.933E-8	-2.759E-8	-1.4927E2	1.1919E1
-2.787E-8	-1.054E-8	-1.4927E2	1.2229E1
-2.478E-8	6.088E-9	-1.4927E2	1.2539E1
-1.384E-8	1.587E-8	-1.4927E2	1.285E1
-1.462E-9	1.655E-8	-1.4927E2	1.3162E1
6.662E-9	1.043E-8	-1.4927E2	1.3475E1
8.143E-9	2.523E-9	-1.4927E2	1.3787E1
4.548E-9	-2.459E-9	-1.4927E2	1.4095E1
-8.112E-11	-2.518E-9	-1.4927E2	1.4402E1
-1.855E-9	8.7E-10	-1.4927E2	1.4712E1
6.448E-10	4.014E-9	-1.4928E2	1.5027E1
5.606E-9	3.446E-9	-1.4928E2	1.5345E1
9.136E-9	-1.827E-9	-1.4928E2	1.5664E1
7.65E-9	-9.525E-9	-1.4928E2	1.5984E1
1.771E-10	-1.519E-8	-1.4928E2	1.6304E1
-1.071E-8	-1.461E-8	-1.4927E2	1.6622E1
-1.99E-8	-6.309E-9	-1.4926E2	1.6935E1
-2.221E-8	7.298E-9	-1.4925E2	1.7245E1
-1.509E-8	2.064E-8	-1.4925E2	1.7556E1
-2.457E-10	2.748E-8	-1.4924E2	1.7871E1
1.682E-8	2.383E-8	-1.4923E2	1.8185E1
2.906E-8	1.003E-8	-1.4922E2	1.8495E1
3.093E-8	-9.165E-9	-1.4921E2	1.8796E1
2.095E-8	-2.648E-8	-1.492E2	1.9094E1
2.377E-9	-3.514E-8	-1.4921E2	1.9396E1
-1.812E-8	-3.17E-8	-1.4921E2	1.9702E1
-3.323E-8	-1.736E-8	-1.4922E2	2.001E1
-3.789E-8	2.682E-9	-1.4922E2	2.032E1
-3.112E-8	2.152E-8	-1.4922E2	2.063E1
-1.605E-8	3.33E-8	-1.4923E2	2.0941E1
1.77E-9	3.529E-8	-1.4923E2	2.1254E1
1.673E-8	2.845E-8	-1.4924E2	2.1567E1
2.522E-8	1.64E-8	-1.4924E2	2.1883E1
2.652E-8	3.586E-9	-1.4925E2	2.2203E1
2.234E-8	-6.542E-9	-1.4925E2	2.2526E1
1.548E-8	-1.25E-8	-1.4925E2	2.285E1
8.392E-9	-1.46E-8	-1.4924E2	2.3171E1
2.407E-9	-1.407E-8	-1.4922E2	2.3483E1
-2.231E-9	-1.205E-8	-1.4922E2	2.3789E1
-5.716E-9	-9.049E-9	-1.4922E2	2.4097E1
-7.995E-9	-5.096E-9	-1.4923E2	2.4411E1
-8.534E-9	-3.418E-10	-1.4923E2	2.473E1
-6.674E-9	4.44E-9	-1.4923E2	2.505E1
-2.308E-9	7.831E-9	-1.4922E2	2.5368E1
3.614E-9	8.341E-9	-1.4922E2	2.5687E1
9.169E-9	5.261E-9	-1.4922E2	2.6007E1
1.219E-8	-7.314E-10	-1.4921E2	2.6326E1
1.129E-8	-7.633E-9	-1.492E2	2.6643E1
6.629E-9	-1.291E-8	-1.4919E2	2.6955E1
-2.532E-11	-1.465E-8	-1.4918E2	2.7265E1
-6.107E-9	-1.251E-8	-1.4917E2	2.757E1
-9.462E-9	-7.87E-9	-1.4917E2	2.7873E1
-9.409E-9	-3.131E-9	-1.4917E2	2.8176E1
-7.042E-9	-4.509E-10	-1.4918E2	2.8486E1
-4.583E-9	-6.076E-10	-1.4919E2	2.8804E1
-4.128E-9	-2.589E-9	-1.492E2	2.9129E1
-6.416E-9	-4.171E-9	-1.4919E2	2.9456E1
-1.034E-8	-3.209E-9	-1.4919E2	2.9778E1
-1.345E-8	1.052E-9	-1.4918E2	3.0096E1
-1.335E-8	7.367E-9	-1.4917E2	3.0414E1
-9.074E-9	1.297E-8	-1.4917E2	3.0735E1
-1.886E-9	1.498E-8	-1.4916E2	3.1058E1
5.114E-9	1.201E-8	-1.4914E2	3.1375E1
8.456E-9	5.167E-9	-1.4912E2	3.1684E1
6.118E-9	-2.203E-9	-1.4911E2	3.1985E1
-1.187E-9	-5.963E-9	-1.491E2	3.2284E1
-1.001E-8	-3.229E-9	-1.4911E2	3.2585E1
-1.551E-8	5.996E-9	-1.4911E2	3.289E1
-1.373E-8	1.845E-8	-1.4912E2	3.3199E1
-3.512E-9	2.875E-8	-1.4913E2	3.3512E1
1.256E-8	3.171E-8	-1.4913E2	3.3829E1
2.902E-8	2.465E-8	-1.4914E2	3.4148E1
3.966E-8	8.815E-9	-1.4914E2	3.4465E1
4.012E-8	-1.095E-8	-1.4914E2	3.4782E1
2.983E-8	-2.802E-8	-1.4915E2	3.5101E1
1.228E-8	-3.671E-8	-1.4915E2	3.5424E1
-6.35E-9	-3.454E-8	-1.4914E2	3.5746E1
-1.972E-8	-2.316E-8	-1.4913E2	3.6061E1
-2.384E-8	-7.601E-9	-1.4912E2	3.637E1
-1.853E-8	5.942E-9	-1.4912E2	3.6676E1
-7.282E-9	1.262E-8	-1.4913E2	3.6983E1
4.453E-9	1.077E-8	-1.4914E2	3.7295E1
1.16E-8	2.327E-9	-1.4915E2	3.7611E1
1.147E-8	-8.315E-9	-1.4916E2	3.7929E1
4.615E-9	-1.63E-8	-1.4917E2	3.8248E1
-5.723E-9	-1.834E-8	-1.4918E2	3.8569E1
-1.524E-8	-1.385E-8	-1.4919E2	3.8891E1
-2.041E-8	-4.859E-9	-1.492E2	3.9215E1
-1.976E-8	5.144E-9	-1.4921E2	3.9542E1
-1.412E-8	1.276E-8	-1.4922E2	3.9874E1
-5.986E-9	1.596E-8	-1.4922E2	4.0212E1
1.795E-9	1.457E-8	-1.4922E2	4.055E1
7.076E-9	9.956E-9	-1.4922E2	4.0885E1
9.004E-9	4.11E-9	-1.4921E2	4.1216E1
7.916E-9	-1.174E-9	-1.492E2	4.1545E1
4.805E-9	-4.816E-9	-1.4919E2	4.1875E1
7.366E-10	-6.455E-9	-1.4918E2	4.2204E1
-3.466E-9	-6.143E-9	-1.4916E2	4.2528E1
-7.197E-9	-4.029E-9	-1.4915E2	4.2844E1
-9.851E-9	-2.795E-10	-1.4914E2	4.3155E1
-1.07E-8	4.741E-9	-1.4914E2	4.3467E1
-9.027E-9	1.021E-8	-1.4914E2	4.3784E1
-4.546E-9	1.48E-8	-1.4914E2	4.4104E1
2.206E-9	1.693E-8	-1.4914E2	4.4422E1
9.727E-9	1.544E-8	-1.4914E2	4.4741E1
1.589E-8	1.018E-8	-1.4915E2	4.5061E1
1.869E-8	2.325E-9	-1.4916E2	4.5386E1
1.71E-8	-5.877E-9	-1.4916E2	4.5714E1
1.163E-8	-1.19E-8	-1.4916E2	4.6039E1
4.192E-9	-1.393E-8	-1.4916E2	4.6362E1
-2.551E-9	-1.166E-8	-1.4916E2	4.6684E1
-6.299E-9	-6.448E-9	-1.4917E2	4.701E1
-6.052E-9	-7.18E-10	-1.4917E2	4.734E1
-2.505E-9	3.04E-9	-1.4918E2	4.7673E1
2.308E-9	3.345E-9	-1.4918E2	4.8008E1
5.944E-9	3.09E-10	-1.4917E2	4.8344E1
6.632E-9	-4.491E-9	-1.4917E2	4.8678E1
4.011E-9	-8.795E-9	-1.4916E2	4.9008E1
-8.13E-10	-1.07E-8	-1.4915E2	4.9334E1
-5.864E-9	-9.463E-9	-1.4914E2	4.9655E1
-9.253E-9	-5.745E-9	-1.4913E2	4.9976E1
