   6.1000000e+00   6.6613400e-16
   5.8609500e+00   1.5814500e+00
   5.2052500e+00   3.0027400e+00
   4.2347500e+00   4.1605400e+00
   3.0590400e+00   5.0194900e+00
   1.7532300e+00   5.5855800e+00
   3.5385800e-01   5.8601700e+00
  -1.1073600e+00   5.8123900e+00
  -2.5616900e+00   5.3920900e+00
  -3.8892400e+00   4.5742400e+00
  -4.9473100e+00   3.4005500e+00
  -5.6237900e+00   1.9854000e+00
  -5.8784600e+00   4.7918400e-01
  -5.7438000e+00  -9.8623800e-01
  -5.2867300e+00  -2.3325600e+00
  -4.5609800e+00  -3.5282200e+00
  -3.5860500e+00  -4.5492400e+00
  -2.3671900e+00  -5.3414900e+00
  -9.3888200e-01  -5.8163800e+00
   6.0404800e-01  -5.8860200e+00
   2.1150800e+00  -5.5131800e+00
   3.4416100e+00  -4.7391900e+00
   4.4772200e+00  -3.6686600e+00
   5.1850500e+00  -2.4217900e+00
   5.5782900e+00  -1.0881300e+00
   5.6757200e+00   2.8594800e-01
   5.4680700e+00   1.6703400e+00
   4.9218500e+00   3.0093500e+00
   4.0178100e+00   4.2005600e+00
   2.7938500e+00   5.1146000e+00
   1.3582100e+00   5.6441800e+00
  -1.3978800e-01   5.7485300e+00
  -1.5625500e+00   5.4617800e+00
  -2.8244300e+00   4.8606000e+00
  -3.8930900e+00   4.0158800e+00
  -4.7551600e+00   2.9645300e+00
  -5.3759300e+00   1.7208100e+00
  -5.6868500e+00   3.1615100e-01
  -5.6125600e+00  -1.1661900e+00
  -5.1185500e+00  -2.5914300e+00
  -4.2437300e+00  -3.8123000e+00
  -3.0930400e+00  -4.7211900e+00
  -1.7942300e+00  -5.2796900e+00
  -4.4923000e-01  -5.5065100e+00
   8.8611600e-01  -5.4357700e+00
   2.1824800e+00  -5.0787600e+00
   3.3964300e+00  -4.4190200e+00
   4.4436400e+00  -3.4440300e+00
   5.2098200e+00  -2.1880500e+00
   5.5944900e+00  -7.5168700e-01
   5.5569900e+00   7.1964800e-01
   5.1318400e+00   2.0853900e+00
   4.4028800e+00   3.2539000e+00
   3.4557100e+00   4.1915800e+00
   2.3435100e+00   4.8941300e+00
   1.0899700e+00   5.3451900e+00
  -2.7585400e-01   5.4964800e+00
  -1.6824200e+00   5.2864600e+00
  -3.0084000e+00   4.6843400e+00
  -4.1144000e+00   3.7261900e+00
  -4.8935600e+00   2.5150800e+00
  -5.3060800e+00   1.1832900e+00
  -5.3746500e+00  -1.5712600e-01
  -5.1464800e+00  -1.4415000e+00
  -4.6519900e+00  -2.6404800e+00
  -3.8917400e+00  -3.7219800e+00
  -2.8607900e+00  -4.6198100e+00
  -1.5901200e+00  -5.2362100e+00
  -1.7156200e-01  -5.4793400e+00
   1.2559200e+00  -5.3094500e+00
   2.5515400e+00  -4.7604300e+00
   3.6192000e+00  -3.9207500e+00
   4.4237100e+00  -2.8881400e+00
   4.9683300e+00  -1.7306700e+00
   5.2536100e+00  -4.8148800e-01
   5.2513700e+00   8.3187400e-01
   4.9148200e+00   2.1494800e+00
   4.2179300e+00   3.3647300e+00
   3.1937600e+00   4.3483900e+00
   1.9415400e+00   4.9962700e+00
   5.9525700e-01   5.2675800e+00
  -7.2540300e-01   5.1875500e+00
  -1.9478000e+00   4.8141800e+00
  -3.0418800e+00   4.1952500e+00
  -3.9857700e+00   3.3479900e+00
  -4.7311200e+00   2.2756900e+00
  -5.1977100e+00   1.0065900e+00
  -5.3039400e+00  -3.7705600e-01
  -5.0119200e+00  -1.7449300e+00
  -4.3540700e+00  -2.9587000e+00
  -3.4212200e+00  -3.9194400e+00
  -2.3204800e+00  -4.5902900e+00
  -1.1330900e+00  -4.9805200e+00
   9.8433200e-02  -5.1059600e+00
   1.3473400e+00  -4.9578800e+00
   2.5648600e+00  -4.5048900e+00
   3.6599800e+00  -3.7267300e+00
   4.5155700e+00  -2.6534000e+00
   5.0320500e+00  -1.3787600e+00
   5.1681600e+00  -3.5723300e-02
   4.9504200e+00   1.2508800e+00
   4.4452900e+00   2.4015300e+00
   3.7159200e+00   3.3849700e+00
   2.7954800e+00   4.1882700e+00
   1.6959600e+00   4.7802300e+00
   4.4347800e-01   5.0987700e+00
  -8.8971400e-01   5.0739500e+00
  -2.1838200e+00   4.6706800e+00
  -3.3054400e+00   3.9193800e+00
  -4.1546300e+00   2.9110700e+00
  -4.6928800e+00   1.7595300e+00
  -4.9340300e+00   5.5725600e-01
  -4.9073500e+00  -6.4428500e-01
  -4.6225700e+00  -1.8183700e+00
  -4.0640200e+00  -2.9267500e+00
  -3.2180200e+00  -3.8944200e+00
  -2.1118100e+00  -4.6180000e+00
  -8.3255500e-01  -5.0042800e+00
   4.9041700e-01  -5.0122900e+00
   1.7296600e+00  -4.6687200e+00
   2.8000800e+00  -4.0462800e+00
   3.6688300e+00  -3.2212000e+00
   4.3306000e+00  -2.2415600e+00
   4.7703700e+00  -1.1283700e+00
   4.9443600e+00   9.3736900e-02
   4.7954000e+00   1.3626200e+00
   4.2922200e+00   2.5705000e+00
   3.4629200e+00   3.5912100e+00
   2.3967900e+00   4.3255500e+00
   1.2116000e+00   4.7336800e+00
   8.9804000e-03   4.8326400e+00
  -1.1512700e+00   4.6631600e+00
  -2.2418200e+00   4.2521200e+00
  -3.2340500e+00   3.5994800e+00
  -4.0690500e+00   2.6989600e+00
  -4.6584100e+00   1.5753700e+00
  -4.9170000e+00   3.0821100e-01
  -4.8048800e+00  -9.7898600e-01
  -4.3481600e+00  -2.1586700e+00
  -3.6235200e+00  -3.1416600e+00
  -2.7179900e+00  -3.8932800e+00
  -1.6931800e+00  -4.4145100e+00
  -5.7918100e-01  -4.7052500e+00
   6.0015800e-01  -4.7397700e+00
   1.7926500e+00  -4.4745800e+00
   2.9036400e+00  -3.8831500e+00
   3.8162200e+00  -2.9911600e+00
   4.4337800e+00  -1.8845200e+00
   4.7155400e+00  -6.8241500e-01
   4.6805500e+00   5.0662800e-01
   4.3789500e+00   1.6153500e+00
   3.8531700e+00   2.6152500e+00
   3.1184300e+00   3.4863400e+00
   2.1764200e+00   4.1854800e+00
   1.0500300e+00   4.6401300e+00
  -1.8953600e-01   4.7747100e+00
  -1.4265200e+00   4.5512300e+00
  -2.5356800e+00   3.9945500e+00
  -3.4252800e+00   3.1833000e+00
  -4.0588300e+00   2.2128500e+00
  -4.4423000e+00   1.1568000e+00
  -4.5889600e+00   5.4090000e-02
  -4.4906200e+00  -1.0715000e+00
  -4.1179400e+00  -2.1773400e+00
  -3.4500800e+00  -3.1826100e+00
  -2.5103900e+00  -3.9814500e+00
  -1.3800100e+00  -4.4815800e+00
  -1.7711500e-01  -4.6418600e+00
   9.8518600e-01  -4.4823000e+00
   2.0332300e+00  -4.0604100e+00
   2.9369200e+00  -3.4323100e+00
   3.6838100e+00  -2.6278100e+00
   4.2459000e+00  -1.6569700e+00
   4.5670200e+00  -5.4133600e-01
   4.5824000e+00   6.5652600e-01
   4.2569100e+00   1.8302800e+00
   3.6137700e+00   2.8592300e+00
   2.7317000e+00   3.6507400e+00
   1.7119500e+00   4.1666800e+00
   6.3831900e-01   4.4167400e+00
  -4.4180700e-01   4.4259500e+00
  -1.5040900e+00   4.2026700e+00
  -2.5148500e+00   3.7320200e+00
  -3.4074800e+00   2.9996100e+00
  -4.0885700e+00   2.0266900e+00
  -4.4718400e+00   8.8860000e-01
  -4.5165100e+00  -2.9978400e-01
  -4.2427000e+00  -1.4230500e+00
  -3.7132400e+00  -2.4023600e+00
  -2.9959600e+00  -3.2058000e+00
  -2.1342600e+00  -3.8272800e+00
  -1.1467900e+00  -4.2530300e+00
  -5.4354800e-02  -4.4433700e+00
   1.0891800e+00  -4.3453600e+00
   2.1882000e+00  -3.9276900e+00
   3.1286200e+00  -3.2117100e+00
   3.8185900e+00  -2.2745800e+00
   4.2186600e+00  -1.2210100e+00
   4.3410900e+00  -1.4306300e-01
   4.2209100e+00   9.0405500e-01
   3.8818300e+00   1.8949100e+00
   3.3233300e+00   2.8039900e+00
   2.5381600e+00   3.5789200e+00
   1.5458700e+00   4.1398500e+00
   4.1514100e-01   4.4080300e+00
  -7.4439100e-01   4.3438200e+00
  -1.8173000e+00   3.9667700e+00
  -2.7209700e+00   3.3431500e+00
  -3.4215300e+00   2.5503300e+00
  -3.9181000e+00   1.6440700e+00
  -4.2100000e+00   6.5161000e-01
  -4.2738000e+00  -4.0636700e-01
  -4.0691600e+00  -1.4845200e+00
  -3.5694800e+00  -2.4989000e+00
  -2.7941900e+00  -3.3438700e+00
  -1.8174900e+00  -3.9300700e+00
  -7.4524500e-01  -4.2171600e+00
   3.2426300e-01  -4.2189700e+00
   1.3288600e+00  -3.9787100e+00
   2.2415800e+00  -3.5340000e+00
   3.0441800e+00  -2.8982800e+00
   3.6981900e+00  -2.0719700e+00
   4.1381200e+00  -1.0733800e+00
   4.2940700e+00   3.5983700e-02
   4.1284400e+00   1.1534500e+00
   3.6596900e+00   2.1657600e+00
   2.9557300e+00   2.9879900e+00
   2.1013200e+00   3.5844000e+00
   1.1630900e+00   3.9581600e+00
   1.7665700e-01   4.1203400e+00
  -8.3681600e-01   4.0632300e+00
  -1.8401400e+00   3.7595400e+00
  -2.7616300e+00   3.1882000e+00
  -3.5057000e+00   2.3669000e+00
  -3.9870400e+00   1.3656600e+00
  -4.1650800e+00   2.8937000e-01
  -4.0543300e+00  -7.5959700e-01
  -3.7043700e+00  -1.7131100e+00
  -3.1650500e+00  -2.5423600e+00
  -2.4631200e+00  -3.2354000e+00
  -1.6070000e+00  -3.7670900e+00
  -6.1430700e-01  -4.0866900e+00
   4.6089500e-01  -4.1343300e+00
   1.5243400e+00  -3.8752900e+00
   2.4669700e+00  -3.3266900e+00
   3.2030900e+00  -2.5564400e+00
   3.6953000e+00  -1.6544900e+00
   3.9498000e+00  -6.9670200e-01
   3.9879000e+00   2.7336500e-01
   3.8167500e+00   1.2335400e+00
   3.4223100e+00   2.1542000e+00
   2.7897700e+00   2.9762600e+00
   1.9353500e+00   3.6154100e+00
   9.2397000e-01   3.9919700e+00
  -1.4245200e-01   4.0657900e+00
  -1.1595300e+00   3.8513900e+00
  -2.0543700e+00   3.4029500e+00
  -2.7961500e+00   2.7807100e+00
  -3.3781800e+00   2.0238300e+00
  -3.7878500e+00   1.1488800e+00
  -3.9892600e+00   1.7332100e-01
  -3.9334600e+00  -8.5623100e-01
  -3.5895100e+00  -1.8550500e+00
  -2.9730400e+00  -2.7201300e+00
  -2.1505700e+00  -3.3665900e+00
  -1.2150400e+00  -3.7557300e+00
  -2.4978700e-01  -3.8957700e+00
   6.9432400e-01  -3.8167500e+00
   1.5936500e+00  -3.5395500e+00
   2.4254600e+00  -3.0632800e+00
   3.1432200e+00  -2.3799900e+00
   3.6749100e+00  -1.5048100e+00
   3.9478300e+00  -4.9687500e-01
   3.9230500e+00   5.4660700e-01
   3.6145800e+00   1.5213100e+00
   3.0795000e+00   2.3508800e+00
   2.3865500e+00   3.0024300e+00
   1.5861000e+00   3.4735800e+00
   7.0283200e-01   3.7631500e+00
  -2.4536000e-01   3.8498700e+00
  -1.2191500e+00   3.6963900e+00
  -2.1441700e+00   3.2763500e+00
  -2.9251100e+00   2.6039800e+00
  -3.4794500e+00   1.7431200e+00
  -3.7676600e+00   7.8772200e-01
  -3.7992100e+00  -1.7333700e-01
  -3.6111800e+00  -1.0826800e+00
  -3.2368900e+00  -1.9148500e+00
  -2.6882000e+00  -2.6532000e+00
  -1.9645100e+00  -3.2634700e+00
  -1.0802600e+00  -3.6865700e+00
  -8.8423700e-02  -3.8580300e+00
   9.2004200e-01  -3.7409700e+00
   1.8428400e+00  -3.3484800e+00
   2.6015200e+00  -2.7390300e+00
   3.1613100e+00  -1.9878700e+00
   3.5231000e+00  -1.1552200e+00
   3.6960000e+00  -2.7366800e-01
   3.6728100e+00   6.3799000e-01
   3.4281900e+00   1.5473300e+00
   2.9411500e+00   2.3908700e+00
   2.2246400e+00   3.0823900e+00
   1.3388700e+00   3.5432000e+00
   3.7683900e-01   3.7336100e+00
  -5.6891100e-01   3.6635400e+00
  -1.4354900e+00   3.3755900e+00
  -2.1954100e+00   2.9139800e+00
  -2.8372400e+00   2.3026800e+00
  -3.3384400e+00   1.5487200e+00
  -3.6532200e+00   6.6636900e-01
  -3.7263800e+00  -2.9777600e-01
  -3.5238900e+00  -1.2602600e+00
  -3.0577700e+00  -2.1226500e+00
  -2.3864400e+00  -2.8058600e+00
  -1.5897000e+00  -3.2734400e+00
  -7.3611600e-01  -3.5287100e+00
   1.3428600e-01  -3.5897200e+00
   1.0013200e+00  -3.4625600e+00
   1.8389700e+00  -3.1340400e+00
   2.5948500e+00  -2.5891900e+00
   3.1929900e+00  -1.8400000e+00
   3.5599200e+00  -9.4224800e-01
   3.6564600e+00   1.3771100e-02
   3.4924600e+00   9.3375900e-01
   3.1144700e+00   1.7504300e+00
   2.5759300e+00   2.4341700e+00
   1.9121200e+00   2.9778800e+00
   1.1377500e+00   3.3700000e+00
   2.6744100e-01   3.5780700e+00
  -6.5857000e-01   3.5569600e+00
  -1.5653200e+00   3.2763700e+00
  -2.3599000e+00   2.7471600e+00
  -2.9640200e+00   2.0264700e+00
  -3.3400000e+00   1.1967200e+00
  -3.4927500e+00   3.3322300e-01
  -3.4478600e+00  -5.1720500e-01
  -3.2237100e+00  -1.3326200e+00
  -2.8191200e+00  -2.0927600e+00
  -2.2257200e+00  -2.7563400e+00
  -1.4548500e+00  -3.2584600e+00
  -5.5734900e-01  -3.5321600e+00
   3.8075800e-01  -3.5395100e+00
   1.2652900e+00  -3.2898700e+00
   2.0257800e+00  -2.8322900e+00
   2.6305200e+00  -2.2277300e+00
   3.0759000e+00  -1.5216200e+00
   3.3603700e+00  -7.3635900e-01
   3.4646100e+00   1.1262100e-01
   3.3541300e+00   9.9126700e-01
   3.0031000e+00   1.8338000e+00
   2.4213400e+00   2.5543000e+00
   1.6636600e+00   3.0767300e+00
   8.1328400e-01   3.3626600e+00
  -4.9485500e-02   3.4178900e+00
  -8.7178700e-01   3.2741600e+00
  -1.6296700e+00   2.9609100e+00
  -2.3079200e+00   2.4885900e+00
  -2.8760400e+00   1.8558100e+00
  -3.2808100e+00   1.0737500e+00
  -3.4628700e+00   1.8790700e-01
  -3.3863400e+00  -7.2126700e-01
  -3.0598400e+00  -1.5614800e+00
  -2.5335400e+00  -2.2604000e+00
  -1.8741300e+00  -2.7844000e+00
  -1.1360200e+00  -3.1325200e+00
  -3.4896000e-01  -3.3121500e+00
   4.7033200e-01  -3.3166000e+00
   1.2936400e+00  -3.1223800e+00
   2.0648000e+00  -2.7088300e+00
   2.7061500e+00  -2.0849400e+00
   3.1452400e+00  -1.3023300e+00
   3.3435400e+00  -4.4331200e-01
   3.3071300e+00   4.0854100e-01
   3.0725000e+00   1.1952700e+00
   2.6787700e+00   1.8907600e+00
   2.1474700e+00   2.4841000e+00
   1.4843800e+00   2.9550900e+00
   7.0096700e-01   3.2624500e+00
  -1.6273000e-01   3.3553700e+00
  -1.0329300e+00   3.2008100e+00
  -1.8209000e+00   2.8065200e+00
  -2.4537600e+00   2.2225800e+00
  -2.8962700e+00   1.5196900e+00
  -3.1493500e+00   7.5977000e-01
  -3.2281900e+00  -2.0469500e-02
  -3.1379600e+00  -8.0264800e-01
  -2.8663000e+00  -1.5639100e+00
  -2.3983300e+00  -2.2579100e+00
  -1.7424700e+00  -2.8162400e+00
  -9.4651600e-01  -3.1713000e+00
  -9.0333000e-02  -3.2851300e+00
   7.4098800e-01  -3.1636800e+00
   1.4854400e+00  -2.8468200e+00
   2.1147200e+00  -2.3818800e+00
   2.6214400e+00  -1.8006000e+00
   2.9950100e+00  -1.1160700e+00
   3.2061300e+00  -3.4045100e-01
   3.2132500e+00   4.9161300e-01
   2.9869400e+00   1.3138800e+00
   2.5341200e+00   2.0426500e+00
   1.9036900e+00   2.6058400e+00
   1.1686300e+00   2.9670400e+00
   3.9692100e-01   3.1283700e+00
  -3.6839500e-01   3.1115600e+00
  -1.1069800e+00   2.9327400e+00
  -1.8007800e+00   2.5905300e+00
  -2.4131900e+00   2.0763000e+00
  -2.8858200e+00   1.3982800e+00
  -3.1570800e+00   5.9997800e-01
  -3.1903000e+00  -2.4255300e-01
  -2.9909900e+00  -1.0443900e+00
  -2.6011200e+00  -1.7406300e+00
  -2.0746700e+00  -2.3008600e+00
  -1.4526200e+00  -2.7204900e+00
  -7.5522300e-01  -2.9976700e+00
   4.1868000e-03  -3.1148800e+00
   7.9619900e-01  -3.0403300e+00
   1.5627000e+00  -2.7489300e+00
   2.2263500e+00  -2.2468500e+00
   2.7171800e+00  -1.5809600e+00
   2.9981100e+00  -8.2489700e-01
   3.0718700e+00  -5.1117700e-02
   2.9655300e+00   6.9174800e-01
   2.7050500e+00   1.3812100e+00
   2.2996600e+00   2.0033700e+00
   1.7473400e+00   2.5311200e+00
   1.0565200e+00   2.9165600e+00
   2.6615200e-01   3.1051300e+00
  -5.5268000e-01   3.0621900e+00
  -1.3168300e+00   2.7926400e+00
  -1.9597000e+00   2.3393700e+00
  -2.4489900e+00   1.7614300e+00
  -2.7822000e+00   1.1078800e+00
  -2.9652800e+00   4.0587500e-01
  -2.9919800e+00  -3.2971000e-01
  -2.8406000e+00  -1.0743600e+00
  -2.4910100e+00  -1.7784500e+00
  -1.9488800e+00  -2.3721300e+00
  -1.2583100e+00  -2.7887800e+00
  -4.9208400e-01  -2.9912500e+00
   2.7444400e-01  -2.9824500e+00
   9.8794100e-01  -2.7935100e+00
   1.6236700e+00  -2.4590000e+00
   2.1712500e+00  -1.9981900e+00
   2.6125800e+00  -1.4158700e+00
   2.9105000e+00  -7.2107800e-01
   3.0183400e+00   5.1862300e-02
   2.9042000e+00   8.3781600e-01
   2.5723400e+00   1.5568900e+00
   2.0655000e+00   2.1420300e+00
   1.4462400e+00   2.5593900e+00
   7.7043000e-01   2.8079000e+00
   7.1678600e-02   2.9002700e+00
  -6.3327200e-01   2.8408600e+00
  -1.3243700e+00   2.6181400e+00
  -1.9606500e+00   2.2174500e+00
  -2.4805800e+00   1.6442800e+00
  -2.8220900e+00   9.3942000e-01
  -2.9486200e+00   1.7342600e-01
  -2.8629200e+00  -5.7702000e-01
  -2.5989700e+00  -1.2548700e+00
  -2.1986400e+00  -1.8331700e+00
  -1.6904900e+00  -2.3043900e+00
  -1.0861100e+00  -2.6588100e+00
  -3.9560100e-01  -2.8700200e+00
   3.5131200e-01  -2.8998500e+00
   1.0961600e+00  -2.7199000e+00
   1.7636500e+00  -2.3338300e+00
   2.2875200e+00  -1.7833300e+00
   2.6327700e+00  -1.1329500e+00
   2.7992500e+00  -4.4396700e-01
   2.8053100e+00   2.4410600e-01
   2.6651000e+00   9.1243300e-01
   2.3770500e+00   1.5449300e+00
   1.9324800e+00   2.1091800e+00
   1.3370000e+00   2.5527000e+00
   6.2772000e-01   2.8189600e+00
  -1.2821500e-01   2.8727100e+00
  -8.5432800e-01   2.7162900e+00
  -1.4909400e+00   2.3854600e+00
  -2.0089900e+00   1.9279700e+00
  -2.4031600e+00   1.3807200e+00
  -2.6713800e+00   7.6203700e-01
  -2.7977300e+00   8.3412000e-02
  -2.7530200e+00  -6.2980500e-01
  -2.5130100e+00  -1.3263400e+00
  -2.0808900e+00  -1.9366700e+00
  -1.4965700e+00  -2.3965100e+00
  -8.2511200e-01  -2.6702700e+00
  -1.3182200e-01  -2.7582100e+00
   5.3863100e-01  -2.6832600e+00
   1.1651700e+00  -2.4683000e+00
   1.7351200e+00  -2.1214600e+00
   2.2243700e+00  -1.6402500e+00
   2.5898800e+00  -1.0308100e+00
   2.7816000e+00  -3.2637300e-01
   2.7662700e+00   4.1035400e-01
   2.5457400e+00   1.1045400e+00
   2.1565200e+00   1.6950000e+00
   1.6508100e+00   2.1508200e+00
   1.0728300e+00   2.4683000e+00
   4.4731600e-01   2.6521200e+00
  -2.1248700e-01   2.6964800e+00
  -8.8531400e-01   2.5813800e+00
  -1.5273900e+00   2.2873200e+00
  -2.0759300e+00   1.8172700e+00
  -2.4698000e+00   1.2087500e+00
  -2.6733900e+00   5.2601500e-01
  -2.6870200e+00  -1.6306100e-01
  -2.5370900e+00  -8.0947900e-01
  -2.2541300e+00  -1.3898800e+00
  -1.8553800e+00  -1.8944200e+00
  -1.3447500e+00  -2.3068800e+00
  -7.2926700e-01  -2.5938400e+00
  -3.8244900e-02  -2.7125000e+00
   6.7089400e-01  -2.6322800e+00
   1.3263000e+00  -2.3545400e+00
   1.8664000e+00  -1.9156500e+00
   2.2588000e+00  -1.3708500e+00
   2.5008700e+00  -7.7047600e-01
   2.6031500e+00  -1.4530100e-01
   2.5692900e+00   4.8944300e-01
   2.3885400e+00   1.1161800e+00
   2.0466500e+00   1.6987300e+00
   1.5466500e+00   2.1818500e+00
   9.2322500e-01   2.5086000e+00
   2.3862100e-01   2.6439900e+00
  -4.3814200e-01   2.5881200e+00
  -1.0546700e+00   2.3698800e+00
  -1.5853800e+00   2.0261900e+00
  -2.0226900e+00   1.5827400e+00
  -2.3576900e+00   1.0498100e+00
  -2.5666100e+00   4.3571400e-01
  -2.6144200e+00  -2.3410100e-01
  -2.4739100e+00  -9.0811600e-01
  -2.1460600e+00  -1.5186600e+00
  -1.6662800e+00  -2.0049300e+00
  -1.0915400e+00  -2.3334700e+00
  -4.7703700e-01  -2.5022800e+00
   1.4100400e-01  -2.5267600e+00
   7.4516300e-01  -2.4192700e+00
   1.3211100e+00  -2.1781600e+00
   1.8401700e+00  -1.7947900e+00
   2.2552200e+00  -1.2725900e+00
   2.5144700e+00  -6.4313000e-01
   2.5842000e+00   3.4428500e-02
   2.4641700e+00   6.9128700e-01
   2.1847400e+00   1.2726500e+00
   1.7880400e+00   1.7508900e+00
   1.3072800e+00   2.1201300e+00
   7.5904500e-01   2.3781100e+00
   1.5321100e-01   2.5104400e+00
  -4.8842100e-01   2.4903000e+00
  -1.1206800e+00   2.2944700e+00
  -1.6811200e+00   1.9236600e+00
  -2.1108100e+00   1.4117500e+00
  -2.3757500e+00   8.1611700e-01
  -2.4741800e+00   1.9555500e-01
  -2.4254300e+00  -4.0896300e-01
  -2.2496200e+00  -9.7772800e-01
  -1.9539000e+00  -1.4991600e+00
  -1.5354700e+00  -1.9518700e+00
  -9.9853900e-01  -2.2971900e+00
  -3.7136600e-01  -2.4893000e+00
   2.9082600e-01  -2.4964400e+00
   9.2077100e-01  -2.3179700e+00
   1.4623200e+00  -1.9848400e+00
   1.8860500e+00  -1.5431100e+00
   2.1873100e+00  -1.0325800e+00
   2.3696900e+00  -4.7579900e-01
   2.4278100e+00   1.1546600e-01
   2.3432600e+00   7.2279300e-01
   2.0973200e+00   1.3076100e+00
   1.6907200e+00   1.8135700e+00
   1.1552600e+00   2.1846500e+00
   5.4757800e-01   2.3869000e+00
  -7.1266500e-02   2.4185000e+00
  -6.5632200e-01   2.3017600e+00
  -1.1855900e+00   2.0635900e+00
  -1.6497600e+00   1.7193800e+00
  -2.0343000e+00   1.2723200e+00
  -2.3092000e+00   7.2773700e-01
  -2.4352600e+00   1.1058200e-01
  -2.3833300e+00  -5.2860100e-01
  -2.1524100e+00  -1.1252700e+00
  -1.7732900e+00  -1.6229800e+00
  -1.2947100e+00  -1.9908700e+00
  -7.6194900e-01  -2.2250700e+00
  -2.0314200e-01  -2.3342100e+00
   3.6784600e-01  -2.3213500e+00
   9.3562400e-01  -2.1765000e+00
   1.4682900e+00  -1.8858800e+00
   1.9162700e+00  -1.4505500e+00
   2.2274500e+00  -8.9986100e-01
   2.3684900e+00  -2.8863200e-01
   2.3373700e+00   3.2107700e-01
   2.1584700e+00   8.8121400e-01
   1.8643700e+00   1.3676000e+00
   1.4780900e+00   1.7726600e+00
   1.0087900e+00   2.0882600e+00
   4.6323800e-01   2.2929700e+00
  -1.3684400e-01   2.3547600e+00
  -7.4612400e-01   2.2476700e+00
  -1.3038600e+00   1.9705000e+00
  -1.7543500e+00   1.5531900e+00
  -2.0657500e+00   1.0459500e+00
  -2.2345700e+00   4.9845100e-01
  -2.2736700e+00  -5.6161800e-02
  -2.1937900e+00  -6.0178300e-01
  -1.9932700e+00  -1.1256400e+00
  -1.6635700e+00  -1.6024300e+00
  -1.2063800e+00  -1.9898400e+00
  -6.4840600e-01  -2.2405200e+00
  -4.1712400e-02  -2.3223900e+00
   5.5188900e-01  -2.2331100e+00
   1.0821700e+00  -1.9983100e+00
   1.5229400e+00  -1.6551400e+00
   1.8679500e+00  -1.2334300e+00
   2.1147900e+00  -7.4816800e-01
   2.2504500e+00  -2.0785800e-01
   2.2503700e+00   3.6881000e-01
   2.0923900e+00   9.4209700e-01
   1.7752400e+00   1.4559900e+00
   1.3275300e+00   1.8565300e+00
   7.9978000e-01   2.1114100e+00
   2.4486900e-01   2.2172300e+00
  -2.9967700e-01   2.1902000e+00
  -8.1546300e-01   2.0479700e+00
  -1.2919100e+00   1.7968200e+00
  -1.7100600e+00   1.4337300e+00
  -2.0352200e+00   9.6133900e-01
  -2.2254900e+00   4.0356000e-01
  -2.2506900e+00  -1.9104200e-01
  -2.1081900e+00  -7.6207400e-01
  -1.8240900e+00  -1.2580900e+00
  -1.4389600e+00  -1.6512000e+00
  -9.8859000e-01  -1.9360200e+00
  -4.9350000e-01  -2.1152100e+00
   3.5837700e-02  -2.1837900e+00
   5.8350100e-01  -2.1248400e+00
   1.1155500e+00  -1.9204900e+00
   1.5814600e+00  -1.5696700e+00
   1.9300000e+00  -1.0992000e+00
   2.1289100e+00  -5.5891000e-01
   2.1746900e+00  -3.6835600e-03
   2.0860900e+00   5.2530700e-01
   1.8867300e+00   1.0074100e+00
   1.5903900e+00   1.4338100e+00
   1.1996400e+00   1.7915200e+00
   7.1837900e-01   2.0536000e+00
   1.6776100e-01   2.1842200e+00
  -4.0778800e-01   2.1557000e+00
  -9.5036500e-01   1.9651800e+00
  -1.4082900e+00   1.6385800e+00
  -1.7523100e+00   1.2188100e+00
  -1.9775500e+00   7.4659000e-01
  -2.0910300e+00   2.4759500e-01
  -2.0952600e+00  -2.6555700e-01
  -1.9810000e+00  -7.7939600e-01
  -1.7350200e+00  -1.2658300e+00
  -1.3567600e+00  -1.6804300e+00
  -8.7096600e-01  -1.9755600e+00
  -3.2582200e-01  -2.1195900e+00
   2.2293600e-01  -2.1088200e+00
   7.3130000e-01  -1.9637100e+00
   1.1764800e+00  -1.7129300e+00
   1.5510100e+00  -1.3771200e+00
   1.8474100e+00  -9.6441900e-01
   2.0464400e+00  -4.8029100e-01
   2.1188100e+00   5.6783400e-02
   2.0398900e+00   6.0698200e-01
   1.8067500e+00   1.1158400e+00
   1.4445600e+00   1.5324100e+00
   9.9750400e-01   1.8265100e+00
   5.1021000e-01   1.9934800e+00
   1.2989000e-02   2.0439500e+00
  -4.7929400e-01   1.9872700e+00
  -9.5526300e-01   1.8217400e+00
  -1.3925700e+00   1.5390500e+00
  -1.7533400e+00   1.1394600e+00
  -1.9943000e+00   6.4544100e-01
  -2.0850600e+00   1.0275200e-01
  -2.0216200e+00  -4.3314000e-01
  -1.8255000e+00  -9.1625700e-01
  -1.5293800e+00  -1.3218800e+00
  -1.1600500e+00  -1.6434900e+00
  -7.3104500e-01  -1.8785900e+00
  -2.4966200e-01  -2.0154200e+00
   2.6811300e-01  -2.0315200e+00
   7.8737600e-01  -1.9058600e+00
   1.2579300e+00  -1.6355800e+00
   1.6304800e+00  -1.2447200e+00
   1.8744000e+00  -7.7769500e-01
   1.9850200e+00  -2.8198700e-01
   1.9758400e+00   2.0807000e-01
   1.8623100e+00   6.7533800e-01
   1.6499500e+00   1.1101600e+00
   1.3355900e+00   1.4957300e+00
   9.2057200e-01   1.8009600e+00
   4.2505800e-01   1.9876200e+00
  -1.0831700e-01   2.0271300e+00
  -6.2539900e-01   1.9152800e+00
  -1.0791300e+00   1.6739500e+00
  -1.4431400e+00   1.3388400e+00
  -1.7115200e+00   9.4206200e-01
  -1.8861400e+00   5.0229700e-01
  -1.9623900e+00   2.8857500e-02
  -1.9247700e+00  -4.6452000e-01
  -1.7562600e+00  -9.4801200e-01
  -1.4544000e+00  -1.3763800e+00
  -1.0416700e+00  -1.7028200e+00
  -5.6185100e-01  -1.8968300e+00
  -6.4192800e-02  -1.9535700e+00
   4.1363500e-01  -1.8886800e+00
   8.5228300e-01  -1.7229000e+00
   1.2434400e+00  -1.4685100e+00
   1.5754900e+00  -1.1275700e+00
   1.8242900e+00  -7.0280300e-01
   1.9571300e+00  -2.1206300e-01
   1.9478400e+00   3.0566800e-01
   1.7920700e+00   7.9850300e-01
   1.5115400e+00   1.2191900e+00
   1.1439600e+00   1.5401100e+00
   7.2588500e-01   1.7556200e+00
   2.8073900e-01   1.8713500e+00
  -1.7999900e-01   1.8893300e+00
  -6.4455600e-01   1.8010500e+00
  -1.0882200e+00   1.5938400e+00
  -1.4712200e+00   1.2659000e+00
  -1.7501000e+00   8.3792600e-01
  -1.8949600e+00   3.5224000e-01
  -1.9007400e+00  -1.4117300e-01
  -1.7845500e+00  -6.0206800e-01
  -1.5715600e+00  -1.0090300e+00
  -1.2802400e+00  -1.3547300e+00
  -9.1783300e-01  -1.6323300e+00
  -4.8869800e-01  -1.8245400e+00
  -8.4970400e-03  -1.9046400e+00
   4.8784300e-01  -1.8493500e+00
   9.5155399e-01  -1.6543700e+00
   1.3360800e+00  -1.3407400e+00
   1.6129400e+00  -9.4728199e-01
   1.7765800e+00  -5.1404000e-01
   1.8356800e+00  -6.8696800e-02
   1.7983600e+00   3.7503800e-01
   1.6629100e+00   8.0703300e-01
   1.4213300e+00   1.2075900e+00
   1.0727000e+00   1.5428100e+00
   6.3585200e-01   1.7732200e+00
   1.5091500e-01   1.8701400e+00
  -3.3239300e-01   1.8282900e+00
  -7.7204500e-01   1.6656100e+00
  -1.1447800e+00   1.4108000e+00
  -1.4439100e+00   1.0878700e+00
  -1.6669100e+00   7.0906900e-01
  -1.8031600e+00   2.8063000e-01
  -1.8321400e+00  -1.8381400e-01
  -1.7339600e+00  -6.5364800e-01
  -1.5045600e+00  -1.0839600e+00
  -1.1639800e+00  -1.4297300e+00
  -7.5121000e-01  -1.6620900e+00
  -3.0884000e-01  -1.7753800e+00
   1.3176000e-01  -1.7807200e+00
   5.5465400e-01  -1.6916400e+00
   9.5102399e-01  -1.5129500e+00
   1.3059800e+00  -1.2414300e+00
   1.5917100e+00  -8.7737799e-01
   1.7733600e+00  -4.3767900e-01
   1.8239900e+00   4.0293700e-02
   1.7381400e+00   5.0803400e-01
   1.5340600e+00   9.2255199e-01
   1.2430800e+00   1.2590300e+00
   8.9400399e-01   1.5111500e+00
   5.0380600e-01   1.6801500e+00
   8.0773600e-02   1.7617300e+00
  -3.6326700e-01   1.7417400e+00
  -8.0214800e-01   1.6040600e+00
  -1.1954100e+00   1.3451000e+00
  -1.5003700e+00   9.8361299e-01
  -1.6882600e+00   5.5798000e-01
  -1.7532300e+00   1.1236300e-01
  -1.7082200e+00  -3.1882900e-01
  -1.5714000e+00  -7.1751200e-01
  -1.3537200e+00  -1.0758600e+00
  -1.0568000e+00  -1.3834900e+00
  -6.8238100e-01  -1.6187700e+00
  -2.4547200e-01  -1.7519100e+00
   2.1978400e-01  -1.7582500e+00
   6.6694500e-01  -1.6323000e+00
   1.0528800e+00  -1.3921100e+00
   1.3515700e+00  -1.0707800e+00
   1.5568500e+00  -7.0109000e-01
   1.6731100e+00  -3.0438300e-01
   1.7019900e+00   1.0890600e-01
   1.6356400e+00   5.2848900e-01
   1.4620600e+00   9.3265899e-01
   1.1783900e+00   1.2858700e+00
   8.0190499e-01   1.5485000e+00
   3.6966300e-01   1.6924100e+00
  -7.3549900e-02   1.7115200e+00
  -4.9097900e-01   1.6199900e+00
  -8.6255199e-01   1.4398900e+00
  -1.1811300e+00   1.1877500e+00
  -1.4404500e+00   8.6997999e-01
  -1.6250100e+00   4.9003200e-01
  -1.7104400e+00   6.1114300e-02
  -1.6748500e+00  -3.8618800e-01
  -1.5128600e+00  -8.0825499e-01
  -1.2419700e+00  -1.1626300e+00
  -8.9618399e-01  -1.4224900e+00
  -5.1142200e-01  -1.5816100e+00
  -1.1292700e-01  -1.6470400e+00
   2.8666900e-01  -1.6257600e+00
   6.7834200e-01  -1.5161200e+00
   1.0447400e+00  -1.3104200e+00
   1.3555800e+00  -1.0068200e+00
   1.5749000e+00  -6.2102000e-01
   1.6757300e+00  -1.8813900e-01
   1.6517900e+00   2.4730900e-01
   1.5179400e+00   6.4696300e-01
   1.2993300e+00   9.8898799e-01
   1.0174800e+00   1.2666600e+00
   6.8342000e-01   1.4774000e+00
   3.0250200e-01   1.6116500e+00
  -1.1369500e-01   1.6506900e+00
  -5.3836700e-01   1.5758100e+00
  -9.3136299e-01   1.3819800e+00
  -1.2516600e+00   1.0858100e+00
  -1.4721000e+00   7.2146500e-01
  -1.5862900e+00   3.2710200e-01
  -1.6033200e+00  -6.8656500e-02
  -1.5349700e+00  -4.5101300e-01
  -1.3854600e+00  -8.1191899e-01
  -1.1515600e+00  -1.1381900e+00
  -8.3270799e-01  -1.4049800e+00
  -4.4299000e-01  -1.5805500e+00
  -1.5098600e-02  -1.6395900e+00
   4.0757300e-01  -1.5757100e+00
   7.8580899e-01  -1.4040000e+00
   1.0963000e+00  -1.1519100e+00
   1.3325100e+00  -8.4524299e-01
   1.4950800e+00  -4.9941300e-01
   1.5800600e+00  -1.2179200e-01
   1.5745100e+00   2.7745700e-01
   1.4632500e+00   6.7541300e-01
   1.2418300e+00   1.0359300e+00
   9.2576399e-01   1.3201300e+00
   5.4865000e-01   1.5009900e+00
   1.5003100e-01   1.5719000e+00
  -2.3870000e-01   1.5434600e+00
  -6.0067700e-01   1.4315600e+00
  -9.2854699e-01   1.2459400e+00
  -1.2130200e+00   9.8786099e-01
  -1.4347600e+00   6.5827400e-01
  -1.5666400e+00   2.6971000e-01
  -1.5855300e+00  -1.4797100e-01
  -1.4850700e+00  -5.5325300e-01
  -1.2801500e+00  -9.0682199e-01
  -9.9976099e-01  -1.1842500e+00
  -6.7326900e-01  -1.3789700e+00
  -3.2009000e-01  -1.4943700e+00
   5.0284200e-02  -1.5317300e+00
   4.2887600e-01  -1.4838400e+00
   7.9664399e-01  -1.3393300e+00
   1.1218500e+00  -1.0945900e+00
   1.3684200e+00  -7.6387899e-01
   1.5099700e+00  -3.7962500e-01
   1.5396400e+00   1.8101600e-02
   1.4690500e+00   3.9578200e-01
   1.3175300e+00   7.3464599e-01
   1.0998300e+00   1.0277800e+00
   8.2163699e-01   1.2694600e+00
   4.8563900e-01   1.4457600e+00
   1.0291900e-01   1.5345400e+00
  -2.9978600e-01   1.5152500e+00
  -6.8350899e-01   1.3817200e+00
  -1.0095700e+00   1.1483600e+00
  -1.2528200e+00   8.4494699e-01
  -1.4065400e+00   5.0362400e-01
  -1.4763500e+00   1.4739500e-01
  -1.4682700e+00  -2.1211400e-01
  -1.3806800e+00  -5.6686300e-01
  -1.2062300e+00  -9.0159599e-01
  -9.4239199e-01  -1.1892700e+00
  -6.0211900e-01  -1.3971700e+00
  -2.1611400e-01  -1.5000400e+00
   1.7582300e-01  -1.4908400e+00
   5.3872600e-01  -1.3817700e+00
   8.5215199e-01  -1.1948400e+00
   1.1094000e+00  -9.4929599e-01
   1.3079100e+00  -6.5509099e-01
   1.4390300e+00  -3.1678700e-01
   1.4857600e+00   5.5809400e-02
   1.4305200e+00   4.3926700e-01
   1.2675800e+00   7.9773999e-01
   1.0105900e+00   1.0938900e+00
   6.8941699e-01   1.3022500e+00
   3.3822100e-01   1.4159100e+00
  -1.6920800e-02   1.4422000e+00
  -3.6229200e-01   1.3913500e+00
  -6.9054099e-01   1.2670600e+00
  -9.9001499e-01   1.0661300e+00
  -1.2385200e+00   7.8734299e-01
  -1.4072100e+00   4.4233900e-01
  -1.4723900e+00   5.9671200e-02
  -1.4269800e+00  -3.2188500e-01
  -1.2833300e+00  -6.6660699e-01
  -1.0654600e+00  -9.5266999e-01
  -7.9645799e-01  -1.1734000e+00
  -4.9030300e-01  -1.3289700e+00
  -1.5355400e-01  -1.4157400e+00
   2.0507500e-01  -1.4219100e+00
   5.6553800e-01  -1.3332200e+00
   8.9557899e-01  -1.1445900e+00
   1.1598400e+00  -8.6873099e-01
   1.3330200e+00  -5.3501300e-01
   1.4079400e+00  -1.7879400e-01
   1.3932200e+00   1.7132000e-01
   1.3026900e+00   4.9963100e-01
   1.1450200e+00   7.9923899e-01
   9.2117699e-01   1.0618500e+00
   6.3146099e-01   1.2701600e+00
   2.8627400e-01   1.3995600e+00
  -8.8322499e-02   1.4283700e+00
  -4.5525900e-01   1.3496200e+00
  -7.7874599e-01   1.1754800e+00
  -1.0359100e+00   9.3128299e-01
  -1.2199600e+00   6.4331099e-01
  -1.3333900e+00   3.2921200e-01
  -1.3771800e+00  -2.3872300e-03
  -1.3447100e+00  -3.4365900e-01
  -1.2252800e+00  -6.7792599e-01
  -1.0147000e+00  -9.7687799e-01
  -7.2465699e-01  -1.2077300e+00
  -3.8345000e-01  -1.3457900e+00
  -2.6894700e-02  -1.3836700e+00
   3.1448000e-01  -1.3308000e+00
   6.2316399e-01  -1.2040400e+00
   8.9249499e-01  -1.0165700e+00
   1.1172200e+00  -7.7343899e-01
   1.2849000e+00  -4.7667100e-01
   1.3753800e+00  -1.3552700e-01
   1.3694600e+00   2.2666600e-01
   1.2604100e+00   5.7513699e-01
   1.0599800e+00   8.7470399e-01
   7.9416499e-01   1.1018300e+00
   4.9172900e-01   1.2494900e+00
   1.7359600e-01   1.3220700e+00
  -1.4954300e-01   1.3247400e+00
  -4.7052700e-01   1.2559100e+00
  -7.7595099e-01   1.1086400e+00
  -1.0417000e+00   8.7984699e-01
  -1.2380700e+00   5.8014199e-01
  -1.3414200e+00   2.3630500e-01
  -1.3442400e+00  -1.1611900e-01
  -1.2564200e+00  -4.4529900e-01
  -1.0971600e+00  -7.3214599e-01
  -8.8366699e-01  -9.7004699e-01
  -6.2491299e-01  -1.1564600e+00
  -3.2478600e-01  -1.2836000e+00
   8.4472699e-03  -1.3360000e+00
   3.5434000e-01  -1.2972300e+00
   6.8092899e-01  -1.1610500e+00
   9.5427199e-01  -9.3857399e-01
   1.1505700e+00  -6.5586499e-01
   1.2625400e+00  -3.4344600e-01
   1.2960200e+00  -2.5057100e-02
   1.2598800e+00   2.8660600e-01
   1.1573300e+00   5.8483099e-01
   9.8526099e-01   8.5932299e-01
   7.4192499e-01   1.0902900e+00
   4.3687900e-01   1.2515400e+00
   9.5008199e-02   1.3209400e+00
  -2.4908400e-01   1.2909500e+00
  -5.6289899e-01   1.1715800e+00
  -8.2605199e-01   9.8377999e-01
  -1.0318300e+00   7.4819599e-01
  -1.1800200e+00   4.7748500e-01
  -1.2672700e+00   1.7748800e-01
  -1.2828300e+00  -1.4434400e-01
  -1.2133400e+00  -4.7050500e-01
  -1.0532900e+00  -7.7224899e-01
  -8.1299199e-01  -1.0174600e+00
  -5.1804799e-01  -1.1825100e+00
  -2.0004500e-01  -1.2598500e+00
   1.1498500e-01  -1.2563600e+00
   4.1245900e-01  -1.1841100e+00
   6.8591399e-01  -1.0507700e+00
   9.2793299e-01  -8.5705599e-01
   1.1230900e+00  -6.0276199e-01
   1.2490200e+00  -2.9645600e-01
   1.2855200e+00   3.9163100e-02
   1.2251800e+00   3.7103400e-01
   1.0778500e+00   6.6662299e-01
   8.6561499e-01   9.0457099e-01
   6.1196099e-01   1.0779600e+00
   3.3291500e-01   1.1885300e+00
   3.6315900e-02   1.2370200e+00
  -2.7101800e-01   1.2173600e+00
  -5.7449999e-01   1.1195100e+00
  -8.4890899e-01   9.3886599e-01
  -1.0644900e+00   6.8490399e-01
  -1.1982000e+00   3.8227500e-01
  -1.2422900e+00   6.2947299e-02
  -1.2043300e+00  -2.4530600e-01
  -1.0989900e+00  -5.2618599e-01
  -9.3801799e-01  -7.7330099e-01
  -7.2589499e-01  -9.8184199e-01
  -4.6410900e-01  -1.1406700e+00
  -1.6034400e-01  -1.2315100e+00
   1.6508800e-01  -1.2364500e+00
   4.8119800e-01  -1.1483800e+00
   7.5602599e-01  -9.7678699e-01
   9.6760099e-01  -7.4431599e-01
   1.1087300e+00  -4.7665500e-01
   1.1827500e+00  -1.9282600e-01
   1.1940600e+00   9.7348899e-02
   1.1411600e+00   3.8749200e-01
   1.0174700e+00   6.6583999e-01
   8.1952399e-01   9.1091099e-01
   5.5592599e-01   1.0957600e+00
   2.4998500e-01   1.1983700e+00
  -6.6595799e-02   1.2108700e+00
  -3.6487500e-01   1.1411900e+00
  -6.2706899e-01   1.0060600e+00
  -8.4670199e-01   8.2082699e-01
  -1.0212700e+00   5.9357899e-01
  -1.1437800e+00   3.2762000e-01
  -1.2001600e+00   2.9889000e-02
  -1.1751200e+00  -2.8180600e-01
  -1.0620800e+00  -5.7899699e-01
  -8.6996099e-01  -8.3087299e-01
  -6.2146999e-01  -1.0152400e+00
  -3.4385200e-01  -1.1246100e+00
  -5.8686399e-02  -1.1635300e+00
   2.2229000e-01  -1.1396700e+00
   4.9295199e-01  -1.0558200e+00
   7.4420899e-01  -9.0896699e-01
   9.5842799e-01  -6.9696999e-01
   1.1118600e+00  -4.2759800e-01
   1.1839000e+00  -1.2249200e-01
   1.1667100e+00   1.8750400e-01
   1.0682800e+00   4.7286199e-01
   9.0686899e-01   7.1458699e-01
   7.0089299e-01   9.0600499e-01
   4.6181399e-01   1.0465900e+00
   1.9483300e-01   1.1332500e+00
  -9.3695999e-02   1.1562100e+00
  -3.8851600e-01   1.1030000e+00
  -6.6403699e-01   9.6781199e-01
  -8.9112799e-01   7.5891699e-01
  -1.0477700e+00   4.9858299e-01
  -1.1262100e+00   2.1499100e-01
  -1.1318500e+00  -6.8199999e-02
  -1.0751600e+00  -3.3746400e-01
  -9.6294799e-01  -5.8675599e-01
  -7.9571899e-01  -8.0945399e-01
  -5.7285999e-01  -9.9179399e-01
  -3.0136900e-01  -1.1135200e+00
  -9.7678299e-04  -1.1558200e+00
   2.9887100e-01  -1.1110300e+00
   5.6863199e-01  -9.8699799e-01
   7.8841399e-01  -8.0294799e-01
   9.5126699e-01  -5.7983499e-01
   1.0583100e+00  -3.3220000e-01
   1.1100600e+00  -6.7163499e-02
   1.1009500e+00   2.0934100e-01
   1.0216100e+00   4.8457599e-01
   8.6715499e-01   7.3609899e-01
   6.4516699e-01   9.3693799e-01
   3.7707300e-01   1.0656400e+00
   9.1373699e-02   1.1142700e+00
  -1.8669800e-01   1.0887700e+00
  -4.4200299e-01   1.0019100e+00
  -6.6842899e-01   8.6413199e-01
  -8.6157699e-01   6.7940999e-01
  -1.0114900e+00   4.4878599e-01
  -1.1016000e+00   1.7859300e-01
  -1.1152500e+00  -1.1351800e-01
  -1.0451100e+00  -3.9996300e-01
  -8.9872199e-01  -6.5174599e-01
  -6.9577399e-01  -8.4841299e-01
  -4.5918199e-01  -9.8270499e-01
  -2.0621400e-01  -1.0570600e+00
   5.4114899e-02  -1.0752400e+00
   3.1612200e-01  -1.0357700e+00
   5.6949999e-01  -9.3249999e-01
   7.9513699e-01  -7.6166799e-01
   9.6862399e-01  -5.3017199e-01
   1.0694800e+00  -2.5825200e-01
   1.0896600e+00   2.5847800e-02
   1.0354200e+00   2.9584900e-01
   9.2128299e-01   5.3521899e-01
   7.6094099e-01   7.3766099e-01
   5.6166099e-01   9.0072599e-01
   3.2625200e-01   1.0181100e+00
   6.0509499e-02   1.0770900e+00
  -2.2008800e-01   1.0634100e+00
  -4.9021899e-01   9.7030499e-01
  -7.2194699e-01   8.0485699e-01
  -8.9462699e-01   5.8677599e-01
  -1.0006900e+00   3.4035900e-01
  -1.0435800e+00   8.5198399e-02
  -1.0299000e+00  -1.6787400e-01
  -9.6208299e-01  -4.1326499e-01
  -8.3721999e-01  -6.4295599e-01
  -6.5289099e-01  -8.4125699e-01
  -4.1533299e-01  -9.8666499e-01
  -1.4332600e-01  -1.0600300e+00
   1.3567200e-01  -1.0533700e+00
   3.9486800e-01  -9.7296399e-01
   6.1660199e-01  -8.3466199e-01
   7.9430099e-01  -6.5489099e-01
   9.2718499e-01  -4.4401599e-01
   1.0124000e+00  -2.0666600e-01
   1.0410600e+00   5.1756099e-02
   1.0016000e+00   3.1797500e-01
   8.8799099e-01   5.6924099e-01
   7.0678999e-01   7.7916099e-01
   4.7731499e-01   9.2726799e-01
   2.2467700e-01   1.0057300e+00
  -2.9648500e-02   1.0186900e+00
  -2.7313800e-01   9.7520399e-01
  -5.0014599e-01   8.8129899e-01
  -7.0475699e-01   7.3731499e-01
  -8.7471299e-01   5.4232199e-01
  -9.9167699e-01   3.0197400e-01
  -1.0381900e+00   3.3384600e-02
  -1.0064600e+00  -2.3725300e-01
  -9.0263299e-01  -4.8314899e-01
  -7.4340099e-01  -6.8581599e-01
  -5.4743999e-01  -8.3835499e-01
  -3.2792600e-01  -9.4136399e-01
  -9.1324099e-02  -9.9516099e-01
   1.5720500e-01  -9.9467299e-01
   4.0655799e-01  -9.3116199e-01
   6.3678899e-01  -7.9957199e-01
   8.2347799e-01  -6.0588399e-01
   9.4670699e-01  -3.6867600e-01
   9.9845799e-01  -1.1332300e-01
   9.8332699e-01   1.3727800e-01
   9.1235499e-01   3.6909000e-01
   7.9484099e-01   5.7629299e-01
   6.3429699e-01   7.5485799e-01
   4.3140399e-01   8.9588999e-01
   1.9133500e-01   9.8440299e-01
  -7.0604199e-02   1.0049300e+00
  -3.2989400e-01   9.5005999e-01
  -5.6025799e-01   8.2566499e-01
  -7.4269799e-01   6.4882799e-01
  -8.6997799e-01   4.3996499e-01
  -9.4378699e-01   2.1473400e-01
  -9.6729899e-01  -1.8598400e-02
  -9.3912599e-01  -2.5496900e-01
  -8.5348299e-01  -4.8535599e-01
  -7.0644999e-01  -6.9277599e-01
  -5.0346299e-01  -8.5514599e-01
  -2.6205600e-01  -9.5345999e-01
  -7.3580799e-03  -9.7963099e-01
   2.3679800e-01  -9.3846599e-01
   4.5507499e-01  -8.4256499e-01
   6.4138399e-01  -7.0410499e-01
   7.9334399e-01  -5.2962599e-01
   9.0528999e-01  -3.2150700e-01
   9.6568999e-01  -8.4558199e-02
   9.6132799e-01   1.6779500e-01
   8.8537299e-01   4.1305399e-01
   7.4331099e-01   6.2592499e-01
   5.5222699e-01   7.8724599e-01
   3.3375600e-01   8.8945999e-01
   1.0566600e-01   9.3507999e-01
  -1.2205700e-01   9.2977999e-01
  -3.4431100e-01   8.7566299e-01
  -5.5402699e-01   7.6994499e-01
  -7.3725699e-01   6.1001099e-01
  -8.7455499e-01   4.0079599e-01
  -9.4817399e-01   1.5855800e-01
  -9.5009499e-01  -9.2292799e-02
  -8.8514599e-01  -3.2747200e-01
  -7.6705599e-01  -5.3059499e-01
  -6.1045099e-01  -6.9524099e-01
  -4.2469699e-01  -8.2042699e-01
  -2.1391500e-01  -9.0352299e-01
   1.7315200e-02  -9.3647399e-01
   2.5746600e-01  -9.0853299e-01
   4.8633599e-01  -8.1362699e-01
   6.8004599e-01  -6.5681599e-01
   8.1961399e-01  -4.5482699e-01
   8.9722299e-01  -2.3000500e-01
   9.1595899e-01  -1.8233700e-03
   8.8362199e-01   2.1814400e-01
   8.0554499e-01   4.2463199e-01
   6.8193199e-01   6.1235899e-01
   5.1161099e-01   7.7041399e-01
   2.9909300e-01   8.8222299e-01
   5.9186299e-02   9.3161099e-01
  -1.8483900e-01   9.1078499e-01
  -4.0872099e-01   8.2444399e-01
  -5.9531199e-01   6.8703599e-01
  -7.3782899e-01   5.1518599e-01
  -8.3643499e-01   3.2082300e-01
  -8.9128699e-01   1.0981600e-01
  -8.9776099e-01  -1.1335500e-01
  -8.4773299e-01  -3.3902400e-01
  -7.3607599e-01  -5.4948799e-01
  -5.6740599e-01  -7.2266399e-01
  -3.5779199e-01  -8.4009899e-01
  -1.2979600e-01  -8.9380499e-01
   9.5828999e-02  -8.8721799e-01
   3.0609200e-01  -8.2987499e-01
   4.9546799e-01  -7.3003099e-01
   6.6026699e-01  -5.9079699e-01
   7.9255399e-01  -4.1255499e-01
   8.7878199e-01  -1.9948800e-01
   9.0462999e-01   3.5160799e-02
   8.6270399e-01   2.6962400e-01
   7.5746499e-01   4.8011999e-01
   6.0369299e-01   6.4904099e-01
   4.1955099e-01   7.6924699e-01
   2.1922600e-01   8.4179899e-01
   1.0290200e-02   8.6935799e-01
  -2.0274600e-01   8.5061099e-01
  -4.1199799e-01   7.8015399e-01
  -6.0238999e-01   6.5397699e-01
  -7.5396499e-01   4.7627899e-01
  -8.4913299e-01   2.6221100e-01
  -8.7985099e-01   3.4101799e-02
  -8.4971499e-01  -1.8646200e-01
  -7.6961299e-01  -3.8527699e-01
  -6.5036599e-01  -5.5648799e-01
  -4.9785499e-01  -6.9778899e-01
  -3.1408800e-01  -8.0408999e-01
  -1.0303200e-01  -8.6496199e-01
   1.2369400e-01  -8.6817299e-01
   3.4612799e-01  -8.0690999e-01
   5.4139499e-01  -6.8532399e-01
   6.9174699e-01  -5.1817899e-01
   7.8972099e-01  -3.2471400e-01
   8.3704699e-01  -1.2102500e-01
   8.3857399e-01   8.3696299e-02
   7.9611699e-01   2.8479300e-01
   7.0703299e-01   4.7603999e-01
   5.6857899e-01   6.4505099e-01
   3.8458699e-01   7.7426499e-01
   1.6909400e-01   8.4726499e-01
  -5.6223399e-02   8.5609999e-01
  -2.6938500e-01   8.0436399e-01
  -4.5521899e-01   7.0391799e-01
  -6.0749699e-01   5.6776699e-01
  -7.2507499e-01   4.0436599e-01
  -8.0553199e-01   2.1738200e-01
  -8.4157299e-01   1.0686400e-02
  -8.2324699e-01  -2.0573300e-01
  -7.4449899e-01  -4.1396099e-01
  -6.0913699e-01  -5.9241599e-01
  -4.3160299e-01  -7.2353299e-01
  -2.3175500e-01  -7.9959599e-01
  -2.7226500e-02  -8.2279199e-01
   1.7130000e-01  -7.9982199e-01
   3.5892099e-01  -7.3539399e-01
   5.3091999e-01  -6.2960399e-01
   6.7759999e-01  -4.8110199e-01
   7.8399399e-01  -2.9343000e-01
   8.3515299e-01  -7.9365199e-02
   8.2336799e-01   1.4044300e-01
   7.5211499e-01   3.4404899e-01
   6.3386699e-01   5.1558199e-01
   4.8340599e-01   6.4842499e-01
   3.1151599e-01   7.4237999e-01
   1.2352300e-01   7.9747399e-01
  -7.6684299e-02   8.0949299e-01
  -2.8071000e-01   7.7090599e-01
  -4.7285899e-01   6.7658899e-01
  -6.3318799e-01   5.3000699e-01
  -7.4463499e-01   3.4501899e-01
  -7.9932599e-01   1.4166200e-01
  -7.9971899e-01  -6.1279599e-02
  -7.5402499e-01  -2.5180200e-01
  -6.6956199e-01  -4.2467599e-01
  -5.4908299e-01  -5.7652499e-01
  -3.9272999e-01  -7.0027299e-01
  -2.0384500e-01  -7.8368799e-01
   6.1454099e-03  -8.1354299e-01
   2.1794000e-01  -7.8253899e-01
   4.1004299e-01  -6.9394699e-01
   5.6616699e-01  -5.6052099e-01
   6.7932599e-01  -3.9839899e-01
   7.5005899e-01  -2.2041700e-01
   7.8058099e-01  -3.3504599e-02
   7.6965099e-01   1.5831800e-01
   7.1223799e-01   3.4816799e-01
   6.0430799e-01   5.2268099e-01
   4.4901599e-01   6.6384499e-01
   2.5941700e-01   7.5540899e-01
   5.5327699e-02   7.8946299e-01
  -1.4372500e-01   7.6857599e-01
  -3.2461199e-01   7.0212899e-01
  -4.8172899e-01   5.9972699e-01
  -6.1285099e-01   4.6665099e-01
  -7.1340599e-01   3.0459299e-01
  -7.7397399e-01   1.1679800e-01
  -7.8326099e-01  -8.6701199e-02
  -7.3454799e-01  -2.8821800e-01
  -6.3085699e-01  -4.6708899e-01
  -4.8491399e-01  -6.0690799e-01
  -3.1380099e-01  -7.0037199e-01
  -1.3208600e-01  -7.4855399e-01
   5.1783799e-02  -7.5557899e-01
   2.3355800e-01  -7.2300899e-01
   4.0775799e-01  -6.4834499e-01
   5.6339899e-01  -5.2877699e-01
   6.8463799e-01  -3.6720699e-01
   7.5632399e-01  -1.7572100e-01
   7.7064699e-01   2.6460400e-02
   7.3016399e-01   2.1946500e-01
   6.4509199e-01   3.8926999e-01
   5.2697699e-01   5.2986799e-01
   3.8344299e-01   6.3999499e-01
   2.1775700e-01   7.1742399e-01
   3.3176199e-02   7.5555299e-01
  -1.6166300e-01   7.4519199e-01
  -3.5089399e-01   6.8036999e-01
  -5.1503799e-01   5.6384299e-01
  -6.3786999e-01   4.0804299e-01
  -7.1184199e-01   2.3059300e-01
  -7.3838599e-01   4.7444899e-02
  -7.2323999e-01  -1.3155900e-01
  -6.7055199e-01  -3.0185699e-01
  -5.8032799e-01  -4.5923999e-01
  -4.5109799e-01  -5.9509499e-01
  -2.8558199e-01  -6.9592499e-01
  -9.4777898e-02  -7.4794099e-01
   1.0301800e-01  -7.4359099e-01
   2.8797999e-01  -6.8532299e-01
   4.4544299e-01  -5.8387199e-01
   5.6899799e-01  -4.5236099e-01
   6.5815599e-01  -3.0053299e-01
   7.1282999e-01  -1.3321500e-01
   7.2918899e-01   4.6219599e-02
   7.0026699e-01   2.3049100e-01
   6.2100399e-01   4.0570299e-01
   4.9389599e-01   5.5386599e-01
   3.3086299e-01   6.5923499e-01
   1.4967400e-01   7.1411599e-01
  -3.2687899e-02   7.2014699e-01
  -2.0515000e-01   6.8437399e-01
  -3.6277699e-01   6.1327199e-01
  -5.0247699e-01   5.0927699e-01
  -6.1794599e-01   3.7233999e-01
  -6.9815599e-01   2.0508800e-01
  -7.3091099e-01   1.7355300e-02
  -7.0907299e-01  -1.7376700e-01
  -6.3491899e-01  -3.4887299e-01
  -5.1941599e-01  -4.9292399e-01
  -3.7688499e-01  -5.9913799e-01
  -2.1892700e-01  -6.6761799e-01
  -5.1878199e-02  -7.0019299e-01
   1.2067800e-01  -6.9569399e-01
   2.9274299e-01  -6.4945099e-01
   4.5248299e-01  -5.5745699e-01
   5.8366199e-01  -4.2199199e-01
   6.7129499e-01  -2.5427300e-01
   7.0766599e-01  -7.1859999e-02
   6.9448799e-01   1.0760200e-01
   6.3981199e-01   2.7199999e-01
   5.5215399e-01   4.1598899e-01
   4.3625299e-01   5.3743099e-01
   2.9352799e-01   6.3222399e-01
   1.2661000e-01   6.9186799e-01
  -5.5861599e-02   7.0595399e-01
  -2.3823400e-01   6.6791899e-01
  -4.0186699e-01   5.7983999e-01
  -5.3162499e-01   4.5264999e-01
  -6.2040999e-01   3.0149999e-01
  -6.6875099e-01   1.3955200e-01
  -6.8013899e-01  -2.5434300e-02
  -6.5591399e-01  -1.8958300e-01
  -5.9372199e-01  -3.4807499e-01
  -4.9073699e-01  -4.9117999e-01
  -3.4907599e-01  -6.0462399e-01
  -1.7911600e-01  -6.7444599e-01
   2.1230900e-03  -6.9304399e-01
   1.7669700e-01  -6.6210699e-01
   3.3166899e-01  -5.9040299e-01
   4.6127299e-01  -4.8816899e-01
   5.6415899e-01  -3.6227499e-01
   6.3827899e-01  -2.1563100e-01
   6.7766599e-01  -5.0964599e-02
   6.7384699e-01   1.2427400e-01
   6.2099399e-01   2.9604999e-01
   5.2097899e-01   4.4680199e-01
   3.8447299e-01   5.6157599e-01
   2.2709300e-01   6.3303899e-01
   6.3250399e-02   6.6199699e-01
  -9.7997198e-02   6.5334099e-01
  -2.5241300e-01   6.1071699e-01
  -3.9623899e-01   5.3406599e-01
  -5.2183499e-01   4.2183599e-01
  -6.1704299e-01   2.7605799e-01
  -6.6916999e-01   1.0616900e-01
  -6.7087399e-01  -7.1641099e-02
  -6.2374599e-01  -2.3948200e-01
  -5.3699599e-01  -3.8383199e-01
  -4.2225599e-01  -4.9851499e-01
  -2.8831699e-01  -5.8280699e-01
  -1.3955700e-01  -6.3653399e-01
   2.1105900e-02  -6.5621199e-01
   1.8736900e-01  -6.3541299e-01
   3.4694599e-01  -5.6918799e-01
   4.8362799e-01  -4.5922699e-01
   5.8291399e-01  -3.1574699e-01
   6.3734199e-01  -1.5448300e-01
   6.4786499e-01   9.2269298e-03
   6.2050399e-01   1.6518600e-01
   5.6098299e-01   3.0874799e-01
   4.7145599e-01   4.3708199e-01
   3.5171999e-01   5.4457699e-01
   2.0380200e-01   6.2129999e-01
   3.6140499e-02   6.5602899e-01
  -1.3615300e-01   6.4183599e-01
  -2.9557799e-01   5.8017299e-01
  -4.2827599e-01   4.8043699e-01
  -5.2770099e-01   3.5531799e-01
  -5.9360399e-01   2.1528800e-01
  -6.2747499e-01   6.6138099e-02
  -6.2821699e-01  -8.8939898e-02
  -5.9150399e-01  -2.4472400e-01
  -5.1340399e-01  -3.9074999e-01
  -3.9546199e-01  -5.1239899e-01
  -2.4728799e-01  -5.9587899e-01
  -8.4416798e-02  -6.3371899e-01
   7.7224098e-02  -6.2691799e-01
   2.2647700e-01  -5.8236199e-01
   3.5826399e-01  -5.0758799e-01
   4.7053899e-01  -4.0684299e-01
   5.5961999e-01  -2.8131799e-01
   6.1784899e-01  -1.3311800e-01
   6.3564999e-01   3.0334699e-02
   6.0666199e-01   1.9521000e-01
   5.3217699e-01   3.4470999e-01
   4.2155499e-01   4.6489699e-01
   2.8821199e-01   5.4891899e-01
   1.4403100e-01   5.9685499e-01
  -3.8707399e-03   6.1164199e-01
  -1.5195900e-01   5.9442199e-01
  -2.9599999e-01   5.4299299e-01
  -4.2738399e-01   4.5454399e-01
  -5.3326299e-01   3.3054099e-01
  -6.0080099e-01   1.7986400e-01
  -6.2264699e-01   1.7560700e-02
  -5.9976799e-01  -1.4018200e-01
  -5.3966299e-01  -2.8145099e-01
  -4.5139399e-01  -4.0073699e-01
  -3.4114699e-01  -4.9663299e-01
  -2.1151000e-01  -5.6725299e-01
  -6.4758499e-02  -6.0721299e-01
   9.2695698e-02  -6.0871699e-01
   2.4845699e-01  -5.6611799e-01
   3.8671099e-01  -4.8055599e-01
   4.9369799e-01  -3.6115799e-01
   5.6234199e-01  -2.2174200e-01
   5.9293299e-01  -7.5315598e-02
   5.8961599e-01   6.9799899e-02
   5.5559399e-01   2.0967300e-01
   4.9075399e-01   3.4094899e-01
   3.9349999e-01   4.5685699e-01
   2.6528699e-01   5.4645999e-01
   1.1418600e-01   5.9809299e-01
  -4.5498299e-02   6.0466899e-01
  -1.9764100e-01   5.6706699e-01
  -3.2979399e-01   4.9315999e-01
  -4.3603799e-01   3.9324399e-01
  -5.1546699e-01   2.7524199e-01
  -5.6782899e-01   1.4312200e-01
  -5.8996499e-01  -5.9279199e-04
  -5.7595399e-01  -1.5045900e-01
  -5.2099599e-01  -2.9562699e-01
  -4.2610999e-01  -4.2151099e-01
  -3.0002299e-01  -5.1477699e-01
  -1.5665200e-01  -5.6823499e-01
  -9.8286198e-03  -5.8227299e-01
   1.3106800e-01  -5.6201499e-01
   2.6167599e-01  -5.1250899e-01
   3.7940299e-01  -4.3565899e-01
   4.7925799e-01  -3.3114599e-01
   5.5230599e-01  -2.0048900e-01
   5.8823899e-01  -5.0907799e-02
   5.8038099e-01   1.0425500e-01
   5.2949599e-01   2.4923699e-01
   4.4360799e-01   3.7128899e-01
   3.3394699e-01   4.6412999e-01
   2.0995500e-01   5.2722099e-01
   7.6916998e-02   5.6176199e-01
  -6.2320699e-02   5.6672399e-01
  -2.0322000e-01   5.3811399e-01
  -3.3653999e-01   4.7210199e-01
  -4.4913299e-01   3.6962799e-01
  -5.2832799e-01   2.3889199e-01
  -5.6693599e-01   9.3622398e-02
  -5.6536499e-01  -5.1824599e-02
  -5.2948199e-01  -1.8718600e-01
  -4.6594499e-01  -3.0765599e-01
  -3.7856099e-01  -4.1127899e-01
  -2.6831999e-01  -4.9475399e-01
  -1.3688800e-01  -5.5118699e-01
   9.3827298e-03  -5.7178699e-01
   1.5828600e-01  -5.5042699e-01
   2.9470399e-01  -4.8775399e-01
   4.0582299e-01  -3.9174799e-01
   4.8506499e-01  -2.7427499e-01
   5.3214499e-01  -1.4604900e-01
   5.4951299e-01  -1.3587500e-02
   5.3814199e-01   1.1988500e-01
   4.9597199e-01   2.5065099e-01
   4.2024499e-01   3.7110099e-01
   3.1188499e-01   4.6968799e-01
   1.7846300e-01   5.3462599e-01
   3.3266199e-02   5.5885399e-01
  -1.0912500e-01   5.4274099e-01
  -2.3775599e-01   4.9267699e-01
  -3.4738499e-01   4.1667099e-01
  -4.3656899e-01   3.2028399e-01
  -5.0357599e-01   2.0582200e-01
  -5.4354999e-01   7.5173098e-02
  -5.4933299e-01  -6.6162598e-02
  -5.1548799e-01  -2.0725000e-01
  -4.4255499e-01  -3.3386799e-01
  -3.3830699e-01  -4.3337299e-01
  -2.1495499e-01  -4.9898099e-01
  -8.4224998e-02  -5.3055199e-01
   4.6248699e-02  -5.3158699e-01
   1.7282200e-01  -5.0488999e-01
   2.9250199e-01  -4.5030699e-01
   3.9929199e-01  -3.6622899e-01
   4.8336599e-01  -2.5362899e-01
   5.3402199e-01  -1.1938800e-01
   5.4445999e-01   2.3874499e-02
   5.1497599e-01   1.6164200e-01
   4.5226799e-01   2.8247399e-01
   3.6543699e-01   3.8072399e-01
   2.6161899e-01   4.5534299e-01
   1.4440500e-01   5.0602099e-01
   1.5976600e-02   5.2989199e-01
  -1.1897700e-01   5.2151499e-01
  -2.5088699e-01   4.7626599e-01
  -3.6664399e-01   3.9461399e-01
  -4.5400899e-01   2.8398399e-01
  -5.0609099e-01   1.5666300e-01
  -5.2281599e-01   2.5113499e-02
  -5.0852199e-01  -1.0205300e-01
  -4.6765499e-01  -2.2074799e-01
  -4.0189599e-01  -3.2859799e-01
  -3.1083699e-01  -4.2116899e-01
  -1.9557600e-01  -4.9043099e-01
  -6.2265698e-02  -5.2693399e-01
   7.7329398e-02  -5.2427899e-01
   2.0903099e-01  -4.8266799e-01
   3.2112599e-01  -4.0892599e-01
   4.0761799e-01  -3.1297199e-01
   4.6773799e-01  -2.0331200e-01
   5.0243699e-01  -8.4764798e-02
   5.1075099e-01   4.0131799e-02
   4.8899899e-01   1.6744100e-01
   4.3348199e-01   2.8901099e-01
   3.4464399e-01   3.9303099e-01
   2.2945099e-01   4.6788299e-01
   1.0001800e-01   5.0668199e-01
  -3.0729299e-02   5.0935599e-01
  -1.5336700e-01   4.8088099e-01
  -2.6335799e-01   4.2712699e-01
  -3.5884099e-01   3.5150299e-01
  -4.3685699e-01   2.5483099e-01
  -4.9120799e-01   1.3840300e-01
  -5.1383599e-01   7.6410498e-03
  -4.9887499e-01  -1.2670000e-01
  -4.4644199e-01  -2.5103099e-01
  -3.6331499e-01  -3.5358799e-01
  -2.5996899e-01  -4.2809199e-01
  -1.4605500e-01  -4.7395799e-01
  -2.7535899e-02  -4.9321899e-01
   9.2648398e-02  -4.8669599e-01
   2.1123699e-01  -4.5247099e-01
   3.2151299e-01  -3.8785999e-01
   4.1310799e-01  -2.9334099e-01
   4.7522199e-01  -1.7534500e-01
   5.0110399e-01  -4.5583299e-02
   4.9063999e-01   8.2822798e-02
   4.4924499e-01   1.9981499e-01
   3.8398999e-01   3.0042699e-01
   2.9986899e-01   3.8320099e-01
   1.9893499e-01   4.4654299e-01
   8.2742898e-02   4.8607999e-01
  -4.3999399e-02   4.9524999e-01
  -1.7166200e-01   4.6885099e-01
  -2.8746799e-01   4.0693199e-01
  -3.7982199e-01   3.1608499e-01
  -4.4224799e-01   2.0708399e-01
  -4.7426499e-01   9.0486398e-02
  -4.7880399e-01  -2.6712299e-02
  -4.5831899e-01  -1.4113800e-01
  -4.1262399e-01  -2.5011999e-01
  -3.4011999e-01  -3.4835499e-01
  -2.4138499e-01  -4.2702399e-01
  -1.2225900e-01  -4.7632399e-01
   6.1418798e-03  -4.8976599e-01
   1.3076400e-01  -4.6716899e-01
   2.4110699e-01  -4.1420799e-01
   3.3180999e-01  -3.3891399e-01
   4.0171699e-01  -2.4770499e-01
   4.5046999e-01  -1.4383200e-01
   4.7547399e-01  -2.9176899e-02
   4.7173699e-01   9.2228998e-02
   4.3483199e-01   2.1195899e-01
   3.6477899e-01   3.1824499e-01
   2.6786799e-01   3.9986999e-01
   1.5493100e-01   4.5026199e-01
   3.7182499e-02   4.6897399e-01
  -7.7480698e-02   4.5965899e-01
  -1.8523600e-01   4.2622399e-01
  -2.8391099e-01   3.7015199e-01
  -3.6956599e-01   2.9096999e-01
  -4.3499499e-01   1.8942600e-01
  -4.7154799e-01   7.0743698e-02
  -4.7312499e-01  -5.4720199e-02
  -4.3947199e-01  -1.7422600e-01
  -3.7636399e-01  -2.7703199e-01
  -2.9254999e-01  -3.5743599e-01
  -1.9568499e-01  -4.1449199e-01
  -9.0158198e-02  -4.4893099e-01
   2.1767799e-02  -4.5985799e-01
   1.3668200e-01  -4.4388399e-01
   2.4740599e-01  -3.9745899e-01
   3.4334099e-01  -3.2062299e-01
   4.1384899e-01  -2.1927099e-01
   4.5237199e-01  -1.0407300e-01
   4.5844999e-01   1.3345500e-02
   4.3627599e-01   1.2434300e-01
   3.9102299e-01   2.2464999e-01
   3.2573599e-01   3.1249799e-01
   2.4109599e-01   3.8523499e-01
   1.3808200e-01   4.3729599e-01
   2.1302799e-02   4.6130599e-01
  -9.9778197e-02   4.5167999e-01
  -2.1295899e-01   4.0810299e-01
  -3.0745999e-01   3.3630599e-01
  -3.7730899e-01   2.4552299e-01
  -4.2168799e-01   1.4443600e-01
  -4.4226499e-01   3.8494499e-02
  -4.3972799e-01  -6.9622398e-02
  -4.1229699e-01  -1.7705600e-01
  -3.5738099e-01  -2.7788399e-01
  -2.7509399e-01  -3.6280899e-01
  -1.7087200e-01  -4.2194799e-01
  -5.5026198e-02  -4.4887899e-01
   6.0653098e-02  -4.4309699e-01
   1.6694500e-01  -4.0916799e-01
   2.5915799e-01  -3.5332299e-01
   3.3583399e-01  -2.8004299e-01
   3.9551099e-01  -1.9115499e-01
   4.3425099e-01  -8.7931398e-02
   4.4605199e-01   2.5612099e-02
   4.2595999e-01   1.4100600e-01
   3.7362699e-01   2.4678799e-01
   2.9461799e-01   3.3233799e-01
   1.9842499e-01   3.9150199e-01
   9.4538897e-02   4.2352399e-01
  -1.0635700e-02   4.3084599e-01
  -1.1397900e-01   4.1560399e-01
  -2.1310899e-01   3.7759399e-01
  -3.0333899e-01   3.1524299e-01
  -3.7676199e-01   2.2880399e-01
  -4.2441599e-01   1.2321400e-01
  -4.4013499e-01   8.2503298e-03
  -4.2335399e-01  -1.0436400e-01
  -3.7885899e-01  -2.0500999e-01
  -3.1372199e-01  -2.8860999e-01
  -2.3371099e-01  -3.5393499e-01
  -1.4176600e-01  -4.0059099e-01
  -3.9509599e-02  -4.2622899e-01
   6.9601898e-02  -4.2627799e-01
   1.7815799e-01  -3.9652199e-01
   2.7560799e-01  -3.3661799e-01
   3.5168699e-01  -2.5186899e-01
   4.0015599e-01  -1.5180900e-01
   4.2026799e-01  -4.6519399e-02
   4.1507899e-01   5.6771298e-02
   3.8801899e-01   1.5449400e-01
   3.4039099e-01   2.4465999e-01
   2.7168199e-01   3.2377599e-01
   1.8234599e-01   3.8537799e-01
   7.6801198e-02   4.2156199e-01
  -3.5848999e-02   4.2653899e-01
  -1.4417200e-01   3.9968899e-01
  -2.3833199e-01   3.4587599e-01
  -3.1292599e-01   2.7280299e-01
  -3.6687399e-01   1.8734799e-01
  -4.0072199e-01   9.3509397e-02
  -4.1363399e-01  -6.6969198e-03
  -4.0250099e-01  -1.1032100e-01
  -3.6393599e-01  -2.1104899e-01
  -2.9764999e-01  -2.9938399e-01
  -2.0860699e-01  -3.6559599e-01
  -1.0619200e-01  -4.0346899e-01
  -8.4669198e-04  -4.1222999e-01
   9.9515297e-02  -3.9539599e-01
   1.9088699e-01  -3.5751199e-01
   2.7159199e-01  -3.0129899e-01
   3.3925599e-01  -2.2731599e-01
   3.8888399e-01  -1.3628100e-01
   4.1373999e-01  -3.2097199e-02
   4.0852899e-01   7.6922498e-02
   3.7259199e-01   1.7983499e-01
   3.1074899e-01   2.6677699e-01
   2.3112599e-01   3.3209099e-01
   1.4152300e-01   3.7477899e-01
   4.6916499e-02   3.9618999e-01
  -5.0252899e-02   3.9689999e-01
  -1.4748100e-01   3.7525899e-01
  -2.3955399e-01   3.2878099e-01
  -3.1814299e-01   2.5728999e-01
  -3.7421799e-01   1.6535700e-01
  -4.0169799e-01   6.2042298e-02
  -3.9976399e-01  -4.2068899e-02
  -3.7224599e-01  -1.3853700e-01
  -3.2462299e-01  -2.2294099e-01
  -2.6091299e-01  -2.9384199e-01
  -1.8273999e-01  -3.4989299e-01
  -9.1139097e-02  -3.8755699e-01
   1.0479100e-02  -4.0134799e-01
   1.1467700e-01  -3.8657199e-01
   2.1118099e-01  -3.4256599e-01
   2.9028299e-01  -2.7400099e-01
   3.4615599e-01  -1.8922399e-01
   3.7782899e-01  -9.6762097e-02
   3.8731699e-01  -2.4674899e-03
   3.7647999e-01   9.0777597e-02
   3.4509699e-01   1.8084699e-01
   2.9163699e-01   2.6360499e-01
   2.1609199e-01   3.3197199e-01
   1.2261200e-01   3.7776299e-01
   1.9783999e-02   3.9514599e-01
  -8.1877398e-02   3.8325199e-01
  -1.7356999e-01   3.4609199e-01
  -2.5050599e-01   2.8988499e-01
  -3.1140499e-01   2.1980799e-01
  -3.5584799e-01   1.3851700e-01
  -3.8171099e-01   4.7411499e-02
  -3.8481399e-01  -5.0554898e-02
  -3.6116099e-01  -1.4887600e-01
  -3.1012299e-01  -2.3810099e-01
  -2.3614299e-01  -3.0885299e-01
  -1.4760100e-01  -3.5522899e-01
  -5.3545398e-02  -3.7625099e-01
   3.9411999e-02  -3.7445499e-01
   1.2794700e-01  -3.5284399e-01
   2.1023899e-01  -3.1256499e-01
   2.8318999e-01  -2.5307499e-01
   3.4101199e-01  -1.7459299e-01
   3.7649299e-01  -8.0836598e-02
   3.8416099e-01   2.0207399e-02
   3.6310699e-01   1.1829000e-01
   3.1740199e-01   2.0441799e-01
   2.5381899e-01   2.7349199e-01
   1.7853099e-01   3.2433199e-01
   9.5174197e-02   3.5732599e-01
   5.5467798e-03   3.7169699e-01
  -8.7805697e-02   3.6459499e-01
  -1.7933599e-01   3.3280399e-01
  -2.6054499e-01   2.7577799e-01
  -3.2254999e-01   1.9767099e-01
  -3.5947699e-01   1.0672300e-01
  -3.7031099e-01   1.2302800e-02
  -3.5797899e-01  -7.8353598e-02
  -3.2646899e-01  -1.6149299e-01
  -2.7820799e-01  -2.3553299e-01
  -2.1365299e-01  -2.9834499e-01
  -1.3330500e-01  -3.4545399e-01
  -4.0455599e-02  -3.7071399e-01
   5.7605998e-02  -3.6912499e-01
   1.5107700e-01  -3.3976099e-01
   2.3094599e-01  -2.8664899e-01
   2.9187199e-01  -2.1692599e-01
   3.3271999e-01  -1.3759700e-01
   3.5456899e-01  -5.3196098e-02
   3.5789099e-01   3.4051999e-02
   3.4116499e-01   1.2195600e-01
   3.0201799e-01   2.0593099e-01
   2.4004199e-01   2.7852399e-01
   1.5905999e-01   3.3149899e-01
   6.7019798e-02   3.5911599e-01
  -2.6587699e-02   3.6031399e-01
  -1.1404700e-01   3.3828299e-01
  -1.9120899e-01   2.9783199e-01
  -2.5665699e-01   2.4255799e-01
  -3.0915599e-01   1.7390799e-01
  -3.4552799e-01   9.2711797e-02
  -3.6077099e-01   1.8573499e-03
  -3.5045199e-01  -9.2135197e-02
  -3.1366199e-01  -1.8006999e-01
  -2.5429899e-01  -2.5308199e-01
  -1.7968899e-01  -3.0567499e-01
  -9.7482797e-02  -3.3671699e-01
  -1.3023400e-02  -3.4785099e-01
   7.1029898e-02  -3.4069099e-01
   1.5277900e-01  -3.1500699e-01
   2.2858099e-01  -2.6932199e-01
   2.9209899e-01  -2.0341599e-01
   3.3587399e-01  -1.2076000e-01
   3.5440699e-01  -2.8880299e-02
   3.4659499e-01   6.2800998e-02
   3.1577599e-01   1.4624300e-01
   2.6740799e-01   2.1694199e-01
   2.0613299e-01   2.7359099e-01
   1.3435000e-01   3.1575199e-01
   5.3262698e-02   3.4150599e-01
  -3.4611299e-02   3.4703899e-01
  -1.2356800e-01   3.2857699e-01
  -2.0515499e-01   2.8526799e-01
  -2.7081499e-01   2.2081299e-01
  -3.1498699e-01   1.4256100e-01
  -3.3651099e-01   5.8626498e-02
  -3.3747799e-01  -2.4951799e-02
  -3.2050799e-01  -1.0508200e-01
  -2.8660999e-01  -1.8009999e-01
  -2.3522699e-01  -2.4725899e-01
  -1.6638499e-01  -3.0138199e-01
  -8.3193797e-02  -3.3589699e-01
   7.3485098e-03  -3.4565199e-01
   9.6066297e-02  -3.2951599e-01
   1.7474899e-01  -2.9087199e-01
   2.3859799e-01  -2.3566299e-01
   2.8636299e-01  -1.6942399e-01
   3.1830099e-01  -9.5458497e-02
   3.3368899e-01  -1.5371099e-02
   3.2991899e-01   6.8645798e-02
   3.0395199e-01   1.5172799e-01
   2.5503899e-01   2.2627399e-01
   1.8663699e-01   2.8418899e-01
   1.0596500e-01   3.1994199e-01
   2.1421199e-02   3.3233099e-01
  -6.0388198e-02   3.2377499e-01
  -1.3595600e-01   2.9776299e-01
  -2.0378899e-01   2.5646099e-01
  -2.6198299e-01   2.0023799e-01
  -3.0652999e-01   1.2941500e-01
  -3.3183299e-01   4.6753798e-02
  -3.3318699e-01  -4.1362999e-02
  -3.0945899e-01  -1.2616600e-01
  -2.6399299e-01  -1.9943199e-01
  -2.0304499e-01  -2.5613799e-01
  -1.3289600e-01  -2.9504799e-01
  -5.7675498e-02  -3.1700799e-01
   2.0590199e-02  -3.2240299e-01
   9.9985097e-02  -3.0982899e-01
   1.7648299e-01  -2.7703699e-01
   2.4342299e-01  -2.2343599e-01
   2.9330299e-01  -1.5220199e-01
   3.2072299e-01  -7.0295098e-02
   3.2443999e-01   1.3785300e-02
   3.0708799e-01   9.2996797e-02
   2.7287999e-01   1.6345099e-01
   2.2503399e-01   2.2376899e-01
   1.6483699e-01   2.7281399e-01
   9.2946797e-02   3.0773699e-01
   1.1797900e-02   3.2397899e-01
  -7.2903297e-02   3.1737399e-01
  -1.5293499e-01   2.8682299e-01
  -2.2021499e-01   2.3555499e-01
  -2.6957599e-01   1.6998899e-01
  -2.9976399e-01   9.6981897e-02
  -3.1210599e-01   2.1404499e-02
  -3.0799399e-01  -5.4291398e-02
  -2.8719699e-01  -1.2841200e-01
  -2.4829699e-01  -1.9774899e-01
  -1.9090899e-01  -2.5664199e-01
  -1.1791700e-01  -2.9829899e-01
  -3.5906499e-02  -3.1755499e-01
   4.6691898e-02  -3.1312899e-01
   1.2254100e-01  -2.8777599e-01
   1.8741699e-01  -2.4627899e-01
   2.4000499e-01  -1.9279399e-01
   2.7985399e-01  -1.2948800e-01
   3.0523299e-01  -5.7392798e-02
   3.1266399e-01   2.1351499e-02
   2.9859899e-01   1.0175300e-01
   2.6201499e-01   1.7625899e-01
   2.0597199e-01   2.3707499e-01
   1.3690400e-01   2.7897499e-01
   6.2079998e-02   3.0066899e-01
  -1.2994000e-02   3.0385699e-01
  -8.5447097e-02   2.9082499e-01
  -1.5375499e-01   2.6245699e-01
  -2.1548799e-01   2.1819099e-01
  -2.6601899e-01   1.5789899e-01
  -2.9936799e-01   8.4169497e-02
  -3.1069899e-01   3.1195299e-03
  -2.9871599e-01  -7.7045097e-02
  -2.6620699e-01  -1.4883799e-01
  -2.1837699e-01  -2.0775799e-01
  -1.6018299e-01  -2.5250999e-01
  -9.4624897e-02  -2.8324099e-01
  -2.3132399e-02  -2.9927699e-01
   5.2409398e-02  -2.9823799e-01
   1.2774100e-01  -2.7726199e-01
   1.9607399e-01  -2.3544699e-01
   2.5003999e-01  -1.7564599e-01
   2.8444599e-01  -1.0417500e-01
   2.9795599e-01  -2.8549699e-02
   2.9254599e-01   4.5204498e-02
   2.7126599e-01   1.1381800e-01
   2.3604099e-01   1.7588499e-01
   1.8717099e-01   2.2969999e-01
   1.2482900e-01   2.7167999e-01
   5.1317998e-02   2.9673399e-01
  -2.7783499e-02   3.0044799e-01
  -1.0463900e-01   2.8153899e-01
  -1.7175699e-01   2.4275499e-01
  -2.2442399e-01   1.8957599e-01
  -2.6133799e-01   1.2762100e-01
  -2.8314299e-01   6.0651298e-02
  -2.9015099e-01  -9.4904097e-03
  -2.8106999e-01  -8.1129397e-02
  -2.5377399e-01  -1.5073499e-01
  -2.0753299e-01  -2.1236199e-01
  -1.4496699e-01  -2.5918399e-01
  -7.2158997e-02  -2.8614099e-01
   3.2894699e-03  -2.9185199e-01
   7.4957897e-02  -2.7847399e-01
   1.3921299e-01  -2.4969099e-01
   1.9471699e-01  -2.0837599e-01
   2.4042699e-01  -1.5567399e-01
   2.7378799e-01  -9.2098997e-02
   2.9065499e-01  -1.9692899e-02
   2.8712199e-01   5.6558898e-02
   2.6195099e-01   1.2931400e-01
   2.1779299e-01   1.9121499e-01
   1.6026399e-01   2.3741699e-01
   9.5499496e-02   2.6658199e-01
   2.7935899e-02   2.7976199e-01
  -4.0169298e-02   2.7815899e-01
  -1.0730500e-01   2.6153799e-01
  -1.7064799e-01   2.2854899e-01
  -2.2514699e-01   1.7867999e-01
  -2.6462799e-01   1.1430700e-01
  -2.8425299e-01   4.1182298e-02
  -2.8261199e-01  -3.3158999e-02
  -2.6195799e-01  -1.0203200e-01
  -2.2647499e-01  -1.6148499e-01
  -1.7987599e-01  -2.1020899e-01
  -1.2411800e-01  -2.4774799e-01
  -6.0087098e-02  -2.7253899e-01
   1.0406700e-02  -2.8141799e-01
   8.3001797e-02  -2.7105899e-01
   1.5095699e-01  -2.4031399e-01
   2.0718199e-01  -1.9169199e-01
   2.4678199e-01  -1.3081300e-01
   2.6837299e-01  -6.4180198e-02
   2.7332199e-01   3.1905699e-03
   2.6361499e-01   6.8638197e-02
   2.4002699e-01   1.3076799e-01
   2.0199999e-01   1.8742999e-01
   1.4928499e-01   2.3449499e-01
   8.4018697e-02   2.6652899e-01
   1.1539900e-02   2.7900699e-01
  -6.0822498e-02   2.7051199e-01
  -1.2625200e-01   2.4332299e-01
  -1.8053499e-01   2.0198599e-01
  -2.2235899e-01   1.5093799e-01
  -2.5177199e-01   9.2897696e-02
  -2.6815199e-01   2.9141199e-02
  -2.6932899e-01  -3.8714798e-02
  -2.5261599e-01  -1.0694600e-01
  -2.1699999e-01  -1.6949799e-01
  -1.6481299e-01  -2.1967199e-01
  -1.0157100e-01  -2.5260799e-01
  -3.3991399e-02  -2.6687499e-01
   3.2436699e-02  -2.6406799e-01
   9.4671696e-02  -2.4684699e-01
   1.5139099e-01  -2.1692199e-01
   2.0107099e-01  -1.7453199e-01
   2.4050799e-01  -1.1973200e-01
   2.6507899e-01  -5.4430998e-02
   2.7065899e-01   1.6506499e-02
   2.5585199e-01   8.6085597e-02
   2.2289999e-01   1.4748899e-01
   1.7658799e-01   1.9630999e-01
   1.2194200e-01   2.3120299e-01
   6.2379598e-02   2.5264199e-01
  -4.2154798e-04   2.6087399e-01
  -6.4999497e-02   2.5471199e-01
  -1.2826199e-01   2.3215799e-01
  -1.8490999e-01   1.9237599e-01
  -2.2873999e-01   1.3750899e-01
  -2.5502299e-01   7.2861897e-02
  -2.6228299e-01   5.2263998e-03
  -2.5226599e-01  -5.9552398e-02
  -2.2818399e-01  -1.1808700e-01
  -1.9260299e-01  -1.6908699e-01
  -1.4653899e-01  -2.1159499e-01
  -9.0386396e-02  -2.4332199e-01
  -2.5848099e-02  -2.6050299e-01
   4.2728798e-02  -2.5948899e-01
   1.0879500e-01  -2.3894399e-01
   1.6566199e-01  -2.0102299e-01
   2.0879899e-01  -1.5062699e-01
   2.3681399e-01  -9.3240896e-02
   2.5052699e-01  -3.2900499e-02
   2.5096599e-01   2.8317599e-02
   2.3790199e-01   8.9064296e-02
   2.1005299e-01   1.4685999e-01
   1.6681099e-01   1.9720199e-01
   1.1011700e-01   2.3448399e-01
   4.4985398e-02   2.5418899e-01
  -2.1857799e-02   2.5481699e-01
  -8.4329497e-02   2.3819099e-01
  -1.3874199e-01   2.0795899e-01
  -1.8380499e-01   1.6743999e-01
  -2.1905999e-01   1.1839900e-01
  -2.4309899e-01   6.1591997e-02
  -2.5304699e-01  -1.4532599e-03
  -2.4579599e-01  -6.6933397e-02
  -2.2010999e-01  -1.2883999e-01
  -1.7802399e-01  -1.8072999e-01
  -1.2443899e-01  -2.1803199e-01
  -6.5163897e-02  -2.3930099e-01
  -4.7637298e-03  -2.4561799e-01
   5.4298898e-02  -2.3870499e-01
   1.1074800e-01  -2.1923899e-01
   1.6268399e-01  -1.8667299e-01
   2.0642299e-01  -1.4066299e-01
   2.3703599e-01  -8.2959897e-02
   2.5030199e-01  -1.8212399e-02
   2.4471999e-01   4.7040998e-02
   2.2213199e-01   1.0660200e-01
   1.8650099e-01   1.5653799e-01
   1.4179199e-01   1.9553199e-01
   9.0468296e-02   2.2355499e-01
   3.3667999e-02   2.4002999e-01
  -2.7225199e-02   2.4298099e-01
  -8.8960796e-02   2.2989599e-01
  -1.4614599e-01   1.9968199e-01
  -1.9269699e-01   1.5422799e-01
  -2.2407999e-01   9.8337496e-02
  -2.3879999e-01   3.8009998e-02
  -2.3812899e-01  -2.1762199e-02
  -2.2437799e-01  -7.8153997e-02
  -1.9906599e-01  -1.2992499e-01
  -1.6237999e-01  -1.7571099e-01
