   3.9216200e+00   2.8886500e-07
   3.7485900e+00   1.0414600e+00
   3.2896800e+00   1.9548200e+00
   2.6352800e+00   2.6677100e+00
   1.8763200e+00   3.1721400e+00
   1.0631000e+00   3.4962000e+00
   2.0268400e-01   3.6568800e+00
  -7.0577400e-01   3.6313200e+00
  -1.6272700e+00   3.3693300e+00
  -2.4748100e+00   2.8376200e+00
  -3.1358600e+00   2.0618000e+00
  -3.5238200e+00   1.1331800e+00
  -3.6178100e+00   1.7332100e-01
  -3.4621500e+00  -7.1885400e-01
  -3.1272600e+00  -1.5001800e+00
  -2.6616400e+00  -2.1743800e+00
  -2.0709900e+00  -2.7507500e+00
  -1.3388000e+00  -3.2043200e+00
  -4.7103500e-01  -3.4697300e+00
   4.7123300e-01  -3.4747800e+00
   1.3784500e+00  -3.1892500e+00
   2.1360200e+00  -2.6521300e+00
   2.6742300e+00  -1.9562800e+00
   2.9892800e+00  -1.2012000e+00
   3.1216500e+00  -4.4785600e-01
   3.1097200e+00   2.9223600e-01
   2.9547100e+00   1.0281300e+00
   2.6236300e+00   1.7451800e+00
   2.0873500e+00   2.3813800e+00
   1.3639000e+00   2.8445500e+00
   5.3267000e-01   3.0588900e+00
  -2.9331800e-01   3.0072400e+00
  -1.0180500e+00   2.7377500e+00
  -1.6002300e+00   2.3303300e+00
  -2.0518900e+00   1.8477900e+00
  -2.4011500e+00   1.3078800e+00
  -2.6491400e+00   6.9554700e-01
  -2.7550400e+00   4.3104200e-03
  -2.6610800e+00  -7.2678200e-01
  -2.3387200e+00  -1.4108100e+00
  -1.8205800e+00  -1.9489700e+00
  -1.1930700e+00  -2.2796100e+00
  -5.5404000e-01  -2.4046300e+00
   3.4162600e-02  -2.3747000e+00
   5.6267400e-01  -2.2451200e+00
   1.0536300e+00  -2.0359800e+00
   1.5163100e+00  -1.7263000e+00
   1.9168600e+00  -1.2856500e+00
   2.1859200e+00  -7.1783300e-01
   2.2592100e+00  -8.2134600e-02
   2.1209900e+00   5.2578900e-01
   1.8174300e+00   1.0204800e+00
   1.4296900e+00   1.3672700e+00
   1.0261700e+00   1.5876400e+00
   6.2908400e-01   1.7268400e+00
   2.1911000e-01   1.8090600e+00
  -2.2715300e-01   1.8147000e+00
  -6.9687600e-01   1.6968500e+00
  -1.1299100e+00   1.4239700e+00
  -1.4465500e+00   1.0157600e+00
  -1.5940800e+00   5.4393400e-01
  -1.5776500e+00   9.6253600e-02
  -1.4524700e+00  -2.7030000e-01
  -1.2834400e+00  -5.5321700e-01
  -1.1023100e+00  -7.8844600e-01
  -8.9426200e-01  -1.0080600e+00
  -6.2279800e-01  -1.2046300e+00
  -2.7307000e-01  -1.3297000e+00
   1.2052400e-01  -1.3278400e+00
   4.8443300e-01  -1.1801700e+00
   7.4710800e-01  -9.2415200e-01
   8.8094000e-01  -6.3403900e-01
   9.1398400e-01  -3.7610200e-01
   9.0313000e-01  -1.7150800e-01
   8.8928300e-01   6.0855800e-03
   8.6835400e-01   1.9754600e-01
   7.9957100e-01   4.1582800e-01
   6.4408800e-01   6.2695500e-01
   4.0385800e-01   7.6923900e-01
   1.3052000e-01   7.9638800e-01
  -1.0319100e-01   7.1186400e-01
  -2.4858700e-01   5.6834700e-01
  -3.0925700e-01   4.3242600e-01
  -3.3162400e-01   3.4074500e-01
  -3.6545700e-01   2.8012300e-01
  -4.2441400e-01   2.0588700e-01
  -4.7640900e-01   8.3714900e-02
  -4.7070500e-01  -7.7347900e-02
  -3.8074900e-01  -2.2616700e-01
  -2.2975200e-01  -3.0437500e-01
  -7.9147500e-02  -2.8853900e-01
   1.1833300e-02  -2.0773300e-01
   2.5388500e-02  -1.2314700e-01
  -6.0212500e-03  -8.4940800e-02
  -2.7462500e-02  -9.8613000e-02
  -4.6198300e-03  -1.2577800e-01
   5.0474900e-02  -1.1812900e-01
   9.0352800e-02  -5.8305000e-02
   7.1028200e-02   2.3690200e-02
  -1.0962300e-02   7.1177600e-02
  -1.1185100e-01   4.3030100e-02
  -1.6971700e-01  -5.4516300e-02
  -1.4771700e-01  -1.7059500e-01
  -5.9143100e-02  -2.4504800e-01
   4.4270900e-02  -2.4991000e-01
   1.1165000e-01  -2.0607100e-01
   1.3003800e-01  -1.6306800e-01
   1.3129200e-01  -1.5786400e-01
   1.6393700e-01  -1.8425100e-01
   2.5170900e-01  -1.9630600e-01
   3.7060600e-01  -1.4338700e-01
   4.6222900e-01  -1.0172200e-02
   4.7367900e-01   1.6861100e-01
   3.9421700e-01   3.3006300e-01
   2.6133100e-01   4.2526000e-01
   1.3198200e-01   4.5019200e-01
   4.0986100e-02   4.4263700e-01
  -2.1990300e-02   4.4794700e-01
  -9.9663700e-02   4.8022500e-01
  -2.2869200e-01   5.0868200e-01
  -4.0513100e-01   4.7973200e-01
  -5.8042300e-01   3.5821300e-01
  -6.9140000e-01   1.5653000e-01
  -7.0207400e-01  -7.0388900e-02
  -6.2608400e-01  -2.6067000e-01
  -5.1330000e-01  -3.8502700e-01
  -4.1112300e-01  -4.6084900e-01
  -3.2995700e-01  -5.3085700e-01
  -2.3893500e-01  -6.2317800e-01
  -9.4832600e-02  -7.2367100e-01
   1.1813000e-01  -7.8189500e-01
   3.6820300e-01  -7.4651800e-01
   5.9144200e-01  -6.0355500e-01
   7.3138000e-01  -3.8862600e-01
   7.7360000e-01  -1.6395900e-01
   7.4969600e-01   2.2583800e-02
   7.0822000e-01   1.6584700e-01
   6.7510500e-01   2.9819700e-01
   6.3373700e-01   4.5547800e-01
   5.3977400e-01   6.4059000e-01
   3.5927000e-01   8.1289400e-01
   1.0093100e-01   9.1199900e-01
  -1.8231000e-01   8.9833300e-01
  -4.2405100e-01   7.8017500e-01
  -5.8480400e-01   6.0695300e-01
  -6.7211800e-01   4.3403800e-01
  -7.2596300e-01   2.8559800e-01
  -7.8114900e-01   1.4330100e-01
  -8.3578100e-01  -3.1147700e-02
  -8.4994400e-01  -2.5734900e-01
  -7.7574100e-01  -5.1138000e-01
  -5.9587500e-01  -7.3421000e-01
  -3.4144600e-01  -8.6756900e-01
  -7.5221600e-02  -8.9066400e-01
   1.4731900e-01  -8.3049000e-01
   3.1024200e-01  -7.3837500e-01
   4.3900300e-01  -6.5078900e-01
   5.7126900e-01  -5.6411900e-01
   7.1953600e-01  -4.4226700e-01
   8.5443900e-01  -2.5089600e-01
   9.2178800e-01   8.1371500e-03
   8.8068700e-01   2.8877000e-01
   7.3404100e-01   5.2578100e-01
   5.2839600e-01   6.7451300e-01
   3.2317700e-01   7.3585200e-01
   1.5233400e-01   7.4818800e-01
   6.9672900e-03   7.5301900e-01
  -1.4857400e-01   7.6061000e-01
  -3.4002800e-01   7.4185400e-01
  -5.5441900e-01   6.5239500e-01
  -7.4151000e-01   4.7052000e-01
  -8.4484900e-01   2.1979400e-01
  -8.3931600e-01  -4.1065900e-02
  -7.4705600e-01  -2.5387600e-01
  -6.1999300e-01  -3.9576200e-01
  -5.0224700e-01  -4.8735800e-01
  -4.0078000e-01  -5.6891100e-01
  -2.8612800e-01  -6.6298000e-01
  -1.2215400e-01  -7.5240100e-01
   9.8280700e-02  -7.9044600e-01
   3.3930000e-01  -7.3552600e-01
   5.4074900e-01  -5.8414600e-01
   6.5598900e-01  -3.7703700e-01
   6.8060000e-01  -1.7364300e-01
   6.5072600e-01  -1.3941400e-02
   6.1270100e-01   1.0396000e-01
   5.8714000e-01   2.1411200e-01
   5.5469600e-01   3.4886900e-01
   4.7403300e-01   5.0710700e-01
   3.1807200e-01   6.4898300e-01
   1.0068400e-01   7.2151600e-01
  -1.2677000e-01   6.9580200e-01
  -3.0683800e-01   5.8784000e-01
  -4.1198000e-01   4.4728600e-01
  -4.5843500e-01   3.2262400e-01
  -4.8796500e-01   2.2892100e-01
  -5.3173400e-01   1.4222200e-01
  -5.8394600e-01   2.4320800e-02
  -6.0527700e-01  -1.4136200e-01
  -5.5344700e-01  -3.3041800e-01
  -4.1761400e-01  -4.8964900e-01
  -2.3038300e-01  -5.7189400e-01
  -4.8114700e-02  -5.6741800e-01
   8.5838000e-02  -5.0837800e-01
   1.6752900e-01  -4.4321200e-01
   2.2894000e-01  -4.0043500e-01
   3.0776800e-01  -3.6917500e-01
   4.1376500e-01  -3.1093400e-01
   5.1741100e-01  -1.9331800e-01
   5.6963500e-01  -1.9848100e-02
   5.3771300e-01   1.6705800e-01
   4.3019200e-01   3.1247300e-01
   2.9195800e-01   3.8505300e-01
   1.7313300e-01   3.9585800e-01
   9.5170000e-02   3.8601000e-01
   3.9491700e-02   3.9283000e-01
  -3.3117000e-02   4.2027500e-01
  -1.4748400e-01   4.3604500e-01
  -2.9025600e-01   3.9743800e-01
  -4.1561400e-01   2.8617900e-01
  -4.7634300e-01   1.2567700e-01
  -4.5690600e-01  -3.2545800e-02
  -3.8363600e-01  -1.4318000e-01
  -3.0447100e-01  -1.9650600e-01
  -2.5363800e-01  -2.2093500e-01
  -2.2792200e-01  -2.5717000e-01
  -1.9228100e-01  -3.2386900e-01
  -1.1023700e-01  -4.0099800e-01
   2.4263100e-02  -4.4354800e-01
   1.7790400e-01  -4.1521900e-01
   2.9893600e-01  -3.1653200e-01
   3.5235600e-01  -1.8607000e-01
   3.4291000e-01  -7.3842100e-02
   3.0878800e-01  -6.8230600e-03
   2.9098400e-01   2.7487900e-02
   3.0167500e-01   6.7366800e-02
   3.1552300e-01   1.4374000e-01
   2.9037000e-01   2.5299700e-01
   2.0147300e-01   3.5651200e-01
   6.3182200e-02   4.0734900e-01
  -7.8482500e-02   3.8402300e-01
  -1.7688900e-01   3.0585400e-01
  -2.1617200e-01   2.1841000e-01
  -2.1944900e-01   1.6009200e-01
  -2.2796200e-01   1.3511600e-01
  -2.6719300e-01   1.1315200e-01
  -3.2579100e-01   5.5631500e-02
  -3.6328200e-01  -5.1462900e-02
  -3.4071500e-01  -1.8336900e-01
  -2.5097400e-01  -2.9180900e-01
  -1.2578200e-01  -3.3834000e-01
  -1.4051600e-02  -3.2070500e-01
   5.2117700e-02  -2.7245500e-01
   7.8245000e-02  -2.3632300e-01
   9.9604600e-02  -2.3162500e-01
   1.5095300e-01  -2.4037100e-01
   2.3702900e-01  -2.2247400e-01
   3.2632500e-01  -1.4836900e-01
   3.7294500e-01  -2.4179200e-02
   3.5005000e-01   1.0976600e-01
   2.6964900e-01   2.0605800e-01
   1.7384200e-01   2.4261200e-01
   1.0418300e-01   2.3605800e-01
   7.2318400e-02   2.2624100e-01
   5.3963700e-02   2.4383600e-01
   1.0518900e-02   2.8574100e-01
  -7.8301000e-02   3.1692300e-01
  -1.9575100e-01   2.9727600e-01
  -2.9758100e-01   2.1308500e-01
  -3.4271900e-01   8.9213000e-02
  -3.2202900e-01  -2.7261600e-02
  -2.6355400e-01  -9.9663000e-02
  -2.1044400e-01  -1.2607700e-01
  -1.8840700e-01  -1.3727500e-01
  -1.8730000e-01  -1.7006800e-01
  -1.7068100e-01  -2.3654600e-01
  -1.0589300e-01  -3.1263700e-01
   8.2933200e-03  -3.5474800e-01
   1.3755900e-01  -3.3192400e-01
   2.3470200e-01  -2.4920100e-01
   2.7208500e-01  -1.4454100e-01
   2.5951200e-01  -6.1678700e-02
   2.3426300e-01  -1.9384900e-02
   2.3106300e-01  -2.3628800e-04
   2.5486500e-01   3.2864200e-02
   2.7708900e-01   1.0521000e-01
   2.5808000e-01   2.0792500e-01
   1.7868100e-01   3.0180600e-01
   5.6905000e-02   3.4458600e-01
  -6.2994800e-02   3.2108200e-01
  -1.4090300e-01   2.5355500e-01
  -1.6784200e-01   1.8456100e-01
  -1.6941400e-01   1.4536600e-01
  -1.8337000e-01   1.3380000e-01
  -2.2854100e-01   1.1815900e-01
  -2.8881600e-01   6.3985000e-02
  -3.2435000e-01  -3.6791600e-02
  -3.0150200e-01  -1.5658800e-01
  -2.1883100e-01  -2.4995000e-01
  -1.0945500e-01  -2.8505600e-01
  -1.7955200e-02  -2.6527700e-01
   3.0756100e-02  -2.2467900e-01
   4.7238900e-02  -2.0106500e-01
   6.6291500e-02  -2.0708300e-01
   1.1747300e-01  -2.2125200e-01
   1.9993700e-01  -2.0559100e-01
   2.8077000e-01  -1.3634400e-01
   3.1818900e-01  -2.4372900e-02
   2.9206400e-01   9.0318800e-02
   2.1876100e-01   1.6593200e-01
   1.3910800e-01   1.8752900e-01
   8.8644500e-02   1.7553700e-01
   7.2600700e-02   1.6790700e-01
   6.4375000e-02   1.8964600e-01
   2.8420400e-02   2.3291000e-01
  -5.0030600e-02   2.6271900e-01
  -1.5109400e-01   2.4391800e-01
  -2.3284100e-01   1.6886400e-01
  -2.6093400e-01   6.4828400e-02
  -2.3296900e-01  -2.4560900e-02
  -1.7922600e-01  -6.9880200e-02
  -1.3938600e-01  -7.5508100e-02
  -1.3289300e-01  -7.3657300e-02
  -1.4534400e-01  -9.7607800e-02
  -1.4105500e-01  -1.5459600e-01
  -9.2100000e-02  -2.1898400e-01
  -1.6545400e-03  -2.5088500e-01
   9.6143600e-02  -2.2613600e-01
   1.5981100e-01  -1.5489600e-01
   1.6983800e-01  -7.4805000e-02
   1.4165300e-01  -2.3867900e-02
   1.1259700e-01  -1.3504400e-02
   1.1289700e-01  -2.2008100e-02
   1.4266700e-01  -1.3143500e-02
   1.7229800e-01   3.4409200e-02
   1.6581000e-01   1.0919500e-01
   1.0935500e-01   1.7429300e-01
   2.3198700e-02   1.9428200e-01
  -5.1968600e-02   1.6144900e-01
  -8.4078500e-02   1.0146400e-01
  -7.2221300e-02   5.4250400e-02
  -4.5761400e-02   4.4558000e-02
  -4.0873200e-02   6.4426000e-02
  -7.2374300e-02   8.0661300e-02
  -1.2220500e-01   6.1484600e-02
  -1.5321200e-01   2.0199100e-03
  -1.3771200e-01  -7.0750900e-02
  -7.9126500e-02  -1.1734500e-01
  -1.0277500e-02  -1.1480700e-01
   3.0385300e-02  -7.3475700e-02
   2.6687900e-02  -2.8869900e-02
  -4.2526100e-03  -1.4893000e-02
  -2.6086800e-02  -3.8638900e-02
  -1.1585600e-02  -7.5786400e-02
   3.6244400e-02  -8.9921600e-02
   8.6252900e-02  -6.1024100e-02
   1.0278800e-01  -1.4615600e-03
   7.2925000e-02   5.2638000e-02
   1.6631100e-02   6.8102200e-02
  -2.7817100e-02   3.9309900e-02
  -3.2138300e-02  -7.8971400e-03
   1.3032000e-03  -3.5873400e-02
   4.2021200e-02  -2.3479400e-02
   5.5065300e-02   1.8355100e-02
   2.7813900e-02   5.5491100e-02
  -2.0389400e-02   5.7025800e-02
  -5.2997300e-02   1.9210200e-02
  -4.4162000e-02  -3.1300800e-02
   1.3875700e-03  -5.7310800e-02
   5.1548000e-02  -3.9006000e-02
   7.0683700e-02   1.1174400e-02
   4.6078100e-02   5.7920300e-02
  -2.9578600e-03   6.9529700e-02
  -4.0101300e-02   4.1441400e-02
  -3.9691500e-02  -9.1677300e-04
  -6.0767500e-03  -2.1998400e-02
   2.9972700e-02  -3.5727800e-03
   3.4984600e-02   4.1100400e-02
  -1.3914500e-03   7.7082400e-02
  -5.8034800e-02   7.4096700e-02
  -9.7793600e-02   2.9453400e-02
  -9.5024800e-02  -2.9762400e-02
  -5.4432600e-02  -6.6841200e-02
  -7.0407600e-03  -6.2666800e-02
   1.3543500e-02  -2.9444300e-02
  -3.4604000e-03  -6.5970100e-04
  -3.8145900e-02  -4.9985500e-03
  -5.5485800e-02  -4.4058400e-02
  -3.2450300e-02  -9.0749900e-02
   2.3908900e-02  -1.0957700e-01
   8.1112200e-02  -8.3420600e-02
   1.0511800e-01  -2.6572000e-02
   8.5361500e-02   2.5813800e-02
   4.2088700e-02   4.3813600e-02
   1.0550700e-02   2.4650900e-02
   1.4111900e-02  -6.0722300e-03
   4.6660700e-02  -1.4627600e-02
   7.7588200e-02   1.4551000e-02
   7.5477700e-02   6.6502300e-02
   3.2494500e-02   1.0665600e-01
  -2.9023100e-02   1.0674600e-01
  -7.2762500e-02   6.6101100e-02
  -7.5174500e-02   1.2230900e-02
  -4.2564800e-02  -1.9687800e-02
  -5.7045500e-03  -1.2885500e-02
   3.8516900e-03   1.9046500e-02
  -2.2249600e-02   4.3253600e-02
  -6.3015000e-02   3.3237100e-02
  -8.4373700e-02  -1.0488800e-02
  -6.5455900e-02  -6.0363200e-02
  -1.4929500e-02  -8.2374200e-02
   3.4988800e-02  -6.1675500e-02
   5.2316700e-02  -1.3844900e-02
   2.8912800e-02   2.6695000e-02
  -1.3882200e-02   3.2302900e-02
  -4.1732500e-02   2.4217900e-03
  -3.3358700e-02  -3.6710300e-02
   3.5815500e-03  -5.2589200e-02
   3.8743300e-02  -3.1556500e-02
   4.2642100e-02   1.0570300e-02
   9.5843300e-03   4.0389400e-02
  -3.7425000e-02   3.2297000e-02
  -6.3530900e-02  -1.1868700e-02
  -4.7902100e-02  -6.3774900e-02
   8.9050200e-04  -8.9394900e-02
   5.1530800e-02  -7.3937800e-02
   7.3513100e-02  -3.2124600e-02
   5.9724900e-02   3.8218400e-03
   3.1007000e-02   9.2312100e-03
   1.9345800e-02  -1.3985300e-02
   4.2551500e-02  -3.8767900e-02
   8.9687800e-02  -3.3700500e-02
   1.2834600e-01   1.2605400e-02
   1.2830400e-01   8.2000900e-02
   8.3743200e-02   1.3936100e-01
   1.7310000e-02   1.5773400e-01
  -3.6921700e-02   1.3713300e-01
  -5.8608800e-02   1.0291200e-01
  -5.5379500e-02   8.5160100e-02
  -5.5469700e-02   9.4877600e-02
  -8.4479800e-02   1.1509400e-01
  -1.4399800e-01   1.1368000e-01
  -2.0839900e-01   6.8159600e-02
  -2.4234600e-01  -1.6256500e-02
  -2.2587200e-01  -1.0906900e-01
  -1.6820600e-01  -1.7552200e-01
  -1.0007400e-01  -2.0042900e-01
  -5.0442100e-02  -1.9695100e-01
  -2.5416200e-02  -1.9390500e-01
  -5.2148600e-03  -2.1149700e-01
   3.8593500e-02  -2.4405500e-01
   1.1881200e-01  -2.6298500e-01
   2.1984300e-01  -2.3780600e-01
   3.0625000e-01  -1.5940700e-01
   3.4635700e-01  -4.7978500e-02
   3.3323500e-01   6.0352500e-02
   2.8747000e-01   1.3810000e-01
   2.3987200e-01   1.8374400e-01
   2.0745000e-01   2.1894700e-01
   1.8093900e-01   2.6807200e-01
   1.3331200e-01   3.3584900e-01
   4.2740900e-02   4.0035700e-01
  -8.7527800e-02   4.2687000e-01
  -2.2758700e-01   3.9226800e-01
  -3.3897800e-01   3.0171300e-01
  -3.9904200e-01   1.8512600e-01
  -4.1342000e-01   7.6208900e-02
  -4.0761800e-01  -1.0115200e-02
  -4.0440200e-01  -8.4942200e-02
  -4.0443200e-01  -1.7210700e-01
  -3.8496500e-01  -2.8479800e-01
  -3.1768900e-01  -4.1012400e-01
  -1.9214800e-01  -5.1367200e-01
  -2.6965200e-02  -5.6091700e-01
   1.3976300e-01  -5.3960400e-01
   2.7385700e-01  -4.6647900e-01
   3.6482700e-01  -3.7354600e-01
   4.2751100e-01  -2.8444600e-01
   4.8481100e-01  -1.9885300e-01
   5.4506800e-01  -9.6579900e-02
   5.9160500e-01   4.1990700e-02
   5.9261600e-01   2.1495000e-01
   5.2412800e-01   3.9362200e-01
   3.8874900e-01   5.3739300e-01
   2.1606500e-01   6.1782000e-01
   4.4333300e-02   6.3421700e-01
  -1.0287100e-01   6.0940000e-01
  -2.2770700e-01   5.6923000e-01
  -3.4894900e-01   5.2173100e-01
  -4.8012400e-01   4.5171600e-01
  -6.1201700e-01   3.3495900e-01
  -7.1324600e-01   1.6099200e-01
  -7.4889400e-01  -5.2974100e-02
  -7.0343900e-01  -2.6788800e-01
  -5.9090600e-01  -4.4444400e-01
  -4.4476800e-01  -5.6456500e-01
  -2.9529300e-01  -6.3711500e-01
  -1.5137700e-01  -6.8409500e-01
  -3.0487500e-04  -7.1834100e-01
   1.7483700e-01  -7.3000900e-01
   3.7381700e-01  -6.9235300e-01
   5.7069400e-01  -5.8250900e-01
   7.2506900e-01  -4.0155500e-01
   8.0515800e-01  -1.7850800e-01
   8.0572500e-01   4.4976000e-02
   7.4778700e-01   2.3802500e-01
   6.6066200e-01   3.9486400e-01
   5.6017900e-01   5.2983300e-01
   4.3953600e-01   6.5755400e-01
   2.7952900e-01   7.7390300e-01
   7.0050300e-02   8.5271900e-01
  -1.7388000e-01   8.6115300e-01
  -4.1419600e-01   7.8231500e-01
  -6.0898100e-01   6.2825500e-01
  -7.3484200e-01   4.3350700e-01
  -7.9618600e-01   2.3396800e-01
  -8.1497900e-01   4.6830600e-02
  -8.0928400e-01  -1.3373300e-01
  -7.7717200e-01  -3.2248600e-01
  -6.9834200e-01  -5.2197500e-01
  -5.5218100e-01  -7.1100900e-01
  -3.3840700e-01  -8.5208900e-01
  -8.4339300e-02  -9.1270200e-01
   1.6710700e-01  -8.8482800e-01
   3.8015700e-01  -7.8826200e-01
   5.4305200e-01  -6.5547900e-01
   6.6702200e-01  -5.0957000e-01
   7.6882800e-01  -3.5178500e-01
   8.5074000e-01  -1.6774800e-01
   8.9358900e-01   5.2879000e-02
   8.6845900e-01   2.9877600e-01
   7.5831900e-01   5.3536800e-01
   5.7323200e-01   7.2108200e-01
   3.4749600e-01   8.2978200e-01
   1.2061500e-01   8.6300200e-01
  -8.3923200e-02   8.4325900e-01
  -2.6660500e-01   7.9391800e-01
  -4.4124700e-01   7.2108200e-01
  -6.1455000e-01   6.1120900e-01
  -7.7200400e-01   4.4606100e-01
  -8.8137700e-01   2.2330300e-01
  -9.1159800e-01  -3.3297500e-02
  -8.5306800e-01  -2.8233100e-01
  -7.2423400e-01  -4.8605200e-01
  -5.5952800e-01  -6.2905800e-01
  -3.8769500e-01  -7.2087800e-01
  -2.1661900e-01  -7.8116300e-01
  -3.5649400e-02  -8.1921900e-01
   1.6696000e-01  -8.2372500e-01
   3.8534900e-01  -7.7059200e-01
   5.9090300e-01  -6.4297000e-01
   7.4514400e-01  -4.4811700e-01
   8.2143100e-01  -2.1806400e-01
   8.1953000e-01   6.8024400e-03
   7.6238300e-01   1.9932500e-01
   6.7779000e-01   3.5660100e-01
   5.7891800e-01   4.9277900e-01
   4.5824300e-01   6.1976200e-01
   2.9917400e-01   7.3098800e-01
   9.6097900e-02   8.0101700e-01
  -1.3287100e-01   8.0151600e-01
  -3.5063300e-01   7.2168800e-01
  -5.2030900e-01   5.7772000e-01
  -6.2493500e-01   4.0400200e-01
  -6.7329000e-01   2.3254000e-01
  -6.8792300e-01   7.5765000e-02
  -6.8482000e-01  -7.4769000e-02
  -6.6027300e-01  -2.3343100e-01
  -5.9489300e-01  -4.0122700e-01
  -4.7154500e-01  -5.5734200e-01
  -2.9334800e-01  -6.6837700e-01
  -8.7742000e-02  -7.0864900e-01
   1.0687500e-01  -6.7646400e-01
   2.6230100e-01  -5.9424500e-01
   3.7400400e-01  -4.9247900e-01
   4.5726900e-01  -3.8955400e-01
   5.2945000e-01  -2.8250600e-01
   5.9217900e-01  -1.5526700e-01
   6.2724600e-01   2.2995800e-03
   6.0937700e-01   1.7949800e-01
   5.2620500e-01   3.4578200e-01
   3.9019600e-01   4.6731400e-01
   2.3330700e-01   5.2694600e-01
   8.8142500e-02   5.3286600e-01
  -3.0515400e-02   5.0963500e-01
  -1.3027200e-01   4.7858700e-01
  -2.2883700e-01   4.4244100e-01
  -3.3466500e-01   3.8564200e-01
  -4.3555800e-01   2.8990200e-01
  -5.0414100e-01   1.5283700e-01
  -5.1621800e-01  -4.7701400e-03
  -4.6819500e-01  -1.4893500e-01
  -3.8040700e-01  -2.5249800e-01
  -2.8375000e-01  -3.1041400e-01
  -1.9958300e-01  -3.3909500e-01
  -1.2783800e-01  -3.6063400e-01
  -5.1964100e-02  -3.8403600e-01
   4.3446400e-02  -3.9777000e-01
   1.5607500e-01  -3.7919000e-01
   2.6321200e-01  -3.1356400e-01
   3.3526600e-01  -2.0807700e-01
   3.5541200e-01  -9.0003800e-02
   3.3062800e-01   9.8386800e-03
   2.8587500e-01   7.6103300e-02
   2.4582800e-01   1.1632700e-01
   2.1790300e-01   1.5146300e-01
   1.8922800e-01   1.9697500e-01
   1.3957100e-01   2.4900700e-01
   6.0133300e-02   2.8615200e-01
  -3.6290900e-02   2.8548400e-01
  -1.2171400e-01   2.4061400e-01
  -1.7125200e-01   1.6801300e-01
  -1.7963900e-01   9.6675600e-02
  -1.6360600e-01   4.8782800e-02
  -1.4843200e-01   2.5783800e-02
  -1.4888400e-01   1.0166300e-02
  -1.5890700e-01  -1.8688400e-02
  -1.5770900e-01  -6.6781400e-02
  -1.2742500e-01  -1.1944800e-01
  -6.8775100e-02  -1.5160800e-01
  -2.6846800e-03  -1.4652600e-01
   4.3512800e-02  -1.0885400e-01
   5.4975400e-02  -6.2003900e-02
   3.9187100e-02  -3.1773100e-02
   1.9406600e-02  -2.8480100e-02
   1.6771100e-02  -4.0948800e-02
   3.4606000e-02  -4.6681600e-02
   5.6731600e-02  -3.0320900e-02
   6.0894100e-02   3.7117800e-03
   3.6981000e-02   3.4025900e-02
  -3.9238800e-03   3.8386400e-02
  -3.6622200e-02   1.0911900e-02
  -3.9760700e-02  -3.2718800e-02
  -1.1177800e-02  -6.6047200e-02
   3.0874000e-02  -7.0530800e-02
   6.1466900e-02  -4.8143200e-02
   6.7269900e-02  -1.8524500e-02
   5.5575600e-02  -3.0313600e-03
   4.7381900e-02  -7.9111600e-03
   5.9938200e-02  -1.9415500e-02
   9.2137300e-02  -1.4556700e-02
   1.2395100e-01   2.0674600e-02
   1.3044700e-01   7.9478900e-02
   9.9879300e-02   1.3782300e-01
   4.2262500e-02   1.7080100e-01
  -1.7957600e-02   1.6953700e-01
  -5.9538200e-02   1.4600700e-01
  -7.9049700e-02   1.2236600e-01
  -9.1514200e-02   1.1303400e-01
  -1.1676900e-01   1.1326000e-01
  -1.6207600e-01   1.0285600e-01
  -2.1433100e-01   6.2278600e-02
  -2.4793000e-01  -1.1158800e-02
  -2.4247700e-01  -9.9285700e-02
  -1.9708500e-01  -1.7439100e-01
  -1.3058100e-01  -2.1742600e-01
  -6.7588800e-02  -2.2951000e-01
  -2.1054200e-02  -2.2828200e-01
   1.5589800e-02  -2.3211300e-01
   6.0847900e-02  -2.4437300e-01
   1.2810500e-01  -2.4979700e-01
   2.1222100e-01  -2.2579600e-01
   2.9013100e-01  -1.6016600e-01
   3.3521200e-01  -6.1786300e-02
   3.3472800e-01   4.3832500e-02
   2.9739500e-01   1.3087000e-01
   2.4553300e-01   1.8920300e-01
   1.9791800e-01   2.2822500e-01
   1.5637900e-01   2.6589900e-01
   1.0624300e-01   3.1163000e-01
   3.0165600e-02   3.5619200e-01
  -7.5320100e-02   3.7654000e-01
  -1.9327100e-01   3.5199400e-01
  -2.9498600e-01   2.7965500e-01
  -3.5754200e-01   1.7744700e-01
  -3.7722700e-01   7.2488000e-02
  -3.6899700e-01  -1.6468900e-02
  -3.5267400e-01  -8.9411600e-02
  -3.3653700e-01  -1.6068100e-01
  -3.1086200e-01  -2.4346400e-01
  -2.5630400e-01  -3.3524500e-01
  -1.6070400e-01  -4.1552600e-01
  -3.1464200e-02  -4.5780000e-01
   1.0604200e-01  -4.4694800e-01
   2.2304200e-01  -3.8908700e-01
   3.0416100e-01  -3.0657600e-01
   3.5407700e-01  -2.2205800e-01
   3.8936100e-01  -1.4359200e-01
   4.2204400e-01  -6.1982700e-02
   4.4763400e-01   3.7904600e-02
   4.4685300e-01   1.6073800e-01
   3.9985900e-01   2.9194800e-01
   3.0223300e-01   4.0356100e-01
   1.7057700e-01   4.7052800e-01
   3.3398600e-02   4.8551600e-01
  -8.5996000e-02   4.6125500e-01
  -1.8193100e-01   4.1895600e-01
  -2.6506400e-01   3.7172300e-01
  -3.4875500e-01   3.1559500e-01
  -4.3381200e-01   2.3491000e-01
  -5.0351200e-01   1.1775800e-01
  -5.3292800e-01  -3.0405700e-02
  -5.0570200e-01  -1.8558300e-01
  -4.2572200e-01  -3.1768600e-01
  -3.1495200e-01  -4.0753700e-01
  -1.9904600e-01  -4.5594000e-01
  -9.1552200e-02  -4.7834700e-01
   1.1596300e-02  -4.8952300e-01
   1.2345600e-01  -4.9007500e-01
   2.5024100e-01  -4.6521200e-01
   3.8067200e-01  -3.9667900e-01
   4.8893200e-01  -2.7879400e-01
   5.4933400e-01  -1.2629500e-01
   5.5190500e-01   3.2121200e-02
   5.0736000e-01   1.6995400e-01
   4.3792100e-01   2.7685900e-01
   3.6104100e-01   3.6026500e-01
   2.7834400e-01   4.3387100e-01
   1.7799400e-01   5.0215400e-01
   4.8428900e-02   5.5294500e-01
  -1.0724900e-01   5.6395700e-01
  -2.6749200e-01   5.1845200e-01
  -4.0236400e-01   4.1828700e-01
  -4.9018600e-01   2.8443600e-01
  -5.2858900e-01   1.4454600e-01
  -5.3196600e-01   1.6722600e-02
  -5.1759100e-01  -9.8463099e-02
  -4.9113800e-01  -2.1211000e-01
  -4.4264500e-01  -3.3214800e-01
  -3.5594300e-01  -4.5118700e-01
  -2.2425700e-01  -5.4665800e-01
  -5.9954100e-02  -5.9344300e-01
   1.0921600e-01  -5.7971900e-01
   2.5487300e-01  -5.1424100e-01
   3.6297300e-01  -4.1968000e-01
   4.3809200e-01  -3.1712000e-01
   4.9424900e-01  -2.1334500e-01
   5.3960700e-01  -1.0032000e-01
   5.6696400e-01   3.3081400e-02
   5.5741900e-01   1.8637100e-01
   4.9452600e-01   3.4130000e-01
   3.7822100e-01   4.6932900e-01
   2.2789100e-01   5.4743600e-01
   7.2101900e-02   5.7066900e-01
  -6.7490800e-02   5.5228400e-01
  -1.8623700e-01   5.1163200e-01
  -2.9337900e-01   4.5913100e-01
  -3.9856100e-01   3.8972400e-01
  -4.9861800e-01   2.8965300e-01
  -5.7502200e-01   1.5120200e-01
  -6.0420200e-01  -1.6052200e-02
  -5.7315900e-01  -1.8632500e-01
  -4.8867500e-01  -3.3060200e-01
  -3.7323100e-01  -4.3208200e-01
  -2.5067800e-01  -4.9283300e-01
  -1.3235400e-01  -5.2705400e-01
  -1.3868900e-02  -5.4639600e-01
   1.1540200e-01  -5.4874900e-01
   2.5772200e-01  -5.1909300e-01
   3.9879000e-01  -4.4179800e-01
   5.1253400e-01  -3.1497100e-01
   5.7563000e-01  -1.5582000e-01
   5.8108800e-01   7.2376200e-03
   5.4089100e-01   1.5007700e-01
   4.7589300e-01   2.6461500e-01
   4.0072500e-01   3.5836200e-01
   3.1506900e-01   4.4259000e-01
   2.0774200e-01   5.1848100e-01
   7.0193400e-02   5.7210400e-01
  -9.1145599e-02   5.8223400e-01
  -2.5338000e-01   5.3526300e-01
  -3.8805300e-01   4.3595500e-01
  -4.7656100e-01   3.0590300e-01
  -5.1882800e-01   1.7074300e-01
  -5.2903100e-01   4.5581500e-02
  -5.2194500e-01  -7.0654400e-02
  -5.0042600e-01  -1.8808100e-01
  -4.5358600e-01  -3.1179300e-01
  -3.6697500e-01  -4.3193500e-01
  -2.3689900e-01  -5.2581100e-01
  -7.7803000e-02  -5.7074200e-01
   8.3143799e-02  -5.5819900e-01
   2.2050500e-01  -4.9870800e-01
   3.2352100e-01  -4.1393900e-01
   3.9816300e-01  -3.2198100e-01
   4.5718400e-01  -2.2684100e-01
   5.0606800e-01  -1.1986600e-01
   5.3579300e-01   8.3130199e-03
   5.2806400e-01   1.5473900e-01
   4.6909900e-01   3.0025700e-01
   3.6152900e-01   4.1810700e-01
   2.2529300e-01   4.8883800e-01
   8.6690599e-02   5.1058800e-01
  -3.6383700e-02   4.9726500e-01
  -1.4219000e-01   4.6621800e-01
  -2.4042900e-01   4.2487600e-01
  -3.3905400e-01   3.6645100e-01
  -4.3299600e-01   2.7782500e-01
  -5.0365400e-01   1.5343100e-01
  -5.2978800e-01   4.3382900e-03
  -5.0173200e-01  -1.4464200e-01
  -4.2828400e-01  -2.6797800e-01
  -3.3109400e-01  -3.5307000e-01
  -2.3073500e-01  -4.0457700e-01
  -1.3484700e-01  -4.3651500e-01
  -3.7040100e-02  -4.5840100e-01
   7.2951000e-02  -4.6615800e-01
   1.9594300e-01  -4.4472100e-01
   3.1725300e-01  -3.8038200e-01
   4.1283800e-01  -2.7341000e-01
   4.6326700e-01  -1.4123800e-01
   4.6519700e-01  -9.6004199e-03
   4.3189000e-01   1.0194900e-01
   3.8251400e-01   1.8951000e-01
   3.2838300e-01   2.6249800e-01
   2.6646000e-01   3.3165800e-01
   1.8488200e-01   3.9681900e-01
   7.6040099e-02   4.4392300e-01
  -5.2973400e-02   4.5371800e-01
  -1.8076200e-01   4.1563500e-01
  -2.8287500e-01   3.3634700e-01
  -3.4569100e-01   2.3649600e-01
  -3.7273000e-01   1.3796000e-01
  -3.7889500e-01   5.1096800e-02
  -3.7720800e-01  -2.8653700e-02
  -3.6821700e-01  -1.1257700e-01
  -3.4008100e-01  -2.0544100e-01
  -2.7918700e-01  -2.9755400e-01
  -1.8311200e-01  -3.6837400e-01
  -6.5903300e-02  -3.9916100e-01
   4.8518300e-02  -3.8523600e-01
   1.4011200e-01  -3.3868200e-01
   2.0348500e-01  -2.7950800e-01
   2.4784600e-01  -2.2193300e-01
   2.8646600e-01  -1.6606000e-01
   3.2387200e-01  -1.0102300e-01
   3.5063100e-01  -1.6975900e-02
   3.4973100e-01   8.3450599e-02
   3.0972700e-01   1.8314600e-01
   2.3464300e-01   2.5973200e-01
   1.4304200e-01   2.9923100e-01
   5.6824900e-02   3.0404000e-01
  -1.1952200e-02   2.8935900e-01
  -6.6504300e-02   2.7088300e-01
  -1.1917200e-01   2.5313200e-01
  -1.7862500e-01   2.2717400e-01
  -2.4033500e-01   1.7934700e-01
  -2.8770100e-01   1.0418500e-01
  -3.0306300e-01   1.1568500e-02
  -2.8034700e-01  -7.7517599e-02
  -2.2976200e-01  -1.4358900e-01
  -1.7101200e-01  -1.8031000e-01
  -1.2006600e-01  -1.9657400e-01
  -7.9388099e-02  -2.0763500e-01
  -3.8806300e-02  -2.2215400e-01
   1.3849800e-02  -2.3502800e-01
   8.0638899e-02  -2.3142400e-01
   1.4927400e-01  -1.9888100e-01
   2.0012200e-01  -1.3822800e-01
   2.1924600e-01  -6.4916100e-02
   2.0772100e-01   3.5378100e-04
   1.8023500e-01   4.4778400e-02
   1.5407200e-01   7.0598799e-02
   1.3680800e-01   9.1034099e-02
   1.2191800e-01   1.1826400e-01
   9.5496599e-02   1.5269400e-01
   4.8811900e-02   1.8169000e-01
  -1.2960500e-02   1.8876500e-01
  -7.2582599e-02   1.6621700e-01
  -1.1189200e-01   1.2162000e-01
  -1.2390900e-01   7.3194599e-02
  -1.1685600e-01   3.7484900e-02
  -1.0713800e-01   1.8552900e-02
  -1.0664400e-01   6.7253699e-03
  -1.1398700e-01  -1.2328800e-02
  -1.1624000e-01  -4.5206600e-02
  -9.9744699e-02  -8.4546299e-02
  -6.1695900e-02  -1.1373200e-01
  -1.3623700e-02  -1.1897600e-01
   2.5945700e-02  -9.9639499e-02
   4.4183800e-02  -6.8951399e-02
   4.2487600e-02  -4.4584500e-02
   3.4485600e-02  -3.6152600e-02
   3.5112100e-02  -3.9010000e-02
   4.9062700e-02  -3.8922100e-02
   6.7353999e-02  -2.3941900e-02
   7.4531299e-02   5.5970500e-03
   6.0983800e-02   3.6596800e-02
   3.0967400e-02   5.2607700e-02
   1.9824400e-04   4.6018200e-02
  -1.5214800e-02   2.3798400e-02
  -1.0184900e-02   2.4519000e-03
   6.1550100e-03  -4.0170900e-03
   1.7812800e-02   5.9367400e-03
   1.4228000e-02   2.0964900e-02
  -1.8209800e-03   2.6137700e-02
  -1.6641700e-02   1.4857700e-02
  -1.6478800e-02  -5.7042400e-03
   1.4943300e-03  -1.9791000e-02
   2.6422600e-02  -1.4935000e-02
   4.1383600e-02   8.4642899e-03
   3.5650200e-02   3.7112400e-02
   1.2378700e-02   5.4368100e-02
  -1.4027700e-02   5.2173600e-02
  -2.8823300e-02   3.6405000e-02
  -2.7813100e-02   2.1692600e-02
  -2.0011500e-02   1.9733000e-02
  -2.0119000e-02   3.0018600e-02
  -3.6591000e-02   4.0040200e-02
  -6.4404099e-02   3.4814200e-02
  -8.8051799e-02   8.5173099e-03
  -9.2553599e-02  -3.0586400e-02
  -7.4201699e-02  -6.5662499e-02
  -4.2985800e-02  -8.3118399e-02
  -1.4932800e-02  -8.1831299e-02
  -2.0943100e-04  -7.2905999e-02
   4.0033900e-03  -7.0264299e-02
   1.0519800e-02  -7.9296099e-02
   3.1384100e-02  -9.2236799e-02
   6.7568599e-02  -9.3805299e-02
   1.0700800e-01  -7.2845999e-02
   1.3253000e-01  -3.1168500e-02
   1.3374800e-01   1.7105800e-02
   1.1401100e-01   5.5207000e-02
   8.7241899e-02   7.5121399e-02
   6.7153299e-02   8.2195799e-02
   5.7045700e-02   8.9583299e-02
   4.7908800e-02   1.0687000e-01
   2.6208600e-02   1.3160800e-01
  -1.4612500e-02   1.5024600e-01
  -6.7708499e-02   1.4780300e-01
  -1.1642000e-01   1.1900600e-01
  -1.4524900e-01   7.2490099e-02
  -1.5001700e-01   2.4905100e-02
  -1.3964300e-01  -1.0616000e-02
  -1.2832300e-01  -3.2957100e-02
  -1.2414800e-01  -5.2160000e-02
  -1.2282000e-01  -7.9998699e-02
  -1.1124000e-01  -1.1926200e-01
  -7.8203599e-02  -1.5998200e-01
  -2.4068800e-02  -1.8555800e-01
   3.8005700e-02  -1.8422600e-01
   9.0242799e-02  -1.5726600e-01
   1.2176600e-01  -1.1781100e-01
   1.3486100e-01  -8.1206299e-02
   1.4140300e-01  -5.4231800e-02
   1.5230300e-01  -3.1277400e-02
   1.6808800e-01  -2.7390400e-04
   1.7782900e-01   4.6251100e-02
   1.6724100e-01   1.0349200e-01
   1.2983800e-01   1.5599800e-01
   7.2676099e-02   1.8748900e-01
   1.2307300e-02   1.9155200e-01
  -3.6053700e-02   1.7522600e-01
  -6.8043999e-02   1.5288900e-01
  -9.1297599e-02   1.3514600e-01
  -1.1752100e-01   1.2116500e-01
  -1.5166600e-01   1.0021100e-01
  -1.8652500e-01   6.1157399e-02
  -2.0694300e-01   2.6422200e-03
  -2.0051200e-01  -6.3904699e-02
  -1.6670000e-01  -1.2078100e-01
  -1.1754200e-01  -1.5525600e-01
  -6.9363899e-02  -1.6717400e-01
  -3.1785900e-02  -1.6731200e-01
  -2.2210000e-03  -1.6788100e-01
   3.0094100e-02  -1.7246400e-01
   7.3756399e-02  -1.7306600e-01
   1.2652600e-01  -1.5648400e-01
   1.7502800e-01  -1.1515600e-01
   2.0315300e-01  -5.4192099e-02
   2.0291200e-01   1.0794300e-02
   1.7959500e-01   6.3504099e-02
   1.4742700e-01   9.7114599e-02
   1.1904700e-01   1.1724000e-01
   9.6756699e-02   1.3562400e-01
   7.2111999e-02   1.5949400e-01
   3.4029900e-02   1.8476000e-01
  -2.0844300e-02   1.9826700e-01
  -8.3497999e-02   1.8744100e-01
  -1.3727100e-01   1.5000900e-01
  -1.6847800e-01   9.6445599e-02
  -1.7501400e-01   4.3246500e-02
  -1.6656300e-01   2.0716700e-03
  -1.5635100e-01  -2.7143900e-02
  -1.5077400e-01  -5.4038599e-02
  -1.4476100e-01  -8.8428499e-02
  -1.2634100e-01  -1.3093300e-01
  -8.6886199e-02  -1.7083500e-01
  -2.9176700e-02  -1.9288900e-01
   3.2903900e-02  -1.8797200e-01
   8.2918499e-02  -1.5957900e-01
   1.1231000e-01  -1.2127100e-01
   1.2495900e-01  -8.7031599e-02
   1.3256300e-01  -6.1775299e-02
   1.4446100e-01  -3.9128400e-02
   1.5969900e-01  -8.0156499e-03
   1.6738100e-01   3.7065300e-02
   1.5503000e-01   8.9991699e-02
   1.1859600e-01   1.3587600e-01
   6.6498399e-02   1.6076500e-01
   1.4583000e-02   1.6092300e-01
  -2.4257300e-02   1.4476400e-01
  -4.8048100e-02   1.2603100e-01
  -6.5390599e-02   1.1344600e-01
  -8.7214499e-02   1.0463100e-01
  -1.1700000e-01   8.8860899e-02
  -1.4695900e-01   5.6452399e-02
  -1.6312300e-01   7.5917099e-03
  -1.5550500e-01  -4.6187500e-02
  -1.2565300e-01  -8.9077099e-02
  -8.5885999e-02  -1.1135700e-01
  -5.0772799e-02  -1.1530900e-01
  -2.7254200e-02  -1.1230700e-01
  -1.0802900e-02  -1.1338700e-01
   9.5958699e-03  -1.2048700e-01
   4.1540000e-02  -1.2499900e-01
   8.1990399e-02  -1.1468900e-01
   1.1828200e-01  -8.3697199e-02
   1.3665900e-01  -3.7985200e-02
   1.3192000e-01   7.9538399e-03
   1.1092000e-01   4.0691700e-02
   8.7310699e-02   5.6592699e-02
   7.1524299e-02   6.3169099e-02
   6.3546399e-02   7.2152199e-02
   5.3886399e-02   8.9618999e-02
   3.1912400e-02   1.1070800e-01
  -4.8541099e-03   1.2294100e-01
  -4.7603899e-02   1.1563200e-01
  -8.1701299e-02   8.8232099e-02
  -9.6666299e-02   5.1287899e-02
  -9.3183199e-02   1.9250300e-02
  -8.1899899e-02   5.4145399e-04
  -7.4983199e-02  -7.6777399e-03
  -7.6853599e-02  -1.6177000e-02
  -8.1098099e-02  -3.4384200e-02
  -7.5850199e-02  -6.2274399e-02
  -5.3499099e-02  -8.9608899e-02
  -1.7314900e-02  -1.0312500e-01
   2.0073900e-02  -9.6243299e-02
   4.5245800e-02  -7.3959499e-02
   5.3163799e-02  -4.9224899e-02
   5.0087799e-02  -3.3559300e-02
   4.8094399e-02  -2.8970600e-02
   5.5412799e-02  -2.7236000e-02
   6.9924299e-02  -1.7006300e-02
   8.0738899e-02   6.7230899e-03
   7.6624599e-02   3.8005700e-02
   5.4871999e-02   6.3723299e-02
   2.3854600e-02   7.2914699e-02
  -2.6752500e-03   6.4617299e-02
  -1.5269300e-02   4.8318299e-02
  -1.5163600e-02   3.6703300e-02
  -1.2595200e-02   3.6203400e-02
  -1.8401500e-02   4.2472100e-02
  -3.5312900e-02   4.4166900e-02
  -5.5552499e-02   3.2108100e-02
  -6.6555099e-02   6.8302699e-03
  -6.0458199e-02  -2.1227100e-02
  -4.0169300e-02  -3.9053500e-02
  -1.7412900e-02  -4.0397500e-02
  -4.2297400e-03  -3.0064300e-02
  -4.3412900e-03  -1.9968400e-02
  -1.0870600e-02  -1.9964800e-02
  -1.2082600e-02  -3.0406600e-02
  -7.4215799e-04  -4.2042900e-02
   2.0030000e-02  -4.3290100e-02
   3.8844300e-02  -2.9330200e-02
   4.4485799e-02  -6.1196099e-03
   3.4316700e-02   1.3740400e-02
   1.6281500e-02   2.0156900e-02
   3.0069100e-03   1.2815200e-02
   2.4642600e-03   1.0998700e-03
   1.2239100e-02  -3.2328400e-03
   2.1703100e-02   4.9416999e-03
   2.0391400e-02   2.0252200e-02
   6.2055099e-03   3.1004200e-02
  -1.2784500e-02   2.8196900e-02
  -2.4298200e-02   1.2529600e-02
  -2.1045000e-02  -5.9148599e-03
  -6.2044399e-03  -1.5074400e-02
   8.9507899e-03  -9.8024099e-03
   1.3477000e-02   4.4546599e-03
   4.8569499e-03   1.5944200e-02
  -9.3281199e-03   1.5581000e-02
  -1.7373400e-02   3.8031200e-03
  -1.2507200e-02  -9.8636199e-03
   1.8483700e-03  -1.4172200e-02
   1.4596500e-02  -4.8439699e-03
   1.5346000e-02   1.2012800e-02
   2.3033500e-03   2.4345200e-02
  -1.6290500e-02   2.3099000e-02
  -2.8254600e-02   8.9083899e-03
  -2.6476900e-02  -8.5023299e-03
  -1.4035900e-02  -1.7715500e-02
  -1.5988700e-03  -1.4196000e-02
   8.8741899e-04  -3.5594800e-03
  -8.1095299e-03   2.9148800e-03
  -2.0466700e-02  -2.9074000e-03
  -2.4549700e-02  -1.9579400e-02
  -1.4083000e-02  -3.6892800e-02
   6.9684599e-03  -4.3338999e-02
   2.7190900e-02  -3.4575300e-02
   3.6066400e-02  -1.6517100e-02
   3.1564900e-02  -7.5402199e-04
   2.1272100e-02   4.2064399e-03
   1.6251100e-02  -7.7198199e-04
   2.2332500e-02  -6.3762399e-03
   3.5457100e-02  -2.2454800e-03
   4.4604999e-02   1.4784900e-02
   4.0093800e-02   3.7860100e-02
   2.0964600e-02   5.4853699e-02
  -4.1214199e-03   5.7108299e-02
  -2.3142200e-02   4.5582999e-02
  -2.9391400e-02   2.9800900e-02
  -2.6029800e-02   2.0442900e-02
  -2.3117800e-02   2.1226700e-02
  -2.9433500e-02   2.6226300e-02
  -4.5320299e-02   2.4639200e-02
  -6.2009099e-02   9.3642499e-03
  -6.7943299e-02  -1.7130800e-02
  -5.7332699e-02  -4.4111299e-02
  -3.4481200e-02  -6.0079199e-02
  -1.0640600e-02  -6.0829699e-02
   4.2103999e-03  -5.2013299e-02
   8.4448299e-03  -4.4328699e-02
   9.4011599e-03  -4.5043099e-02
   1.7125500e-02  -5.2295899e-02
   3.6040100e-02  -5.6506399e-02
   6.0893799e-02  -4.7805599e-02
   8.0094499e-02  -2.3852900e-02
   8.3929499e-02   7.8943099e-03
   7.1486999e-02   3.5186400e-02
   5.1083099e-02   4.9496399e-02
   3.3914900e-02   5.1645999e-02
   2.5769100e-02   5.0351399e-02
   2.3053700e-02   5.4868599e-02
   1.6121400e-02   6.7369699e-02
  -2.6878400e-03   8.0863199e-02
  -3.2426200e-02   8.4249799e-02
  -6.3395599e-02   7.0691699e-02
  -8.3631399e-02   4.2966199e-02
  -8.7149499e-02   1.1757300e-02
  -7.7773399e-02  -1.1824800e-02
  -6.5711199e-02  -2.3859000e-02
  -5.9531999e-02  -2.9656700e-02
  -5.9647999e-02  -3.8763999e-02
  -5.8233199e-02  -5.6789099e-02
  -4.5611899e-02  -8.0308099e-02
  -1.8239800e-02  -9.8753099e-02
   1.7802200e-02  -1.0188600e-01
   5.0484099e-02  -8.7228499e-02
   6.9933399e-02  -6.1857899e-02
   7.4896699e-02  -3.7234300e-02
   7.2744999e-02  -2.0984000e-02
   7.3101899e-02  -1.1832100e-02
   7.9988599e-02  -1.4624100e-03
   8.8468999e-02   1.8179700e-02
   8.8346299e-02   4.7747699e-02
   7.2097699e-02   7.8985999e-02
   4.1026599e-02   1.0004700e-01
   4.9535799e-03   1.0365600e-01
  -2.4344300e-02   9.2004999e-02
  -4.1025799e-02   7.4712299e-02
  -4.8505999e-02   6.1457099e-02
  -5.5782499e-02   5.4866299e-02
  -6.9639099e-02   4.9026099e-02
  -8.8702299e-02   3.4692200e-02
  -1.0389500e-01   7.1917999e-03
  -1.0496500e-01  -2.9029000e-02
  -8.8163799e-02  -6.2708399e-02
  -5.9261699e-02  -8.3234599e-02
  -2.9629400e-02  -8.7687399e-02
  -8.3326799e-03  -8.2196999e-02
   3.8172999e-03  -7.6669899e-02
   1.3829000e-02  -7.6928399e-02
   3.0128800e-02  -8.0240999e-02
   5.5127399e-02  -7.7615499e-02
   8.2449099e-02  -6.1083599e-02
   1.0097200e-01  -3.0421400e-02
   1.0265400e-01   5.8265999e-03
   8.8259699e-02   3.5836400e-02
   6.6678199e-02   5.2406899e-02
   4.8377699e-02   5.7365999e-02
   3.7940799e-02   5.9229699e-02
   3.1294900e-02   6.5969599e-02
   1.9667100e-02   7.8421799e-02
  -2.8116400e-03   8.9357099e-02
  -3.3680100e-02   8.8912599e-02
  -6.3066899e-02   7.2259999e-02
  -8.0306899e-02   4.3683299e-02
  -8.1292499e-02   1.3959100e-02
  -7.1046799e-02  -7.0092599e-03
  -5.9616999e-02  -1.6780700e-02
  -5.4429499e-02  -2.1273700e-02
  -5.4892699e-02  -2.9378800e-02
  -5.3298799e-02  -4.5440699e-02
  -4.1286499e-02  -6.5354499e-02
  -1.6909600e-02  -7.9257299e-02
   1.3093200e-02  -7.8783099e-02
   3.7589699e-02  -6.3390699e-02
   4.8704399e-02  -4.0972899e-02
   4.7086099e-02  -2.2279300e-02
   4.0864999e-02  -1.3350500e-02
   3.9139499e-02  -1.1640600e-02
   4.4951999e-02  -8.6931999e-03
   5.3068699e-02   2.7309100e-03
   5.4211099e-02   2.2531800e-02
   4.2491899e-02   4.2827999e-02
   2.0381900e-02   5.3546499e-02
  -2.5885300e-03   4.9824199e-02
  -1.6443200e-02   3.5625799e-02
  -1.7724600e-02   2.0849900e-02
  -1.1588100e-02   1.4108900e-02
  -7.4958699e-03   1.6623600e-02
  -1.1813600e-02   2.1803400e-02
  -2.2929000e-02   2.0762700e-02
  -3.2574300e-02   9.5379299e-03
  -3.2316700e-02  -7.5043499e-03
  -2.0265500e-02  -2.0669300e-02
  -2.8849900e-03  -2.2084100e-02
   9.4857499e-03  -1.1591700e-02
   1.0045300e-02   3.0648900e-03
   3.0503700e-04   1.1901500e-02
  -1.1338200e-02   9.9251799e-03
  -1.6104800e-02   5.0346599e-04
  -1.1462800e-02  -7.6221699e-03
  -2.8713100e-03  -7.3528599e-03
   6.5284599e-04   1.0833000e-03
  -6.2530599e-03   1.0112600e-02
  -2.0807200e-02   1.0488500e-02
  -3.3747099e-02  -1.6340000e-03
  -3.5919999e-02  -2.1574300e-02
  -2.4851400e-02  -3.9314699e-02
  -6.3682899e-03  -4.6599999e-02
   9.8989298e-03  -4.2608299e-02
   1.7696100e-02  -3.3961099e-02
   1.8563000e-02  -2.9139300e-02
   2.0169700e-02  -3.1601100e-02
   2.9878200e-02  -3.6863299e-02
   4.8455399e-02  -3.5782199e-02
   6.8748399e-02  -2.1564700e-02
   8.0372599e-02   4.7916299e-03
   7.6915099e-02   3.4745199e-02
   6.0266499e-02   5.7964599e-02
   3.8867999e-02   6.9269399e-02
   2.1263400e-02   7.1565199e-02
   9.8686798e-03   7.2640299e-02
  -3.2570599e-04   7.8343599e-02
  -1.7174800e-02   8.7393699e-02
  -4.4443499e-02   9.1809999e-02
  -7.7829499e-02   8.2685099e-02
  -1.0702100e-01   5.6957499e-02
  -1.2230300e-01   2.0081200e-02
  -1.2080000e-01  -1.7419300e-02
  -1.0772100e-01  -4.6916599e-02
  -9.1774499e-02  -6.6947499e-02
  -7.8288099e-02  -8.2882999e-02
  -6.5298699e-02  -1.0136300e-01
  -4.5566699e-02  -1.2382700e-01
  -1.2961700e-02  -1.4414700e-01
   3.1667499e-02  -1.5223500e-01
   7.9646899e-02  -1.4098800e-01
   1.1937600e-01  -1.1135200e-01
   1.4336000e-01  -7.1750399e-02
   1.5218400e-01  -3.2321599e-02
   1.5254400e-01   1.6787700e-03
   1.5097200e-01   3.2374599e-02
   1.4811300e-01   6.5878899e-02
   1.3793800e-01   1.0571000e-01
   1.1254000e-01   1.4813300e-01
   6.8854899e-02   1.8308600e-01
   1.2204300e-02   2.0010400e-01
  -4.6086199e-02   1.9489300e-01
  -9.5268198e-02   1.7166700e-01
  -1.3109400e-01   1.3959600e-01
  -1.5675200e-01   1.0609700e-01
  -1.7827600e-01   7.2067899e-02
  -1.9807600e-01   3.2612199e-02
  -2.1162900e-01  -1.7379500e-02
  -2.0993000e-01  -7.7144999e-02
  -1.8593400e-01  -1.3820800e-01
  -1.4013600e-01  -1.8831800e-01
  -8.1081499e-02  -2.1835000e-01
  -2.0392800e-02  -2.2710400e-01
   3.4001799e-02  -2.2053200e-01
   8.1432299e-02  -2.0612700e-01
   1.2632000e-01  -1.8681800e-01
   1.7211200e-01  -1.5903300e-01
   2.1609600e-01  -1.1638500e-01
   2.4920200e-01  -5.6127099e-02
   2.6107900e-01   1.6613700e-02
   2.4673500e-01   9.0150198e-02
   2.0979900e-01   1.5225500e-01
   1.6000800e-01   1.9651000e-01
   1.0682600e-01   2.2437900e-01
   5.3984699e-02   2.4164500e-01
  -1.0386800e-03   2.5208700e-01
  -6.2367899e-02   2.5333900e-01
  -1.2961300e-01   2.3814400e-01
  -1.9512300e-01   2.0008800e-01
  -2.4687700e-01   1.3947300e-01
  -2.7501400e-01   6.4809199e-02
  -2.7722800e-01  -1.1277700e-02
  -2.5910500e-01  -7.8775399e-02
  -2.2925600e-01  -1.3473700e-01
  -1.9300300e-01  -1.8230700e-01
  -1.4938500e-01  -2.2528300e-01
  -9.3676998e-02  -2.6255800e-01
  -2.3392500e-02  -2.8681700e-01
   5.6946499e-02  -2.8862600e-01
   1.3605900e-01  -2.6289100e-01
   2.0118900e-01  -2.1286600e-01
   2.4462900e-01  -1.4867000e-01
   2.6675900e-01  -8.1387599e-02
   2.7351000e-01  -1.7121200e-02
   2.7032800e-01   4.4678499e-02
   2.5732900e-01   1.0754600e-01
   2.2935300e-01   1.7200600e-01
   1.8085200e-01   2.3201200e-01
   1.1184200e-01   2.7672000e-01
   3.0294899e-02   2.9642599e-01
  -5.0995499e-02   2.8832299e-01
  -1.2087000e-01   2.5782900e-01
  -1.7492100e-01   2.1454200e-01
  -2.1562600e-01   1.6590000e-01
  -2.4761800e-01   1.1327500e-01
  -2.7188800e-01   5.3329999e-02
  -2.8344100e-01  -1.6565500e-02
  -2.7428800e-01  -9.3162898e-02
  -2.3953600e-01  -1.6653500e-01
  -1.8194900e-01  -2.2445900e-01
  -1.1148700e-01  -2.5886100e-01
  -4.0053599e-02  -2.6963600e-01
   2.4712700e-02  -2.6309700e-01
   8.2099699e-02  -2.4636400e-01
   1.3564900e-01  -2.2197600e-01
   1.8739900e-01  -1.8680600e-01
   2.3361700e-01  -1.3601200e-01
   2.6541200e-01  -6.8905399e-02
   2.7390500e-01   7.8525399e-03
   2.5612400e-01   8.2337999e-02
   2.1720200e-01   1.4333200e-01
   1.6723200e-01   1.8586000e-01
   1.1509400e-01   2.1230700e-01
   6.3831699e-02   2.2845900e-01
   1.0907600e-02   2.3760200e-01
  -4.7044199e-02   2.3725100e-01
  -1.0877500e-01   2.2100400e-01
  -1.6660200e-01   1.8409000e-01
  -2.0976400e-01   1.2835300e-01
  -2.3055300e-01   6.2775499e-02
  -2.2871700e-01  -9.5923398e-04
  -2.1086900e-01  -5.4691499e-02
  -1.8542600e-01  -9.7250898e-02
  -1.5687700e-01  -1.3274500e-01
  -1.2367700e-01  -1.6514900e-01
  -8.1221299e-02  -1.9345300e-01
  -2.7516399e-02  -2.1113600e-01
   3.2920399e-02  -2.1043500e-01
   9.0044198e-02  -1.8818500e-01
   1.3355800e-01  -1.4879700e-01
   1.5863800e-01  -1.0205600e-01
   1.6790500e-01  -5.7342399e-02
   1.6827000e-01  -1.8500600e-02
   1.6510800e-01   1.6890900e-02
   1.5819800e-01   5.3482899e-02
   1.4246800e-01   9.2565998e-02
   1.1290100e-01   1.2929800e-01
   6.9791499e-02   1.5495500e-01
   2.0249100e-02   1.6256500e-01
  -2.5306200e-02   1.5170800e-01
  -5.9135199e-02   1.2886200e-01
  -8.0252498e-02   1.0301800e-01
  -9.3628198e-02   7.9832798e-02
  -1.0523300e-01   5.8654299e-02
  -1.1675200e-01   3.4549399e-02
  -1.2400100e-01   3.6621799e-03
  -1.2022400e-01  -3.2281599e-02
  -1.0173700e-01  -6.5843899e-02
  -7.1569199e-02  -8.8300098e-02
  -3.8281299e-02  -9.5338398e-02
  -1.0756600e-02  -8.9765598e-02
   7.1842099e-03  -7.9201298e-02
   1.8381700e-02  -7.0506799e-02
   2.9046299e-02  -6.5129199e-02
   4.3160099e-02  -5.8813799e-02
   5.8865299e-02  -4.5807799e-02
   6.9594099e-02  -2.4268800e-02
   6.9069699e-02   1.3064100e-03
   5.6361499e-02   2.2549300e-02
   3.7121799e-02   3.2775699e-02
   2.0016500e-02   3.1476799e-02
   1.0982900e-02   2.4384300e-02
   9.5835198e-03   1.9084700e-02
   1.0124400e-02   1.9494600e-02
   6.6093799e-03   2.3341400e-02
  -2.2821500e-03   2.4487200e-02
  -1.1991900e-02   1.8255000e-02
  -1.5562300e-02   5.6467399e-03
  -9.1416098e-03  -6.8072099e-03
   4.6870199e-03  -1.1504800e-02
   1.8315600e-02  -5.2039099e-03
   2.4243000e-02   8.6475698e-03
   2.0108600e-02   2.2423500e-02
   9.8937698e-03   2.9769199e-02
   4.6019399e-04   2.9891299e-02
  -3.8909299e-03   2.7499299e-02
  -4.6833499e-03   2.8520199e-02
  -7.8792798e-03   3.4914299e-02
  -1.8914100e-02   4.2588099e-02
  -3.7949199e-02   4.4042899e-02
  -5.8984399e-02   3.3798899e-02
  -7.3555199e-02   1.2524000e-02
  -7.6284798e-02  -1.3229400e-02
  -6.8166699e-02  -3.5475599e-02
  -5.5183299e-02  -5.0081999e-02
  -4.3384299e-02  -5.8945799e-02
  -3.4210199e-02  -6.7494199e-02
  -2.3623300e-02  -7.9496998e-02
  -5.6953499e-03  -9.3213398e-02
   2.2098000e-02  -1.0187200e-01
   5.5932399e-02  -9.8188498e-02
   8.7330598e-02  -7.9558598e-02
   1.0828900e-01  -5.0042299e-02
   1.1605100e-01  -1.7666800e-02
   1.1401400e-01   1.0907400e-02
   1.0820300e-01   3.4355799e-02
   1.0207300e-01   5.6363099e-02
   9.3632798e-02   8.1348498e-02
   7.7108398e-02   1.0959300e-01
   4.7875499e-02   1.3556800e-01
   6.8994899e-03   1.5083300e-01
  -3.8723899e-02   1.4939700e-01
  -7.9606798e-02   1.3158200e-01
  -1.0947300e-01   1.0351900e-01
  -1.2815700e-01   7.2722499e-02
  -1.4006100e-01   4.3089399e-02
  -1.4937700e-01   1.3080800e-02
  -1.5580800e-01  -2.1619100e-02
  -1.5410800e-01  -6.3084099e-02
  -1.3784600e-01  -1.0768700e-01
  -1.0456100e-01  -1.4694100e-01
  -5.8402899e-02  -1.7213100e-01
  -8.2222998e-03  -1.7935000e-01
   3.7501299e-02  -1.7124500e-01
   7.5159398e-02  -1.5426500e-01
   1.0666800e-01  -1.3355500e-01
   1.3593400e-01  -1.0940800e-01
   1.6396300e-01  -7.7918598e-02
   1.8645600e-01  -3.5307599e-02
   1.9581000e-01   1.7474900e-02
   1.8611300e-01   7.3444098e-02
   1.5738400e-01   1.2269700e-01
   1.1590100e-01   1.5772800e-01
   7.0351099e-02   1.7706200e-01
   2.6669899e-02   1.8461800e-01
  -1.4601800e-02   1.8540800e-01
  -5.6589999e-02   1.8094100e-01
  -1.0144200e-01   1.6786000e-01
  -1.4644400e-01   1.4086200e-01
  -1.8398600e-01   9.7654498e-02
  -2.0554000e-01   4.2134599e-02
  -2.0674600e-01  -1.6700600e-02
  -1.8986600e-01  -6.9403699e-02
  -1.6180200e-01  -1.1090500e-01
  -1.2922400e-01  -1.4202700e-01
  -9.4469298e-02  -1.6670400e-01
  -5.5253499e-02  -1.8717300e-01
  -8.2953198e-03  -2.0090100e-01
   4.6018499e-02  -2.0165900e-01
   1.0161300e-01  -1.8398000e-01
   1.4902300e-01  -1.4763100e-01
   1.8041700e-01  -9.8699398e-02
   1.9368300e-01  -4.6414599e-02
   1.9261100e-01   1.9792800e-03
   1.8314800e-01   4.4540099e-02
   1.6860700e-01   8.3783198e-02
   1.4749500e-01   1.2248100e-01
   1.1554100e-01   1.5944900e-01
   7.0343198e-02   1.8864500e-01
   1.4983300e-02   2.0236900e-01
  -4.2222199e-02   1.9623100e-01
  -9.1793298e-02   1.7215900e-01
  -1.2803600e-01   1.3721600e-01
  -1.5127500e-01   9.9084398e-02
  -1.6582800e-01   6.1595599e-02
  -1.7538100e-01   2.3578799e-02
  -1.7935200e-01  -1.8230800e-02
  -1.7304500e-01  -6.4575399e-02
  -1.5146500e-01  -1.1099200e-01
  -1.1389300e-01  -1.4922900e-01
  -6.5666699e-02  -1.7180800e-01
  -1.5770000e-02  -1.7638300e-01
   2.8082399e-02  -1.6667400e-01
   6.3249799e-02  -1.4933400e-01
   9.2137798e-02  -1.2913300e-01
   1.1850200e-01  -1.0608800e-01
   1.4301000e-01  -7.6631098e-02
   1.6152600e-01  -3.7838699e-02
   1.6747000e-01   8.5954898e-03
   1.5651000e-01   5.5778799e-02
   1.3002300e-01   9.4981198e-02
   9.4700298e-02   1.2051500e-01
   5.8540799e-02   1.3254900e-01
   2.6191199e-02   1.3583000e-01
  -2.9433199e-03   1.3535500e-01
  -3.2514899e-02   1.3231400e-01
  -6.4759199e-02   1.2337500e-01
  -9.7235698e-02   1.0381200e-01
  -1.2334500e-01   7.2050798e-02
  -1.3630400e-01   3.2104699e-02
  -1.3361900e-01  -8.0236598e-03
  -1.1870600e-01  -4.0861799e-02
  -9.8440298e-02  -6.3589999e-02
  -7.8483398e-02  -7.8752498e-02
  -5.9862899e-02  -9.1122998e-02
  -3.9328999e-02  -1.0317700e-01
  -1.3111100e-02  -1.1265100e-01
   1.8867800e-02  -1.1404900e-01
   5.1605499e-02  -1.0295300e-01
   7.7590498e-02  -7.9826098e-02
   9.1452898e-02  -5.0410299e-02
   9.3234598e-02  -2.2340999e-02
   8.7851298e-02  -4.8707099e-04
   8.1184898e-02   1.5547100e-02
   7.5767298e-02   2.9956999e-02
   6.9294498e-02   4.6510399e-02
   5.7041799e-02   6.4826698e-02
   3.6282299e-02   8.0028098e-02
   9.2936398e-03   8.6046998e-02
  -1.7390300e-02   8.0090798e-02
  -3.6975299e-02   6.4877598e-02
  -4.6686099e-02   4.6933599e-02
  -4.9145099e-02   3.2211699e-02
  -4.9859599e-02   2.2298899e-02
  -5.2751899e-02   1.4019900e-02
  -5.7125999e-02   2.6619299e-03
  -5.8348799e-02  -1.3686200e-02
  -5.1694799e-02  -3.2020599e-02
  -3.6398299e-02  -4.6166199e-02
  -1.6803900e-02  -5.1078899e-02
   2.9810699e-04  -4.6458399e-02
   1.0175700e-02  -3.6945099e-02
   1.3135400e-02  -2.8747799e-02
   1.3771300e-02  -2.5238999e-02
   1.7094400e-02  -2.4816499e-02
   2.4496899e-02  -2.2600799e-02
   3.2612799e-02  -1.4629700e-02
   3.5919599e-02  -1.3291700e-03
   3.1088499e-02   1.2399000e-02
   1.9761400e-02   2.0558000e-02
   7.6292598e-03   2.0358900e-02
   4.8476699e-04   1.4200400e-02
   2.0866199e-04   7.8334698e-03
   3.6917499e-03   6.1024399e-03
   5.4717899e-03   9.4701698e-03
   2.0601600e-03   1.3927400e-02
  -5.3293399e-03   1.4315500e-02
  -1.1709400e-02   8.5093198e-03
  -1.2184400e-02  -7.3302798e-04
  -5.8062399e-03  -7.6691598e-03
   3.5177899e-03  -7.7900798e-03
   9.7647598e-03  -1.1706400e-03
   9.1288698e-03   7.5758298e-03
   2.6902899e-03   1.2699800e-02
  -4.5703699e-03   1.1504800e-02
  -7.6391098e-03   6.1736198e-03
  -5.2744899e-03   1.8794900e-03
  -8.7296398e-04   2.6486699e-03
   2.4589099e-04   8.1321698e-03
  -4.9423799e-03   1.3746600e-02
  -1.4657900e-02   1.4082700e-02
  -2.3430799e-02   7.0045398e-03
  -2.6009399e-02  -4.6609499e-03
  -2.1122899e-02  -1.5117500e-02
  -1.2275800e-02  -1.9770600e-02
  -4.9991199e-03  -1.8433100e-02
  -2.6604699e-03  -1.5166700e-02
  -4.0081399e-03  -1.4916200e-02
  -4.2981899e-03  -1.9514900e-02
   8.7017998e-04  -2.6108799e-02
   1.1936600e-02  -2.9201699e-02
   2.4736399e-02  -2.4777999e-02
   3.3334599e-02  -1.3386200e-02
   3.4210799e-02   1.4593700e-04
   2.8651499e-02   1.0147000e-02
   2.1569799e-02   1.4095900e-02
   1.7673400e-02   1.4174500e-02
   1.7897100e-02   1.5237400e-02
   1.8799900e-02   2.0773799e-02
   1.5369400e-02   2.9947899e-02
   5.0888299e-03   3.7978799e-02
  -9.8303998e-03   3.9582499e-02
  -2.3756899e-02   3.2880499e-02
  -3.1516099e-02   2.0824699e-02
  -3.1925199e-02   9.0716498e-03
  -2.8341999e-02   1.9143800e-03
  -2.5847299e-02  -6.5875298e-04
  -2.7221699e-02  -2.5806799e-03
  -3.0775899e-02  -8.3231698e-03
  -3.1674799e-02  -1.9111000e-02
  -2.5742199e-02  -3.1625199e-02
  -1.2850100e-02  -4.0196299e-02
   2.6836399e-03  -4.0840799e-02
   1.5005000e-02  -3.4102099e-02
   2.0755499e-02  -2.4563099e-02
   2.1203299e-02  -1.7412600e-02
   2.0896699e-02  -1.4667800e-02
   2.3894499e-02  -1.3897900e-02
   3.0454199e-02  -1.0389700e-02
   3.6695799e-02  -1.0820200e-03
   3.7496799e-02   1.2736000e-02
   3.0420299e-02   2.6027499e-02
   1.7698500e-02   3.3472399e-02
   4.7651399e-03   3.3189599e-02
  -3.5607899e-03   2.7921299e-02
  -6.3690698e-03   2.2806699e-02
  -6.9671898e-03   2.1446699e-02
  -1.0005500e-02   2.3240399e-02
  -1.7627200e-02   2.3997899e-02
  -2.7579699e-02   1.9342899e-02
  -3.4726699e-02   8.3049498e-03
  -3.4818699e-02  -5.6349499e-03
  -2.7670799e-02  -1.6853900e-02
  -1.7344800e-02  -2.1517199e-02
  -9.2020798e-03  -2.0175499e-02
  -6.0508898e-03  -1.7089000e-02
  -6.2891398e-03  -1.6815100e-02
  -5.4191299e-03  -2.0657399e-02
   2.4229099e-04  -2.5666699e-02
   1.0491900e-02  -2.6938499e-02
   2.1146799e-02  -2.1453199e-02
   2.7007799e-02  -1.0537500e-02
   2.5641099e-02   9.2418298e-04
   1.9125099e-02   7.9408898e-03
   1.2449400e-02   8.9292598e-03
   9.7851297e-03   6.6523898e-03
   1.1445800e-02   5.8979198e-03
   1.3823300e-02   9.6750897e-03
   1.2324300e-02   1.6820700e-02
   5.0608699e-03   2.2825299e-02
  -5.5127899e-03   2.3246499e-02
  -1.4264700e-02   1.7115800e-02
  -1.7095400e-02   7.7583498e-03
  -1.3892600e-02   4.0121099e-04
  -8.5070298e-03  -1.6216200e-03
  -5.7796098e-03   7.9186298e-04
  -7.8780198e-03   3.3797699e-03
  -1.2710400e-02   1.9123499e-03
  -1.5603200e-02  -4.4702299e-03
  -1.2954700e-02  -1.2510100e-02
  -5.0860099e-03  -1.7236500e-02
   3.8751699e-03  -1.5696600e-02
   8.9912098e-03  -9.1871197e-03
   8.1263098e-03  -2.2995499e-03
   3.4484899e-03   4.9422999e-04
  -3.0165399e-04  -1.8653699e-03
   5.4704198e-04  -6.3358898e-03
   5.8038998e-03  -8.1907898e-03
   1.1580900e-02  -4.6990499e-03
   1.3276700e-02   2.7264399e-03
   9.1104797e-03   9.5367797e-03
   1.5254100e-03   1.1442800e-02
  -4.5986999e-03   7.6249198e-03
  -5.5683598e-03   1.3314200e-03
  -1.5955700e-03  -2.5822899e-03
   3.4356699e-03  -1.3048500e-03
   4.9663399e-03   3.8489299e-03
   1.2464400e-03   8.4904798e-03
  -5.3303399e-03   8.5342098e-03
  -1.0042900e-02   3.3343399e-03
  -9.4250997e-03  -3.7927199e-03
  -3.8978699e-03  -8.0496398e-03
   2.5393199e-03  -6.7590198e-03
   5.3172399e-03  -1.3583500e-03
   2.7254099e-03   3.7144999e-03
  -2.8314699e-03   4.3936899e-03
  -6.6908698e-03   5.9833798e-05
  -5.4885798e-03  -6.0057498e-03
   2.8080399e-04  -9.1210697e-03
   6.6318198e-03  -6.7570398e-03
   9.0966697e-03  -4.5391699e-04
   6.0909898e-03   5.3437498e-03
   9.0281797e-05   6.6427998e-03
  -4.2654099e-03   2.9034799e-03
  -3.6957999e-03  -2.5815599e-03
   1.2370200e-03  -5.2098399e-03
   6.5626498e-03  -2.5768899e-03
   7.9167998e-03   3.6864399e-03
   3.8503599e-03   9.1320797e-03
  -3.0690299e-03   9.8391197e-03
  -8.1878698e-03   5.3512398e-03
  -8.2609198e-03  -1.0102700e-03
  -3.8621399e-03  -4.6835799e-03
   1.1051800e-03  -3.3237499e-03
   2.4173499e-03   1.4387500e-03
  -1.2282400e-03   5.2641798e-03
  -7.1944598e-03   4.4280599e-03
  -1.0876100e-02  -1.3168300e-03
  -9.1658197e-03  -8.5053698e-03
  -2.7924699e-03  -1.2524800e-02
   4.2296599e-03  -1.1035700e-02
   7.6140598e-03  -5.6648598e-03
   5.9915598e-03  -7.0197798e-04
   1.8659199e-03   1.9973599e-04
  -3.7649799e-04  -3.1876699e-03
   2.1164299e-03  -7.5001498e-03
   8.4137198e-03  -8.3576998e-03
   1.4424600e-02  -3.7279099e-03
   1.5921800e-02   4.4697699e-03
   1.1677900e-02   1.1729800e-02
   4.3516299e-03   1.4260200e-02
  -1.5366400e-03   1.1721700e-02
  -2.9949299e-03   7.3477598e-03
  -7.4885498e-04   5.3699698e-03
   1.4198100e-03   7.7165898e-03
  -3.2920399e-04   1.2489900e-02
  -6.8422798e-03   1.5376500e-02
  -1.5182800e-02   1.2920800e-02
  -2.0706299e-02   5.1825098e-03
  -2.0433399e-02  -4.2289599e-03
  -1.5178700e-02  -1.0765200e-02
  -8.8395097e-03  -1.2219800e-02
  -5.4007998e-03  -1.0205600e-02
  -5.9324998e-03  -8.7312597e-03
  -7.8528698e-03  -1.0973600e-02
  -7.0055798e-03  -1.6708600e-02
  -9.6578397e-04  -2.2353499e-02
   8.9375897e-03  -2.3591999e-02
   1.8420799e-02  -1.8599699e-02
   2.3267299e-02  -9.4337297e-03
   2.2296899e-02  -5.4396598e-04
   1.8053599e-02   4.4628299e-03
   1.4714600e-02   5.3606198e-03
   1.4822500e-02   5.2385898e-03
   1.7326599e-02   7.9046398e-03
   1.8413299e-02   1.4746300e-02
   1.4492300e-02   2.3442699e-02
   5.0682498e-03   2.9512799e-02
  -6.6819598e-03   2.9538999e-02
  -1.6067900e-02   2.3635399e-02
  -2.0157599e-02   1.5307400e-02
  -1.9703399e-02   8.8234897e-03
  -1.8290999e-02   6.0920898e-03
  -1.9381999e-02   5.4026498e-03
  -2.3512499e-02   2.9655799e-03
  -2.7777599e-02  -3.9370699e-03
  -2.7996599e-02  -1.4596300e-02
  -2.1916299e-02  -2.5115199e-02
  -1.1027400e-02  -3.1075899e-02
   3.8218199e-04  -3.0629899e-02
   8.2256597e-03  -2.5693599e-02
   1.1409000e-02  -2.0364999e-02
   1.2327500e-02  -1.7776699e-02
   1.4720500e-02  -1.7775199e-02
   2.0537499e-02  -1.7174999e-02
   2.8210099e-02  -1.2379800e-02
   3.3649799e-02  -2.3687299e-03
   3.3224599e-02   1.0231100e-02
   2.6465299e-02   2.0810699e-02
   1.6459999e-02   2.5939199e-02
   7.6427298e-03   2.5647799e-02
   2.6469199e-03   2.3133599e-02
   5.9121598e-04   2.2135199e-02
  -1.9297799e-03   2.3984499e-02
  -7.9295298e-03   2.6574299e-02
  -1.7422699e-02   2.6016799e-02
  -2.7120599e-02   1.9728099e-02
  -3.2673299e-02   8.5902497e-03
  -3.1772499e-02  -3.4555499e-03
  -2.5779699e-02  -1.2089300e-02
  -1.8659199e-02  -1.5554000e-02
  -1.4033100e-02  -1.5657500e-02
  -1.2584700e-02  -1.6104799e-02
  -1.1761400e-02  -1.9451399e-02
  -7.9787597e-03  -2.5000199e-02
   3.6905899e-04  -2.9241799e-02
   1.1392600e-02  -2.8501799e-02
   2.0848799e-02  -2.1786299e-02
   2.5090899e-02  -1.1666100e-02
   2.3608099e-02  -2.5258299e-03
   1.9251299e-02   2.5068099e-03
   1.5989399e-02   3.6454399e-03
   1.5904299e-02   3.9905699e-03
   1.7697099e-02   6.9093198e-03
   1.7820599e-02   1.3256200e-02
   1.3362700e-02   2.0553099e-02
   4.4764499e-03   2.4753199e-02
  -5.4963398e-03   2.3254899e-02
  -1.2315200e-02   1.6882299e-02
  -1.3823500e-02   9.3344597e-03
  -1.1383400e-02   4.5182899e-03
  -8.6956097e-03   3.7741599e-03
  -8.9131397e-03   5.0764598e-03
  -1.2240200e-02   4.7892498e-03
  -1.5828499e-02   6.2372098e-04
  -1.6034699e-02  -6.4585798e-03
  -1.1314500e-02  -1.2845900e-02
  -3.5489699e-03  -1.4927900e-02
   3.2121199e-03  -1.1791200e-02
   5.6463698e-03  -5.9219398e-03
   3.5162599e-03  -1.3841700e-03
  -2.8028599e-04  -8.5038497e-04
  -1.9874499e-03  -3.7209099e-03
   1.3748700e-04  -6.7354498e-03
   4.5329999e-03  -6.5912198e-03
   7.5892098e-03  -2.5669399e-03
   6.4848698e-03   2.8442199e-03
   1.4434100e-03   5.7746298e-03
  -4.3099799e-03   3.9016899e-03
  -6.8660498e-03  -1.7632299e-03
  -4.4790899e-03  -7.5694698e-03
   1.1973200e-03  -9.8805497e-03
   6.4057398e-03  -7.6862197e-03
   8.1185097e-03  -3.2127399e-03
   6.2610198e-03  -9.2387997e-05
   3.6497699e-03  -4.9943998e-04
   3.7077199e-03  -3.4355999e-03
   7.7044897e-03  -5.4684998e-03
   1.3625400e-02  -3.3639199e-03
   1.7536799e-02   3.3827999e-03
   1.6425799e-02   1.2033700e-02
   1.0378400e-02   1.8503899e-02
   2.4639899e-03   2.0239899e-02
  -3.5690099e-03   1.7916699e-02
  -6.0356598e-03   1.4696900e-02
  -6.4212798e-03   1.3637500e-02
  -8.0301897e-03   1.5232299e-02
  -1.3219800e-02   1.6963899e-02
  -2.1334899e-02   1.5209099e-02
  -2.8924099e-02   8.0581697e-03
  -3.2091499e-02  -3.0886799e-03
  -2.9222299e-02  -1.4356200e-02
  -2.2041899e-02  -2.2035699e-02
  -1.4229700e-02  -2.5049699e-02
  -8.6548497e-03  -2.5400399e-02
  -5.3332298e-03  -2.6297099e-02
  -1.6440399e-03  -2.9411599e-02
   5.3751998e-03  -3.3369099e-02
   1.6415599e-02  -3.4631099e-02
   2.8967199e-02  -3.0116399e-02
   3.8798899e-02  -1.9580799e-02
   4.2753599e-02  -5.9604498e-03
   4.0771299e-02   6.5804898e-03
   3.5644499e-02   1.5430899e-02
   3.0719699e-02   2.1058499e-02
   2.7309899e-02   2.6160999e-02
   2.3783599e-02   3.3124799e-02
   1.7014699e-02   4.1754299e-02
   5.0799898e-03   4.9022898e-02
  -1.0858000e-02   5.1058798e-02
  -2.6931099e-02   4.5884298e-02
  -3.8947599e-02   3.4852999e-02
  -4.5006898e-02   2.1710399e-02
  -4.6408798e-02   9.9953097e-03
  -4.6212898e-02   7.3891197e-04
  -4.6579998e-02  -7.8214897e-03
  -4.6935498e-02  -1.8334899e-02
  -4.4361098e-02  -3.1721999e-02
  -3.5917999e-02  -4.5874598e-02
  -2.1137399e-02  -5.6690798e-02
  -2.7784599e-03  -6.0697298e-02
   1.4737999e-02  -5.7306898e-02
   2.8063199e-02  -4.9034198e-02
   3.6792099e-02  -3.9531299e-02
   4.3104298e-02  -3.0942699e-02
   4.9500098e-02  -2.2577299e-02
   5.6390998e-02  -1.1880400e-02
   6.1405198e-02   3.0646599e-03
   6.0957498e-02   2.1437399e-02
   5.2907298e-02   3.9614199e-02
   3.8298599e-02   5.3225598e-02
   2.0863299e-02   5.9823098e-02
   4.6513698e-03   6.0180998e-02
  -8.4436497e-03   5.7292798e-02
  -1.9431799e-02   5.3856998e-02
  -3.0732699e-02   5.0177398e-02
  -4.3625798e-02   4.4068798e-02
  -5.6625998e-02   3.2826799e-02
  -6.6054298e-02   1.5746399e-02
  -6.8405898e-02  -4.7498298e-03
  -6.2747198e-02  -2.4260699e-02
  -5.1348998e-02  -3.9005499e-02
  -3.8086599e-02  -4.7952598e-02
  -2.5815299e-02  -5.2919398e-02
  -1.4689199e-02  -5.6620398e-02
  -2.6574399e-03  -6.0185098e-02
   1.2283600e-02  -6.2052098e-02
   2.9839299e-02  -5.9089498e-02
   4.6918698e-02  -4.9091398e-02
   5.9309898e-02  -3.2749699e-02
   6.4301098e-02  -1.3589700e-02
   6.2300098e-02   4.1067899e-03
   5.6259798e-02   1.7857099e-02
   4.9366498e-02   2.8124099e-02
   4.2748198e-02   3.7241499e-02
   3.4925599e-02   4.6985798e-02
   2.3393599e-02   5.6678998e-02
   7.0985497e-03   6.3292198e-02
  -1.2106200e-02   6.3491798e-02
  -3.0169699e-02   5.6089898e-02
  -4.3222098e-02   4.3047898e-02
  -4.9867298e-02   2.8268099e-02
  -5.1696398e-02   1.5071899e-02
  -5.1676398e-02   4.2437598e-03
  -5.1661298e-02  -5.9217898e-03
  -5.0926598e-02  -1.7656999e-02
  -4.6830098e-02  -3.1377099e-02
  -3.7085099e-02  -4.4774398e-02
  -2.1897199e-02  -5.4069498e-02
  -4.3212298e-03  -5.6499998e-02
   1.1467100e-02  -5.2182198e-02
   2.2710999e-02  -4.3952598e-02
   2.9545899e-02  -3.5314999e-02
   3.4336399e-02  -2.8040199e-02
   3.9420599e-02  -2.1212199e-02
   4.5002398e-02  -1.2408500e-02
   4.8803298e-02  -7.8605797e-05
   4.7741698e-02   1.4720399e-02
   4.0361999e-02   2.8581399e-02
   2.8162199e-02   3.7834799e-02
   1.4799399e-02   4.0913298e-02
   3.7514299e-03   3.9231199e-02
  -3.8252799e-03   3.5934499e-02
  -9.4591196e-03   3.3479599e-02
  -1.5714399e-02   3.1872899e-02
  -2.3816299e-02   2.8887099e-02
  -3.2376499e-02   2.2065399e-02
  -3.8199399e-02   1.0964500e-02
  -3.8567599e-02  -2.0899799e-03
  -3.3275999e-02  -1.3334600e-02
  -2.4874899e-02  -2.0004699e-02
  -1.6928699e-02  -2.2059399e-02
  -1.1595400e-02  -2.1914599e-02
  -8.3335797e-03  -2.2411899e-02
  -4.6832798e-03  -2.4570599e-02
   1.5038199e-03  -2.6827099e-02
   1.0103500e-02  -2.6323399e-02
   1.8532199e-02  -2.1252899e-02
   2.3488399e-02  -1.2465400e-02
   2.3311799e-02  -3.0995699e-03
   1.9179599e-02   3.4990299e-03
   1.4237299e-02   6.0182298e-03
   1.1318900e-02   5.9057598e-03
   1.0971700e-02   6.0557598e-03
   1.1259300e-02   8.4682097e-03
   9.4656996e-03   1.2661300e-02
   4.3860498e-03   1.6036199e-02
  -2.5517599e-03   1.5907099e-02
  -8.1945497e-03   1.1646100e-02
  -9.9220096e-03   5.3067898e-03
  -7.5516297e-03   2.4164099e-04
  -3.4537199e-03  -1.2526000e-03
  -7.9222497e-04   5.0339898e-04
  -1.2192300e-03   2.9654299e-03
  -3.7559099e-03   3.3989199e-03
  -5.6872798e-03   1.0008100e-03
  -4.7712498e-03  -2.4972799e-03
  -1.0713600e-03  -4.1938198e-03
   2.9862199e-03  -2.3049399e-03
   4.3806598e-03   2.3689199e-03
   1.7545999e-03   6.9175897e-03
  -3.5434699e-03   8.3878297e-03
  -8.4189297e-03   5.8902298e-03
  -1.0267600e-02   1.1675700e-03
  -8.8051397e-03  -2.7885399e-03
  -6.1208198e-03  -4.0127898e-03
  -4.9371398e-03  -3.0068499e-03
  -6.4124298e-03  -2.2605099e-03
  -9.1647296e-03  -4.2281998e-03
  -1.0263800e-02  -9.3064296e-03
  -7.4435497e-03  -1.5356099e-02
  -8.6312197e-04  -1.9142699e-02
   6.9154597e-03  -1.8616399e-02
   1.2715700e-02  -1.4323199e-02
   1.4954499e-02  -8.8956897e-03
   1.4614399e-02  -5.0273398e-03
   1.4265099e-02  -3.4708899e-03
   1.5900899e-02  -2.5767999e-03
   1.9250699e-02   2.8979099e-04
   2.1854199e-02   6.5403997e-03
   2.0855699e-02   1.5050199e-02
   1.5161399e-02   2.2748699e-02
   6.3338598e-03   2.6682599e-02
  -2.4526299e-03   2.6006399e-02
  -8.6066997e-03   2.2417499e-02
  -1.1815400e-02   1.8727599e-02
  -1.3978099e-02   1.6670299e-02
  -1.7455399e-02   1.5612699e-02
  -2.2985199e-02   1.3143999e-02
  -2.8865499e-02   7.0853497e-03
  -3.2038599e-02  -2.6137299e-03
  -3.0268699e-02  -1.3542099e-02
  -2.3774699e-02  -2.2325399e-02
  -1.5092999e-02  -2.6839499e-02
  -7.2780497e-03  -2.7489899e-02
  -1.8010199e-03  -2.6614199e-02
   2.2780899e-03  -2.6488799e-02
   7.2604497e-03  -2.7467699e-02
   1.4703799e-02  -2.7671699e-02
   2.3882599e-02  -2.4464499e-02
   3.2002099e-02  -1.6590899e-02
   3.6022799e-02  -5.3513298e-03
   3.4732799e-02   6.0893698e-03
   2.9517899e-02   1.4748599e-02
   2.3260699e-02   1.9702399e-02
   1.8212899e-02   2.2398299e-02
   1.4448299e-02   2.5200999e-02
   1.0055300e-02   2.9299699e-02
   2.9008399e-03   3.3583599e-02
  -7.3936497e-03   3.5348999e-02
  -1.8784699e-02   3.2307699e-02
  -2.7974799e-02   2.4376799e-02
  -3.2554099e-02   1.3893799e-02
  -3.2517699e-02   4.0878498e-03
  -3.0034599e-02  -3.0489499e-03
  -2.7663699e-02  -7.9001197e-03
  -2.6379899e-02  -1.2541599e-02
  -2.4905699e-02  -1.8785299e-02
  -2.0843699e-02  -2.6459499e-02
  -1.2737699e-02  -3.3248999e-02
  -1.4824299e-03  -3.6231399e-02
   1.0004500e-02  -3.3956899e-02
   1.8618499e-02  -2.7505399e-02
   2.3046399e-02  -1.9725999e-02
   2.4415599e-02  -1.3233899e-02
   2.5151199e-02  -8.6712496e-03
   2.6927599e-02  -4.5278298e-03
   2.9281299e-02   1.3688299e-03
   2.9937699e-02   9.8504696e-03
   2.6599799e-02   1.9433199e-02
   1.8835299e-02   2.7128599e-02
   8.6233196e-03   3.0442899e-02
  -8.6697096e-04   2.9066699e-02
  -7.3561797e-03   2.4988599e-02
  -1.0842000e-02   2.0959899e-02
  -1.3270099e-02   1.8472899e-02
  -1.6764399e-02   1.6778799e-02
  -2.1779899e-02   1.3670599e-02
  -2.6588499e-02   7.4171997e-03
  -2.8493599e-02  -1.6360699e-03
  -2.5853099e-02  -1.1032500e-02
  -1.9378099e-02  -1.7776499e-02
  -1.1719200e-02  -2.0339299e-02
  -5.6477698e-03  -1.9597999e-02
  -2.1960399e-03  -1.8012999e-02
  -1.4291299e-04  -1.7679899e-02
